32730,31571,32827,33199,32977,32914,36314,29864,34196,33080,36626,30442,31362,29820,29152,30282,32309,29904,31376
32733,31972,32634,33047,32590,32914,36314,29864,34196,33080,36626,30442,31362,29820,29152,30282,32309,29904,31376
32736,32353,32815,32470,32616,32914,36314,29864,34196,33080,36626,30442,31362,29820,29152,30282,32309,29904,31376
32775,32566,32686,32932,32878,32914,36314,29864,34196,33080,36626,30442,31362,29820,29152,30282,32309,29904,31376
32839,32679,32931,33127,32725,32914,36314,29864,34196,33080,36626,30442,31362,29820,29152,30282,32309,29904,31376
32911,33191,32754,33603,32543,32914,36314,29864,34196,33080,36626,30442,31362,29820,29152,30282,32309,29904,31376
32854,34433,32892,33446,32633,32914,36314,29864,34196,33080,36626,30442,31362,29820,29152,30282,32309,29904,31376
32848,35963,32737,33383,32854,32914,36314,29864,34196,33080,36626,30442,31362,29820,29152,30282,32309,29904,31376
32928,37069,32805,33349,32645,32914,36314,29864,34196,33080,36626,30442,31362,29820,29152,30282,32309,29904,31376
32907,35990,32794,33213,32527,32914,36314,29864,34196,33080,36626,30442,31362,29820,29152,30282,32309,29904,31376
32763,33028,32654,33108,32795,32907,36368,29885,34322,33076,36676,30552,31364,29707,29329,30336,30852,29436,28852
32797,31879,32799,33273,32931,32907,36368,29885,34322,33076,36676,30552,31364,29707,29329,30336,30852,29436,28852
32676,32307,32671,33353,32907,32907,36368,29885,34322,33076,36676,30552,31364,29707,29329,30336,30852,29436,28852
32758,33054,32746,33114,32925,32907,36368,29885,34322,33076,36676,30552,31364,29707,29329,30336,30852,29436,28852
32680,32969,32615,32871,33083,32907,36368,29885,34322,33076,36676,30552,31364,29707,29329,30336,30852,29436,28852
32728,32582,32696,32914,32717,32907,36368,29885,34322,33076,36676,30552,31364,29707,29329,30336,30852,29436,28852
32677,31690,32763,32857,32466,32907,36368,29885,34322,33076,36676,30552,31364,29707,29329,30336,30852,29436,28852
32742,31196,32669,33113,32727,32907,36368,29885,34322,33076,36676,30552,31364,29707,29329,30336,30852,29436,28852
32725,31133,32897,32883,32559,32907,36368,29885,34322,33076,36676,30552,31364,29707,29329,30336,30852,29436,28852
32752,31253,32812,32982,32455,32907,36368,29885,34322,33076,36676,30552,31364,29707,29329,30336,30852,29436,28852
32759,30993,32729,33604,32274,32864,36352,29928,34352,33045,36660,30547,31250,29817,29351,30349,32285,29404,31476
32739,30864,32783,33089,32490,32864,36352,29928,34352,33045,36660,30547,31250,29817,29351,30349,32285,29404,31476
32710,30948,32628,32991,32391,32864,36352,29928,34352,33045,36660,30547,31250,29817,29351,30349,32285,29404,31476
32838,32199,32978,32758,32507,32864,36352,29928,34352,33045,36660,30547,31250,29817,29351,30349,32285,29404,31476
32809,34254,32837,32655,32823,32864,36352,29928,34352,33045,36660,30547,31250,29817,29351,30349,32285,29404,31476
32828,34795,32839,33501,33126,32864,36352,29928,34352,33045,36660,30547,31250,29817,29351,30349,32285,29404,31476
32793,32525,32775,33639,33206,32864,36352,29928,34352,33045,36660,30547,31250,29817,29351,30349,32285,29404,31476
32766,31911,32581,33285,33114,32864,36352,29928,34352,33045,36660,30547,31250,29817,29351,30349,32285,29404,31476
32782,33229,32639,33179,33001,32864,36352,29928,34352,33045,36660,30547,31250,29817,29351,30349,32285,29404,31476
32761,34295,32916,33203,32926,32864,36352,29928,34352,33045,36660,30547,31250,29817,29351,30349,32285,29404,31476
32811,35035,32833,33208,32909,32840,36358,29936,34164,33036,36665,30536,31240,30071,29280,30537,32509,27896,30092
32824,34875,32775,33191,32699,32840,36358,29936,34164,33036,36665,30536,31240,30071,29280,30537,32509,27896,30092
32757,34003,32982,33248,32986,32840,36358,29936,34164,33036,36665,30536,31240,30071,29280,30537,32509,27896,30092
32741,34029,32683,33081,32937,32840,36358,29936,34164,33036,36665,30536,31240,30071,29280,30537,32509,27896,30092
32693,33411,32586,33058,32733,32840,36358,29936,34164,33036,36665,30536,31240,30071,29280,30537,32509,27896,30092
32794,32593,32823,32977,32997,32840,36358,29936,34164,33036,36665,30536,31240,30071,29280,30537,32509,27896,30092
32843,32629,32869,32903,33026,32840,36358,29936,34164,33036,36665,30536,31240,30071,29280,30537,32509,27896,30092
32922,32655,33095,33234,33091,32840,36358,29936,34164,33036,36665,30536,31240,30071,29280,30537,32509,27896,30092
32919,32567,33035,33417,32885,32840,36358,29936,34164,33036,36665,30536,31240,30071,29280,30537,32509,27896,30092
32903,32354,32775,33146,32977,32840,36358,29936,34164,33036,36665,30536,31240,30071,29280,30537,32509,27896,30092
32914,32025,32854,33319,32901,32825,36426,29950,34368,33050,36708,30586,31364,30522,29189,30880,30081,27794,30822
32852,31938,32743,33333,32943,32825,36426,29950,34368,33050,36708,30586,31364,30522,29189,30880,30081,27794,30822
32793,31809,32535,33147,32751,32825,36426,29950,34368,33050,36708,30586,31364,30522,29189,30880,30081,27794,30822
32793,31871,32803,33454,32839,32825,36426,29950,34368,33050,36708,30586,31364,30522,29189,30880,30081,27794,30822
32768,31687,32647,33042,32439,32825,36426,29950,34368,33050,36708,30586,31364,30522,29189,30880,30081,27794,30822
32766,32031,32869,33383,32255,32825,36426,29950,34368,33050,36708,30586,31364,30522,29189,30880,30081,27794,30822
32836,32615,32754,32953,32553,32825,36426,29950,34368,33050,36708,30586,31364,30522,29189,30880,30081,27794,30822
32871,32987,33003,33426,32549,32825,36426,29950,34368,33050,36708,30586,31364,30522,29189,30880,30081,27794,30822
32728,33001,32893,33142,32537,32825,36426,29950,34368,33050,36708,30586,31364,30522,29189,30880,30081,27794,30822
32762,32850,32971,32987,32583,32825,36426,29950,34368,33050,36708,30586,31364,30522,29189,30880,30081,27794,30822
32783,32629,32852,33122,32885,32786,36496,29992,34348,33013,36760,30573,31238,30776,29383,31105,31984,27559,29332
32764,32555,32415,32843,33131,32786,36496,29992,34348,33013,36760,30573,31238,30776,29383,31105,31984,27559,29332
32751,32687,32575,33001,33392,32786,36496,29992,34348,33013,36760,30573,31238,30776,29383,31105,31984,27559,29332
32738,32857,32662,33095,32535,32786,36496,29992,34348,33013,36760,30573,31238,30776,29383,31105,31984,27559,29332
32736,32843,32570,32960,33007,32786,36496,29992,34348,33013,36760,30573,31238,30776,29383,31105,31984,27559,29332
32698,32755,32715,33195,33119,32786,36496,29992,34348,33013,36760,30573,31238,30776,29383,31105,31984,27559,29332
32725,32577,32567,32979,32976,32786,36496,29992,34348,33013,36760,30573,31238,30776,29383,31105,31984,27559,29332
32660,32307,32770,33305,32995,32786,36496,29992,34348,33013,36760,30573,31238,30776,29383,31105,31984,27559,29332
32695,32045,32807,33343,33329,32786,36496,29992,34348,33013,36760,30573,31238,30776,29383,31105,31984,27559,29332
32744,32355,32731,33383,32463,32786,36496,29992,34348,33013,36760,30573,31238,30776,29383,31105,31984,27559,29332
32736,32582,32873,33031,32818,32748,36436,30106,34184,32980,36724,30574,31188,30617,29336,31128,29828,27301,29256
32707,32523,32663,32795,32565,32748,36436,30106,34184,32980,36724,30574,31188,30617,29336,31128,29828,27301,29256
32760,32965,32826,33191,32819,32748,36436,30106,34184,32980,36724,30574,31188,30617,29336,31128,29828,27301,29256
32770,33149,32722,33015,33093,32748,36436,30106,34184,32980,36724,30574,31188,30617,29336,31128,29828,27301,29256
32676,33111,32711,33047,32485,32748,36436,30106,34184,32980,36724,30574,31188,30617,29336,31128,29828,27301,29256
32721,33185,32843,33101,32600,32748,36436,30106,34184,32980,36724,30574,31188,30617,29336,31128,29828,27301,29256
32775,33043,32603,32949,32263,32748,36436,30106,34184,32980,36724,30574,31188,30617,29336,31128,29828,27301,29256
32741,32903,32715,33228,32507,32748,36436,30106,34184,32980,36724,30574,31188,30617,29336,31128,29828,27301,29256
32749,32815,32735,33219,32813,32748,36436,30106,34184,32980,36724,30574,31188,30617,29336,31128,29828,27301,29256
32689,32903,32567,32949,32671,32748,36436,30106,34184,32980,36724,30574,31188,30617,29336,31128,29828,27301,29256
32756,32737,32774,33375,33247,32772,36352,30216,34164,32980,36668,30610,31212,30341,29523,31010,30854,30100,31192
32737,32351,32726,33075,32703,32772,36352,30216,34164,32980,36668,30610,31212,30341,29523,31010,30854,30100,31192
32751,32391,32461,32959,32771,32772,36352,30216,34164,32980,36668,30610,31212,30341,29523,31010,30854,30100,31192
32680,32579,32543,33101,32830,32772,36352,30216,34164,32980,36668,30610,31212,30341,29523,31010,30854,30100,31192
32677,32503,32323,32615,32605,32772,36352,30216,34164,32980,36668,30610,31212,30341,29523,31010,30854,30100,31192
32655,32725,32527,33116,32701,32772,36352,30216,34164,32980,36668,30610,31212,30341,29523,31010,30854,30100,31192
32692,32815,32862,33083,32715,32772,36352,30216,34164,32980,36668,30610,31212,30341,29523,31010,30854,30100,31192
32764,32943,33037,33172,32325,32772,36352,30216,34164,32980,36668,30610,31212,30341,29523,31010,30854,30100,31192
32782,32835,32787,33192,32523,32772,36352,30216,34164,32980,36668,30610,31212,30341,29523,31010,30854,30100,31192
32818,32443,32790,33341,32623,32772,36352,30216,34164,32980,36668,30610,31212,30341,29523,31010,30854,30100,31192
32837,31751,32891,33014,32710,32778,36272,30196,34168,33024,36748,30624,31306,30112,29525,31104,28412,30660,28356
32914,31581,32647,32967,32363,32778,36272,30196,34168,33024,36748,30624,31306,30112,29525,31104,28412,30660,28356
32976,32279,32634,33335,32273,32778,36272,30196,34168,33024,36748,30624,31306,30112,29525,31104,28412,30660,28356
32878,33614,32875,33229,32863,32778,36272,30196,34168,33024,36748,30624,31306,30112,29525,31104,28412,30660,28356
32830,34429,32845,33257,32743,32778,36272,30196,34168,33024,36748,30624,31306,30112,29525,31104,28412,30660,28356
32768,33971,32991,33335,33122,32778,36272,30196,34168,33024,36748,30624,31306,30112,29525,31104,28412,30660,28356
32845,33764,33047,33078,32502,32778,36272,30196,34168,33024,36748,30624,31306,30112,29525,31104,28412,30660,28356
32856,33737,32761,33362,32973,32778,36272,30196,34168,33024,36748,30624,31306,30112,29525,31104,28412,30660,28356
32766,33087,32856,33237,32510,32778,36272,30196,34168,33024,36748,30624,31306,30112,29525,31104,28412,30660,28356
32823,32495,32775,33063,32903,32778,36272,30196,34168,33024,36748,30624,31306,30112,29525,31104,28412,30660,28356
32768,32522,32563,33235,33415,32848,36153,30096,34134,32912,36650,30476,31168,29996,29426,31004,27964,27940,26156
32745,31683,32787,33090,32621,32848,36153,30096,34134,32912,36650,30476,31168,29996,29426,31004,27964,27940,26156
32783,30415,32610,33041,32890,32848,36153,30096,34134,32912,36650,30476,31168,29996,29426,31004,27964,27940,26156
32732,30311,32621,33298,33019,32848,36153,30096,34134,32912,36650,30476,31168,29996,29426,31004,27964,27940,26156
32711,31330,32821,33207,33581,32848,36153,30096,34134,32912,36650,30476,31168,29996,29426,31004,27964,27940,26156
32716,30951,32591,33257,33441,32848,36153,30096,34134,32912,36650,30476,31168,29996,29426,31004,27964,27940,26156
32659,30375,32843,32947,33691,32848,36153,30096,34134,32912,36650,30476,31168,29996,29426,31004,27964,27940,26156
32635,31515,32686,33159,33159,32848,36153,30096,34134,32912,36650,30476,31168,29996,29426,31004,27964,27940,26156
32625,32662,32690,32981,33343,32848,36153,30096,34134,32912,36650,30476,31168,29996,29426,31004,27964,27940,26156
32644,32711,32824,33335,32697,32848,36153,30096,34134,32912,36650,30476,31168,29996,29426,31004,27964,27940,26156
32615,33287,32669,33231,32981,32848,36196,29936,34250,33016,36546,30449,31128,30128,29236,30855,27656,28485,26253
32669,34679,32796,33340,32553,32848,36196,29936,34250,33016,36546,30449,31128,30128,29236,30855,27656,28485,26253
32749,36508,32720,33133,32903,32848,36196,29936,34250,33016,36546,30449,31128,30128,29236,30855,27656,28485,26253
32723,37988,32643,32946,32179,32848,36196,29936,34250,33016,36546,30449,31128,30128,29236,30855,27656,28485,26253
32666,37463,32692,33084,33014,32848,36196,29936,34250,33016,36546,30449,31128,30128,29236,30855,27656,28485,26253
32746,36056,32755,33301,32476,32848,36196,29936,34250,33016,36546,30449,31128,30128,29236,30855,27656,28485,26253
32670,34243,32693,33050,32345,32848,36196,29936,34250,33016,36546,30449,31128,30128,29236,30855,27656,28485,26253
32741,32567,32847,33277,32612,32848,36196,29936,34250,33016,36546,30449,31128,30128,29236,30855,27656,28485,26253
32723,31555,32655,32994,32413,32848,36196,29936,34250,33016,36546,30449,31128,30128,29236,30855,27656,28485,26253
32694,31507,32839,33343,32196,32848,36196,29936,34250,33016,36546,30449,31128,30128,29236,30855,27656,28485,26253
32695,31342,32901,33307,31919,32856,36100,29804,34204,33160,36675,30424,31126,30132,29048,30184,29288,31020,25260
32694,31379,32751,33190,32543,32856,36100,29804,34204,33160,36675,30424,31126,30132,29048,30184,29288,31020,25260
32637,31535,32955,33287,32709,32856,36100,29804,34204,33160,36675,30424,31126,30132,29048,30184,29288,31020,25260
32683,32038,32758,33058,33015,32856,36100,29804,34204,33160,36675,30424,31126,30132,29048,30184,29288,31020,25260
32722,32351,32786,33152,32967,32856,36100,29804,34204,33160,36675,30424,31126,30132,29048,30184,29288,31020,25260
32724,33058,32869,33178,32997,32856,36100,29804,34204,33160,36675,30424,31126,30132,29048,30184,29288,31020,25260
32751,33413,32684,32885,32826,32856,36100,29804,34204,33160,36675,30424,31126,30132,29048,30184,29288,31020,25260
32766,33203,32818,33021,32655,32856,36100,29804,34204,33160,36675,30424,31126,30132,29048,30184,29288,31020,25260
32700,32711,32821,32933,32891,32856,36100,29804,34204,33160,36675,30424,31126,30132,29048,30184,29288,31020,25260
32695,32374,32719,32995,32907,32856,36100,29804,34204,33160,36675,30424,31126,30132,29048,30184,29288,31020,25260
32725,32251,32775,33154,33095,32914,36000,29872,34280,33096,36504,30348,31195,29900,28916,29556,27604,31592,23287
32706,32309,32554,32894,33247,32914,36000,29872,34280,33096,36504,30348,31195,29900,28916,29556,27604,31592,23287
32678,32361,32303,33163,33305,32914,36000,29872,34280,33096,36504,30348,31195,29900,28916,29556,27604,31592,23287
32669,32425,32543,32959,32976,32914,36000,29872,34280,33096,36504,30348,31195,29900,28916,29556,27604,31592,23287
32754,32263,32661,32957,33353,32914,36000,29872,34280,33096,36504,30348,31195,29900,28916,29556,27604,31592,23287
32848,32327,33218,33302,33374,32914,36000,29872,34280,33096,36504,30348,31195,29900,28916,29556,27604,31592,23287
32999,32631,33399,33138,33267,32914,36000,29872,34280,33096,36504,30348,31195,29900,28916,29556,27604,31592,23287
33052,32565,33009,33374,33376,32914,36000,29872,34280,33096,36504,30348,31195,29900,28916,29556,27604,31592,23287
33037,32518,33005,33301,32578,32914,36000,29872,34280,33096,36504,30348,31195,29900,28916,29556,27604,31592,23287
33002,32820,32647,33144,32375,32914,36000,29872,34280,33096,36504,30348,31195,29900,28916,29556,27604,31592,23287
32944,32868,32408,33363,32221,32886,35762,30048,34204,32938,36552,30412,31205,29436,28680,29437,25724,30164,19864
32894,32551,32562,33094,32193,32886,35762,30048,34204,32938,36552,30412,31205,29436,28680,29437,25724,30164,19864
32893,32502,32539,33030,32711,32886,35762,30048,34204,32938,36552,30412,31205,29436,28680,29437,25724,30164,19864
32815,32583,32599,33149,32611,32886,35762,30048,34204,32938,36552,30412,31205,29436,28680,29437,25724,30164,19864
32802,32685,32955,33114,32797,32886,35762,30048,34204,32938,36552,30412,31205,29436,28680,29437,25724,30164,19864
32711,32799,33007,33017,32722,32886,35762,30048,34204,32938,36552,30412,31205,29436,28680,29437,25724,30164,19864
32674,32826,32653,33202,32635,32886,35762,30048,34204,32938,36552,30412,31205,29436,28680,29437,25724,30164,19864
32690,32751,32770,32948,32512,32886,35762,30048,34204,32938,36552,30412,31205,29436,28680,29437,25724,30164,19864
32690,32775,32611,33239,32802,32886,35762,30048,34204,32938,36552,30412,31205,29436,28680,29437,25724,30164,19864
32691,32522,32578,32962,32825,32886,35762,30048,34204,32938,36552,30412,31205,29436,28680,29437,25724,30164,19864
32652,32153,32754,32987,32825,32864,35706,30076,34162,32994,36412,30374,31155,28784,28421,29233,28638,30728,20804
32645,32084,32594,33191,32327,32864,35706,30076,34162,32994,36412,30374,31155,28784,28421,29233,28638,30728,20804
32647,32065,32839,32967,32639,32864,35706,30076,34162,32994,36412,30374,31155,28784,28421,29233,28638,30728,20804
32665,31984,32678,33221,32967,32864,35706,30076,34162,32994,36412,30374,31155,28784,28421,29233,28638,30728,20804
32685,31972,32886,33026,32850,32864,35706,30076,34162,32994,36412,30374,31155,28784,28421,29233,28638,30728,20804
32712,31935,32843,33175,32730,32864,35706,30076,34162,32994,36412,30374,31155,28784,28421,29233,28638,30728,20804
32654,32028,32754,33155,33087,32864,35706,30076,34162,32994,36412,30374,31155,28784,28421,29233,28638,30728,20804
32672,32009,32855,33138,32801,32864,35706,30076,34162,32994,36412,30374,31155,28784,28421,29233,28638,30728,20804
32722,32287,32847,33301,32690,32864,35706,30076,34162,32994,36412,30374,31155,28784,28421,29233,28638,30728,20804
32681,33457,32678,33051,32603,32864,35706,30076,34162,32994,36412,30374,31155,28784,28421,29233,28638,30728,20804
32750,34108,32895,33205,32642,32888,35796,30052,34196,32942,35914,30152,31216,28420,28504,28544,27652,28852,23060
32634,34605,32760,33132,33267,32888,35796,30052,34196,32942,35914,30152,31216,28420,28504,28544,27652,28852,23060
32785,34575,32675,32963,32822,32888,35796,30052,34196,32942,35914,30152,31216,28420,28504,28544,27652,28852,23060
32741,33908,32827,33299,33398,32888,35796,30052,34196,32942,35914,30152,31216,28420,28504,28544,27652,28852,23060
32789,33399,32783,33213,33012,32888,35796,30052,34196,32942,35914,30152,31216,28420,28504,28544,27652,28852,23060
32854,33471,32751,32740,33382,32888,35796,30052,34196,32942,35914,30152,31216,28420,28504,28544,27652,28852,23060
32806,33383,32920,32943,32722,32888,35796,30052,34196,32942,35914,30152,31216,28420,28504,28544,27652,28852,23060
32768,33270,32626,32847,32727,32888,35796,30052,34196,32942,35914,30152,31216,28420,28504,28544,27652,28852,23060
32762,32803,32799,33310,32453,32888,35796,30052,34196,32942,35914,30152,31216,28420,28504,28544,27652,28852,23060
32706,32343,32530,33478,32229,32888,35796,30052,34196,32942,35914,30152,31216,28420,28504,28544,27652,28852,23060
32723,32610,32735,33731,32499,33026,35920,29949,34200,33176,36092,29928,31098,28232,28312,27940,27560,28818,25740
32796,32514,32582,33269,32575,33026,35920,29949,34200,33176,36092,29928,31098,28232,28312,27940,27560,28818,25740
32738,32772,32654,33391,32626,33026,35920,29949,34200,33176,36092,29928,31098,28232,28312,27940,27560,28818,25740
32701,33467,32594,33316,33073,33026,35920,29949,34200,33176,36092,29928,31098,28232,28312,27940,27560,28818,25740
32759,33462,32614,33159,33018,33026,35920,29949,34200,33176,36092,29928,31098,28232,28312,27940,27560,28818,25740
32748,32703,32765,33419,32121,33026,35920,29949,34200,33176,36092,29928,31098,28232,28312,27940,27560,28818,25740
32727,32132,32631,33039,33115,33026,35920,29949,34200,33176,36092,29928,31098,28232,28312,27940,27560,28818,25740
32756,32387,32843,33243,33159,33026,35920,29949,34200,33176,36092,29928,31098,28232,28312,27940,27560,28818,25740
32806,32405,32703,32983,33166,33026,35920,29949,34200,33176,36092,29928,31098,28232,28312,27940,27560,28818,25740
32765,32412,32847,33159,33199,33026,35920,29949,34200,33176,36092,29928,31098,28232,28312,27940,27560,28818,25740
32869,32300,32583,33035,33423,33124,36014,29752,34008,33304,36368,29728,31176,28051,28108,27396,29328,31524,26200
32871,32053,32721,33237,32951,33124,36014,29752,34008,33304,36368,29728,31176,28051,28108,27396,29328,31524,26200
32887,31615,32517,32971,32564,33124,36014,29752,34008,33304,36368,29728,31176,28051,28108,27396,29328,31524,26200
32963,32391,32637,33095,32258,33124,36014,29752,34008,33304,36368,29728,31176,28051,28108,27396,29328,31524,26200
32905,33922,32669,33379,31997,33124,36014,29752,34008,33304,36368,29728,31176,28051,28108,27396,29328,31524,26200
32843,34685,32605,33073,32122,33124,36014,29752,34008,33304,36368,29728,31176,28051,28108,27396,29328,31524,26200
32802,34647,32818,33331,32495,33124,36014,29752,34008,33304,36368,29728,31176,28051,28108,27396,29328,31524,26200
32775,33867,32647,32948,32127,33124,36014,29752,34008,33304,36368,29728,31176,28051,28108,27396,29328,31524,26200
32725,33301,32856,33107,33441,33124,36014,29752,34008,33304,36368,29728,31176,28051,28108,27396,29328,31524,26200
32722,32692,32693,33055,33712,33124,36014,29752,34008,33304,36368,29728,31176,28051,28108,27396,29328,31524,26200
32809,32231,32893,33007,32802,33314,36088,29546,34224,33404,36424,29604,31061,28033,27796,27105,30994,30708,26050
32814,32146,32643,33218,33287,33314,36088,29546,34224,33404,36424,29604,31061,28033,27796,27105,30994,30708,26050
32782,32207,32867,32847,33020,33314,36088,29546,34224,33404,36424,29604,31061,28033,27796,27105,30994,30708,26050
32760,32361,32675,33172,32715,33314,36088,29546,34224,33404,36424,29604,31061,28033,27796,27105,30994,30708,26050
32759,32429,32907,33131,32957,33314,36088,29546,34224,33404,36424,29604,31061,28033,27796,27105,30994,30708,26050
32721,32437,32691,33165,33042,33314,36088,29546,34224,33404,36424,29604,31061,28033,27796,27105,30994,30708,26050
32720,32548,32899,33105,32743,33314,36088,29546,34224,33404,36424,29604,31061,28033,27796,27105,30994,30708,26050
32818,32443,32740,33110,33018,33314,36088,29546,34224,33404,36424,29604,31061,28033,27796,27105,30994,30708,26050
32805,32409,32885,33165,32656,33314,36088,29546,34224,33404,36424,29604,31061,28033,27796,27105,30994,30708,26050
32816,32215,32743,33106,32647,33314,36088,29546,34224,33404,36424,29604,31061,28033,27796,27105,30994,30708,26050
32798,32351,32852,33255,32608,33476,36018,29292,34124,33680,36504,29670,31208,27792,27744,26209,30969,28696,26078
32707,32514,32759,33169,32758,33476,36018,29292,34124,33680,36504,29670,31208,27792,27744,26209,30969,28696,26078
32726,32774,32879,33234,33083,33476,36018,29292,34124,33680,36504,29670,31208,27792,27744,26209,30969,28696,26078
32698,33107,32671,33386,32517,33476,36018,29292,34124,33680,36504,29670,31208,27792,27744,26209,30969,28696,26078
32770,33057,32743,32887,33019,33476,36018,29292,34124,33680,36504,29670,31208,27792,27744,26209,30969,28696,26078
32762,32873,32830,33014,33019,33476,36018,29292,34124,33680,36504,29670,31208,27792,27744,26209,30969,28696,26078
32809,32701,32803,33165,32983,33476,36018,29292,34124,33680,36504,29670,31208,27792,27744,26209,30969,28696,26078
32826,32459,32711,33346,32621,33476,36018,29292,34124,33680,36504,29670,31208,27792,27744,26209,30969,28696,26078
32862,32467,32920,33235,32722,33476,36018,29292,34124,33680,36504,29670,31208,27792,27744,26209,30969,28696,26078
32844,32609,32647,33554,32742,33476,36018,29292,34124,33680,36504,29670,31208,27792,27744,26209,30969,28696,26078
32824,32659,32751,33079,32447,33620,35958,29060,34192,33740,36568,29752,31224,27282,27748,25692,31238,28909,26130
32824,32661,32806,32515,32551,33620,35958,29060,34192,33740,36568,29752,31224,27282,27748,25692,31238,28909,26130
32775,32506,32663,32754,32299,33620,35958,29060,34192,33740,36568,29752,31224,27282,27748,25692,31238,28909,26130
32822,32901,32839,32659,32220,33620,35958,29060,34192,33740,36568,29752,31224,27282,27748,25692,31238,28909,26130
32714,33420,32711,33367,32525,33620,35958,29060,34192,33740,36568,29752,31224,27282,27748,25692,31238,28909,26130
32686,33391,32813,33401,32687,33620,35958,29060,34192,33740,36568,29752,31224,27282,27748,25692,31238,28909,26130
32676,33093,32755,33398,32706,33620,35958,29060,34192,33740,36568,29752,31224,27282,27748,25692,31238,28909,26130
32652,33047,32758,32999,33046,33620,35958,29060,34192,33740,36568,29752,31224,27282,27748,25692,31238,28909,26130
32727,32791,32694,33324,32830,33620,35958,29060,34192,33740,36568,29752,31224,27282,27748,25692,31238,28909,26130
32787,32290,32819,33013,32549,33620,35958,29060,34192,33740,36568,29752,31224,27282,27748,25692,31238,28909,26130
32814,32127,32658,33155,32685,33720,35824,29124,34105,33656,36571,29920,31129,26968,27484,25528,30548,30906,26786
32762,32435,32895,33069,32833,33720,35824,29124,34105,33656,36571,29920,31129,26968,27484,25528,30548,30906,26786
32781,32463,32627,33219,32871,33720,35824,29124,34105,33656,36571,29920,31129,26968,27484,25528,30548,30906,26786
32726,32615,32807,33059,32999,33720,35824,29124,34105,33656,36571,29920,31129,26968,27484,25528,30548,30906,26786
32741,32479,32605,33173,33115,33720,35824,29124,34105,33656,36571,29920,31129,26968,27484,25528,30548,30906,26786
32652,32695,32818,33156,33391,33720,35824,29124,34105,33656,36571,29920,31129,26968,27484,25528,30548,30906,26786
32679,33436,32686,33455,33134,33720,35824,29124,34105,33656,36571,29920,31129,26968,27484,25528,30548,30906,26786
32656,33929,32823,33458,33011,33720,35824,29124,34105,33656,36571,29920,31129,26968,27484,25528,30548,30906,26786
32712,33223,32647,33162,33215,33720,35824,29124,34105,33656,36571,29920,31129,26968,27484,25528,30548,30906,26786
32658,32890,32809,33423,32965,33720,35824,29124,34105,33656,36571,29920,31129,26968,27484,25528,30548,30906,26786
32749,33272,32699,33086,33055,33610,35796,29334,34008,33592,36528,30060,31322,26813,27505,25776,28548,28372,28291
32694,32995,32786,33279,33029,33610,35796,29334,34008,33592,36528,30060,31322,26813,27505,25776,28548,28372,28291
32744,32631,32721,33042,32701,33610,35796,29334,34008,33592,36528,30060,31322,26813,27505,25776,28548,28372,28291
32783,32423,32870,33209,32551,33610,35796,29334,34008,33592,36528,30060,31322,26813,27505,25776,28548,28372,28291
32736,32519,32639,33054,32699,33610,35796,29334,34008,33592,36528,30060,31322,26813,27505,25776,28548,28372,28291
32770,32527,32866,33135,32754,33610,35796,29334,34008,33592,36528,30060,31322,26813,27505,25776,28548,28372,28291
32818,32641,32653,32950,32647,33610,35796,29334,34008,33592,36528,30060,31322,26813,27505,25776,28548,28372,28291
32822,32663,32827,33193,32815,33610,35796,29334,34008,33592,36528,30060,31322,26813,27505,25776,28548,28372,28291
32821,32686,32703,32967,33015,33610,35796,29334,34008,33592,36528,30060,31322,26813,27505,25776,28548,28372,28291
32794,32759,32815,33225,32693,33610,35796,29334,34008,33592,36528,30060,31322,26813,27505,25776,28548,28372,28291
32764,32634,32758,32997,32453,33472,36022,29457,33968,33542,36566,30244,31324,26800,27680,25860,28228,30776,29531
32847,32364,32706,33090,32258,33472,36022,29457,33968,33542,36566,30244,31324,26800,27680,25860,28228,30776,29531
32800,32291,32743,33215,32415,33472,36022,29457,33968,33542,36566,30244,31324,26800,27680,25860,28228,30776,29531
32781,32457,32642,33023,32399,33472,36022,29457,33968,33542,36566,30244,31324,26800,27680,25860,28228,30776,29531
32759,33127,32839,33211,32223,33472,36022,29457,33968,33542,36566,30244,31324,26800,27680,25860,28228,30776,29531
32798,33216,32653,32959,32363,33472,36022,29457,33968,33542,36566,30244,31324,26800,27680,25860,28228,30776,29531
32765,32978,32911,33159,32486,33472,36022,29457,33968,33542,36566,30244,31324,26800,27680,25860,28228,30776,29531
32772,32715,32723,33045,32705,33472,36022,29457,33968,33542,36566,30244,31324,26800,27680,25860,28228,30776,29531
32802,32647,32848,33215,32848,33472,36022,29457,33968,33542,36566,30244,31324,26800,27680,25860,28228,30776,29531
32885,32823,32788,33363,33215,33472,36022,29457,33968,33542,36566,30244,31324,26800,27680,25860,28228,30776,29531
32786,32814,32722,33083,33262,33128,36197,29642,34046,33284,36653,30428,31220,27360,27478,26928,30997,28508,28876
32816,32723,32805,33283,33389,33128,36197,29642,34046,33284,36653,30428,31220,27360,27478,26928,30997,28508,28876
32735,32674,32639,32959,33269,33128,36197,29642,34046,33284,36653,30428,31220,27360,27478,26928,30997,28508,28876
32786,32787,32865,33287,33327,33128,36197,29642,34046,33284,36653,30428,31220,27360,27478,26928,30997,28508,28876
32766,32770,32725,33036,33259,33128,36197,29642,34046,33284,36653,30428,31220,27360,27478,26928,30997,28508,28876
32758,32641,32841,33279,32979,33128,36197,29642,34046,33284,36653,30428,31220,27360,27478,26928,30997,28508,28876
32791,32701,32775,33255,32947,33128,36197,29642,34046,33284,36653,30428,31220,27360,27478,26928,30997,28508,28876
32800,32623,32737,32974,32994,33128,36197,29642,34046,33284,36653,30428,31220,27360,27478,26928,30997,28508,28876
32768,32581,32866,33279,32722,33128,36197,29642,34046,33284,36653,30428,31220,27360,27478,26928,30997,28508,28876
32828,32756,32659,32991,32581,33128,36197,29642,34046,33284,36653,30428,31220,27360,27478,26928,30997,28508,28876
32773,32909,32763,33196,32578,32816,36467,29940,34032,33108,36808,30688,31334,28119,27532,28309,28397,29398,29649
32772,32891,32625,33014,32717,32816,36467,29940,34032,33108,36808,30688,31334,28119,27532,28309,28397,29398,29649
32729,32865,32795,33283,32635,32816,36467,29940,34032,33108,36808,30688,31334,28119,27532,28309,28397,29398,29649
32773,32849,32581,33030,32719,32816,36467,29940,34032,33108,36808,30688,31334,28119,27532,28309,28397,29398,29649
32755,32793,32849,33225,32775,32816,36467,29940,34032,33108,36808,30688,31334,28119,27532,28309,28397,29398,29649
32814,32775,32677,33123,32771,32816,36467,29940,34032,33108,36808,30688,31334,28119,27532,28309,28397,29398,29649
32788,32775,32879,33415,32631,32816,36467,29940,34032,33108,36808,30688,31334,28119,27532,28309,28397,29398,29649
32854,32770,32727,33316,32705,32816,36467,29940,34032,33108,36808,30688,31334,28119,27532,28309,28397,29398,29649
32830,32698,32959,33705,32815,32816,36467,29940,34032,33108,36808,30688,31334,28119,27532,28309,28397,29398,29649
32814,32685,32886,33379,32519,32816,36467,29940,34032,33108,36808,30688,31334,28119,27532,28309,28397,29398,29649
32797,32683,32822,33439,32551,32656,36728,30219,34016,33110,37076,30953,31408,28932,27841,29761,28882,29028,30943
32740,32662,32854,32730,32649,32656,36728,30219,34016,33110,37076,30953,31408,28932,27841,29761,28882,29028,30943
32733,32735,32754,32283,32747,32656,36728,30219,34016,33110,37076,30953,31408,28932,27841,29761,28882,29028,30943
32783,32888,32899,32239,32819,32656,36728,30219,34016,33110,37076,30953,31408,28932,27841,29761,28882,29028,30943
32760,32831,32837,32583,32675,32656,36728,30219,34016,33110,37076,30953,31408,28932,27841,29761,28882,29028,30943
32780,32891,32869,32581,32839,32656,36728,30219,34016,33110,37076,30953,31408,28932,27841,29761,28882,29028,30943
32777,32901,32641,33190,32834,32656,36728,30219,34016,33110,37076,30953,31408,28932,27841,29761,28882,29028,30943
32792,32833,32847,33189,32887,32656,36728,30219,34016,33110,37076,30953,31408,28932,27841,29761,28882,29028,30943
32683,32707,32693,33438,32890,32656,36728,30219,34016,33110,37076,30953,31408,28932,27841,29761,28882,29028,30943
32730,32711,32897,33562,32935,32656,36728,30219,34016,33110,37076,30953,31408,28932,27841,29761,28882,29028,30943
32685,32693,32724,33479,33163,32792,36920,30412,33960,33417,37224,31316,31344,29740,28314,30828,28488,29220,32414
32645,32723,32815,33628,33043,32792,36920,30412,33960,33417,37224,31316,31344,29740,28314,30828,28488,29220,32414
32732,32659,32629,33369,32763,32792,36920,30412,33960,33417,37224,31316,31344,29740,28314,30828,28488,29220,32414
32775,32661,32845,33027,32570,32792,36920,30412,33960,33417,37224,31316,31344,29740,28314,30828,28488,29220,32414
32773,32669,32698,33007,32407,32792,36920,30412,33960,33417,37224,31316,31344,29740,28314,30828,28488,29220,32414
32816,32583,32830,33139,32382,32792,36920,30412,33960,33417,37224,31316,31344,29740,28314,30828,28488,29220,32414
32803,32603,32710,33571,32741,32792,36920,30412,33960,33417,37224,31316,31344,29740,28314,30828,28488,29220,32414
32768,32623,32861,33333,33262,32792,36920,30412,33960,33417,37224,31316,31344,29740,28314,30828,28488,29220,32414
32775,32699,32749,33177,32861,32792,36920,30412,33960,33417,37224,31316,31344,29740,28314,30828,28488,29220,32414
32754,32582,32894,32015,32614,32792,36920,30412,33960,33417,37224,31316,31344,29740,28314,30828,28488,29220,32414
32760,32859,32755,31935,32483,32884,36972,30576,33832,33977,36988,31498,31436,30189,28778,31480,31480,27509,31718
32772,33373,32895,32223,32559,32884,36972,30576,33832,33977,36988,31498,31436,30189,28778,31480,31480,27509,31718
32792,33453,32743,33026,32947,32884,36972,30576,33832,33977,36988,31498,31436,30189,28778,31480,31480,27509,31718
32756,33259,32935,33489,33093,32884,36972,30576,33832,33977,36988,31498,31436,30189,28778,31480,31480,27509,31718
32774,33011,32722,33596,32974,32884,36972,30576,33832,33977,36988,31498,31436,30189,28778,31480,31480,27509,31718
32791,32719,32888,33447,32907,32884,36972,30576,33832,33977,36988,31498,31436,30189,28778,31480,31480,27509,31718
32806,32609,32697,33419,33097,32884,36972,30576,33832,33977,36988,31498,31436,30189,28778,31480,31480,27509,31718
32813,32551,32861,33112,32903,32884,36972,30576,33832,33977,36988,31498,31436,30189,28778,31480,31480,27509,31718
32873,32626,32695,33249,32751,32884,36972,30576,33832,33977,36988,31498,31436,30189,28778,31480,31480,27509,31718
32829,32431,32775,33052,33075,32884,36972,30576,33832,33977,36988,31498,31436,30189,28778,31480,31480,27509,31718
32830,32556,32734,33294,32753,32956,37048,30620,33864,33836,36805,31380,31454,30609,29016,32008,29290,26570,33302
32818,32955,32727,33195,32599,32956,37048,30620,33864,33836,36805,31380,31454,30609,29016,32008,29290,26570,33302
32889,32994,32821,33445,32789,32956,37048,30620,33864,33836,36805,31380,31454,30609,29016,32008,29290,26570,33302
32873,32906,32873,33127,32699,32956,37048,30620,33864,33836,36805,31380,31454,30609,29016,32008,29290,26570,33302
32856,32747,32620,33218,32603,32956,37048,30620,33864,33836,36805,31380,31454,30609,29016,32008,29290,26570,33302
32794,32704,32859,33069,32797,32956,37048,30620,33864,33836,36805,31380,31454,30609,29016,32008,29290,26570,33302
32823,32697,32655,33313,32948,32956,37048,30620,33864,33836,36805,31380,31454,30609,29016,32008,29290,26570,33302
32772,32533,32831,33251,32702,32956,37048,30620,33864,33836,36805,31380,31454,30609,29016,32008,29290,26570,33302
32744,32639,32837,33353,32263,32956,37048,30620,33864,33836,36805,31380,31454,30609,29016,32008,29290,26570,33302
32821,32607,32689,33575,32389,32956,37048,30620,33864,33836,36805,31380,31454,30609,29016,32008,29290,26570,33302
32804,32589,32856,33218,32711,33032,37152,30658,33711,33545,37240,31326,31432,30856,28822,32001,31876,28105,31313
32783,32693,32663,33143,32825,33032,37152,30658,33711,33545,37240,31326,31432,30856,28822,32001,31876,28105,31313
32822,32786,32826,32729,32732,33032,37152,30658,33711,33545,37240,31326,31432,30856,28822,32001,31876,28105,31313
32801,32959,32742,32195,32797,33032,37152,30658,33711,33545,37240,31326,31432,30856,28822,32001,31876,28105,31313
32746,33095,32642,32119,32748,33032,37152,30658,33711,33545,37240,31326,31432,30856,28822,32001,31876,28105,31313
32752,32963,32735,32794,32743,33032,37152,30658,33711,33545,37240,31326,31432,30856,28822,32001,31876,28105,31313
32781,32888,32679,33501,32793,33032,37152,30658,33711,33545,37240,31326,31432,30856,28822,32001,31876,28105,31313
32750,32683,32853,33340,32941,33032,37152,30658,33711,33545,37240,31326,31432,30856,28822,32001,31876,28105,31313
32741,32623,32741,33504,33437,33032,37152,30658,33711,33545,37240,31326,31432,30856,28822,32001,31876,28105,31313
32696,32631,32857,33110,33478,33032,37152,30658,33711,33545,37240,31326,31432,30856,28822,32001,31876,28105,31313
32702,32669,32694,33222,33487,33176,37226,30792,33868,33416,37096,31332,31425,31118,28743,32036,31174,28818,34230
32755,32589,32803,33073,33308,33176,37226,30792,33868,33416,37096,31332,31425,31118,28743,32036,31174,28818,34230
32705,32715,32703,33193,33113,33176,37226,30792,33868,33416,37096,31332,31425,31118,28743,32036,31174,28818,34230
32775,32723,32834,33221,33287,33176,37226,30792,33868,33416,37096,31332,31425,31118,28743,32036,31174,28818,34230
32678,32803,32667,33285,32882,33176,37226,30792,33868,33416,37096,31332,31425,31118,28743,32036,31174,28818,34230
32677,32797,32858,33255,32855,33176,37226,30792,33868,33416,37096,31332,31425,31118,28743,32036,31174,28818,34230
32738,32695,32667,33203,32902,33176,37226,30792,33868,33416,37096,31332,31425,31118,28743,32036,31174,28818,34230
32770,32579,32873,32877,32747,33176,37226,30792,33868,33416,37096,31332,31425,31118,28743,32036,31174,28818,34230
32768,32719,32646,32967,32516,33176,37226,30792,33868,33416,37096,31332,31425,31118,28743,32036,31174,28818,34230
32842,32921,32846,33095,32338,33176,37226,30792,33868,33416,37096,31332,31425,31118,28743,32036,31174,28818,34230
32882,32805,32722,33100,32567,33472,37000,30920,33682,33592,37080,31260,31406,31364,28717,32074,32547,27292,35758
32856,32839,32866,33138,32503,33472,37000,30920,33682,33592,37080,31260,31406,31364,28717,32074,32547,27292,35758
32767,32761,32667,33279,32306,33472,37000,30920,33682,33592,37080,31260,31406,31364,28717,32074,32547,27292,35758
32815,32685,32815,33243,32295,33472,37000,30920,33682,33592,37080,31260,31406,31364,28717,32074,32547,27292,35758
32835,32655,32809,33127,32375,33472,37000,30920,33682,33592,37080,31260,31406,31364,28717,32074,32547,27292,35758
32827,32775,32683,33383,32407,33472,37000,30920,33682,33592,37080,31260,31406,31364,28717,32074,32547,27292,35758
32808,32722,32799,33115,32364,33472,37000,30920,33682,33592,37080,31260,31406,31364,28717,32074,32547,27292,35758
32851,32749,32639,33270,32431,33472,37000,30920,33682,33592,37080,31260,31406,31364,28717,32074,32547,27292,35758
32804,32771,32805,32923,32747,33472,37000,30920,33682,33592,37080,31260,31406,31364,28717,32074,32547,27292,35758
32748,32822,32611,33230,32836,33472,37000,30920,33682,33592,37080,31260,31406,31364,28717,32074,32547,27292,35758
32735,32839,32823,33175,32935,33666,36816,30700,33670,33620,36850,31124,31364,31249,28504,32488,32268,26149,33637
32773,32874,32619,33313,32913,33666,36816,30700,33670,33620,36850,31124,31364,31249,28504,32488,32268,26149,33637
32794,32915,32802,33084,32827,33666,36816,30700,33670,33620,36850,31124,31364,31249,28504,32488,32268,26149,33637
32788,32833,32737,33071,32957,33666,36816,30700,33670,33620,36850,31124,31364,31249,28504,32488,32268,26149,33637
32789,32733,32717,33083,32939,33666,36816,30700,33670,33620,36850,31124,31364,31249,28504,32488,32268,26149,33637
32812,32566,32791,32955,32845,33666,36816,30700,33670,33620,36850,31124,31364,31249,28504,32488,32268,26149,33637
32757,32551,32686,33307,32814,33666,36816,30700,33670,33620,36850,31124,31364,31249,28504,32488,32268,26149,33637
32740,32535,32862,33127,32899,33666,36816,30700,33670,33620,36850,31124,31364,31249,28504,32488,32268,26149,33637
32654,32423,32722,33299,32957,33666,36816,30700,33670,33620,36850,31124,31364,31249,28504,32488,32268,26149,33637
32772,32575,32871,33298,33045,33666,36816,30700,33670,33620,36850,31124,31364,31249,28504,32488,32268,26149,33637
32740,33047,32590,33476,33159,33812,36572,30480,33724,33680,36624,30928,31410,30710,28288,32232,30461,27088,33961
32696,33206,32873,33361,33495,33812,36572,30480,33724,33680,36624,30928,31410,30710,28288,32232,30461,27088,33961
32799,32954,32656,33295,33135,33812,36572,30480,33724,33680,36624,30928,31410,30710,28288,32232,30461,27088,33961
32720,32631,32823,33234,32807,33812,36572,30480,33724,33680,36624,30928,31410,30710,28288,32232,30461,27088,33961
32797,32621,32683,32818,32391,33812,36572,30480,33724,33680,36624,30928,31410,30710,28288,32232,30461,27088,33961
32747,32587,32775,32975,32683,33812,36572,30480,33724,33680,36624,30928,31410,30710,28288,32232,30461,27088,33961
32734,32607,32695,32919,32510,33812,36572,30480,33724,33680,36624,30928,31410,30710,28288,32232,30461,27088,33961
32768,32749,32823,33151,32677,33812,36572,30480,33724,33680,36624,30928,31410,30710,28288,32232,30461,27088,33961
32771,32913,32799,33113,32711,33812,36572,30480,33724,33680,36624,30928,31410,30710,28288,32232,30461,27088,33961
32864,32871,32669,33415,32884,33812,36572,30480,33724,33680,36624,30928,31410,30710,28288,32232,30461,27088,33961
32836,32716,32823,33085,32804,33728,36336,30216,33684,33526,36540,30784,31264,29940,28364,31969,28726,25274,33188
32827,32511,32595,32731,32569,33728,36336,30216,33684,33526,36540,30784,31264,29940,28364,31969,28726,25274,33188
32823,32371,32720,33075,32666,33728,36336,30216,33684,33526,36540,30784,31264,29940,28364,31969,28726,25274,33188
32800,32425,32634,33039,32809,33728,36336,30216,33684,33526,36540,30784,31264,29940,28364,31969,28726,25274,33188
32827,32554,32691,32983,33280,33728,36336,30216,33684,33526,36540,30784,31264,29940,28364,31969,28726,25274,33188
32839,32439,32758,33245,33239,33728,36336,30216,33684,33526,36540,30784,31264,29940,28364,31969,28726,25274,33188
32756,32570,32653,33038,32983,33728,36336,30216,33684,33526,36540,30784,31264,29940,28364,31969,28726,25274,33188
32820,32957,32845,33254,32911,33728,36336,30216,33684,33526,36540,30784,31264,29940,28364,31969,28726,25274,33188
32771,33012,32615,32858,32662,33728,36336,30216,33684,33526,36540,30784,31264,29940,28364,31969,28726,25274,33188
32814,33047,32911,33012,32586,33728,36336,30216,33684,33526,36540,30784,31264,29940,28364,31969,28726,25274,33188
32782,32854,32731,33104,32404,33672,36182,30064,33730,33504,36544,30628,31352,29316,28372,31784,31400,26400,36489
32812,33012,32871,33421,32282,33672,36182,30064,33730,33504,36544,30628,31352,29316,28372,31784,31400,26400,36489
32756,32993,32773,33241,32443,33672,36182,30064,33730,33504,36544,30628,31352,29316,28372,31784,31400,26400,36489
32775,32933,32875,33463,32517,33672,36182,30064,33730,33504,36544,30628,31352,29316,28372,31784,31400,26400,36489
32807,32816,32900,33975,32626,33672,36182,30064,33730,33504,36544,30628,31352,29316,28372,31784,31400,26400,36489
32752,32697,32745,33629,32738,33672,36182,30064,33730,33504,36544,30628,31352,29316,28372,31784,31400,26400,36489
32759,32646,32943,33821,33138,33672,36182,30064,33730,33504,36544,30628,31352,29316,28372,31784,31400,26400,36489
32752,32501,32678,33337,33127,33672,36182,30064,33730,33504,36544,30628,31352,29316,28372,31784,31400,26400,36489
32770,32549,32815,32382,32724,33672,36182,30064,33730,33504,36544,30628,31352,29316,28372,31784,31400,26400,36489
32789,32634,32656,30637,32730,33672,36182,30064,33730,33504,36544,30628,31352,29316,28372,31784,31400,26400,36489
32768,32834,32790,31055,33108,33528,36088,29924,33652,33472,36428,30528,31246,29117,28556,31424,29112,25080,33138
32767,33137,32595,32615,32882,33528,36088,29924,33652,33472,36428,30528,31246,29117,28556,31424,29112,25080,33138
32729,33475,32742,33391,32874,33528,36088,29924,33652,33472,36428,30528,31246,29117,28556,31424,29112,25080,33138
32815,33230,32637,33747,33311,33528,36088,29924,33652,33472,36428,30528,31246,29117,28556,31424,29112,25080,33138
32786,32910,32749,33447,33035,33528,36088,29924,33652,33472,36428,30528,31246,29117,28556,31424,29112,25080,33138
32792,32711,32718,33602,32914,33528,36088,29924,33652,33472,36428,30528,31246,29117,28556,31424,29112,25080,33138
32710,32559,32818,33163,32748,33528,36088,29924,33652,33472,36428,30528,31246,29117,28556,31424,29112,25080,33138
32713,32335,32747,33500,32618,33528,36088,29924,33652,33472,36428,30528,31246,29117,28556,31424,29112,25080,33138
32718,32201,32799,33543,32494,33528,36088,29924,33652,33472,36428,30528,31246,29117,28556,31424,29112,25080,33138
32698,32047,32727,33927,32807,33528,36088,29924,33652,33472,36428,30528,31246,29117,28556,31424,29112,25080,33138
32709,32039,32743,33522,32999,33264,36036,29832,33688,33472,36380,30296,31387,29108,28530,30933,28236,25396,34393
32699,32203,32835,33463,33091,33264,36036,29832,33688,33472,36380,30296,31387,29108,28530,30933,28236,25396,34393
32682,32519,32727,33039,32995,33264,36036,29832,33688,33472,36380,30296,31387,29108,28530,30933,28236,25396,34393
32690,33238,32811,33167,32711,33264,36036,29832,33688,33472,36380,30296,31387,29108,28530,30933,28236,25396,34393
32770,33576,32723,32428,32914,33264,36036,29832,33688,33472,36380,30296,31387,29108,28530,30933,28236,25396,34393
32752,33589,32743,31348,33026,33264,36036,29832,33688,33472,36380,30296,31387,29108,28530,30933,28236,25396,34393
32735,33695,32754,31734,32735,33264,36036,29832,33688,33472,36380,30296,31387,29108,28530,30933,28236,25396,34393
32798,33386,32647,32983,32797,33264,36036,29832,33688,33472,36380,30296,31387,29108,28530,30933,28236,25396,34393
32743,33233,32797,33269,32638,33264,36036,29832,33688,33472,36380,30296,31387,29108,28530,30933,28236,25396,34393
32822,32951,32618,33310,32313,33264,36036,29832,33688,33472,36380,30296,31387,29108,28530,30933,28236,25396,34393
32786,32687,32875,33284,32135,33144,35952,29784,33784,33344,36394,30084,31340,29116,28250,30792,31076,26768,34660
32713,32535,32743,33316,32431,33144,35952,29784,33784,33344,36394,30084,31340,29116,28250,30792,31076,26768,34660
32723,32615,32893,33195,32431,33144,35952,29784,33784,33344,36394,30084,31340,29116,28250,30792,31076,26768,34660
32744,32590,32655,32791,32690,33144,35952,29784,33784,33344,36394,30084,31340,29116,28250,30792,31076,26768,34660
32730,32618,32896,33085,32669,33144,35952,29784,33784,33344,36394,30084,31340,29116,28250,30792,31076,26768,34660
32788,32675,32693,33607,32535,33144,35952,29784,33784,33344,36394,30084,31340,29116,28250,30792,31076,26768,34660
32758,32623,32811,33607,32669,33144,35952,29784,33784,33344,36394,30084,31340,29116,28250,30792,31076,26768,34660
32737,32679,32750,33315,33051,33144,35952,29784,33784,33344,36394,30084,31340,29116,28250,30792,31076,26768,34660
32757,32643,32823,33650,32943,33144,35952,29784,33784,33344,36394,30084,31340,29116,28250,30792,31076,26768,34660
32741,32604,32720,33710,32951,33144,35952,29784,33784,33344,36394,30084,31340,29116,28250,30792,31076,26768,34660
32819,32609,32820,33930,33103,33016,35904,29736,33872,33176,36384,29920,31237,29060,27869,30912,30200,25588,34568
32834,32583,32805,33862,32691,33016,35904,29736,33872,33176,36384,29920,31237,29060,27869,30912,30200,25588,34568
32746,32577,32702,33484,32775,33016,35904,29736,33872,33176,36384,29920,31237,29060,27869,30912,30200,25588,34568
32756,32495,32847,32619,33014,33016,35904,29736,33872,33176,36384,29920,31237,29060,27869,30912,30200,25588,34568
32728,32583,32701,32205,32999,33016,35904,29736,33872,33176,36384,29920,31237,29060,27869,30912,30200,25588,34568
32736,32637,32674,32333,32891,33016,35904,29736,33872,33176,36384,29920,31237,29060,27869,30912,30200,25588,34568
32742,32805,32899,32795,32935,33016,35904,29736,33872,33176,36384,29920,31237,29060,27869,30912,30200,25588,34568
32783,32883,32702,33575,32856,33016,35904,29736,33872,33176,36384,29920,31237,29060,27869,30912,30200,25588,34568
32822,32813,32849,33737,33103,33016,35904,29736,33872,33176,36384,29920,31237,29060,27869,30912,30200,25588,34568
32754,32643,32701,34093,33431,33016,35904,29736,33872,33176,36384,29920,31237,29060,27869,30912,30200,25588,34568
32750,32528,32773,34237,33250,32842,35915,29708,33668,33058,36302,29873,31348,29017,27582,31120,32448,27445,37941
32765,32433,32890,32681,32861,32842,35915,29708,33668,33058,36302,29873,31348,29017,27582,31120,32448,27445,37941
32710,32339,32655,30775,32729,32842,35915,29708,33668,33058,36302,29873,31348,29017,27582,31120,32448,27445,37941
32822,32681,32887,30829,32730,32842,35915,29708,33668,33058,36302,29873,31348,29017,27582,31120,32448,27445,37941
32748,32823,32626,32639,32275,32842,35915,29708,33668,33058,36302,29873,31348,29017,27582,31120,32448,27445,37941
32780,32642,32815,32123,32445,32842,35915,29708,33668,33058,36302,29873,31348,29017,27582,31120,32448,27445,37941
32717,32753,32761,31671,32754,32842,35915,29708,33668,33058,36302,29873,31348,29017,27582,31120,32448,27445,37941
32770,33031,32749,30873,32805,32842,35915,29708,33668,33058,36302,29873,31348,29017,27582,31120,32448,27445,37941
32775,33199,32791,30919,32812,32842,35915,29708,33668,33058,36302,29873,31348,29017,27582,31120,32448,27445,37941
32735,33297,32607,33385,32785,32842,35915,29708,33668,33058,36302,29873,31348,29017,27582,31120,32448,27445,37941
32780,33231,32763,33751,32738,32712,35874,29676,33769,33044,36268,29764,31240,28750,27353,31305,32186,25957,36880
32752,33013,32653,33327,32870,32712,35874,29676,33769,33044,36268,29764,31240,28750,27353,31305,32186,25957,36880
32716,32618,32861,33085,33199,32712,35874,29676,33769,33044,36268,29764,31240,28750,27353,31305,32186,25957,36880
32717,32297,32743,33261,32997,32712,35874,29676,33769,33044,36268,29764,31240,28750,27353,31305,32186,25957,36880
32785,31999,32880,33202,32829,32712,35874,29676,33769,33044,36268,29764,31240,28750,27353,31305,32186,25957,36880
32698,32053,32738,31694,32893,32712,35874,29676,33769,33044,36268,29764,31240,28750,27353,31305,32186,25957,36880
32707,32769,32815,32407,32839,32712,35874,29676,33769,33044,36268,29764,31240,28750,27353,31305,32186,25957,36880
32720,33495,32745,33885,32525,32712,35874,29676,33769,33044,36268,29764,31240,28750,27353,31305,32186,25957,36880
32740,33359,32888,35089,32643,32712,35874,29676,33769,33044,36268,29764,31240,28750,27353,31305,32186,25957,36880
32754,32795,32771,35975,32775,32712,35874,29676,33769,33044,36268,29764,31240,28750,27353,31305,32186,25957,36880
32744,32390,32726,35249,32775,32696,35858,29674,33728,33020,36308,29786,31316,28837,27124,31684,29096,25528,35688
32800,32183,32918,33287,32979,32696,35858,29674,33728,33020,36308,29786,31316,28837,27124,31684,29096,25528,35688
32701,31783,32733,33299,32775,32696,35858,29674,33728,33020,36308,29786,31316,28837,27124,31684,29096,25528,35688
32710,32015,32775,33375,32469,32696,35858,29674,33728,33020,36308,29786,31316,28837,27124,31684,29096,25528,35688
32817,32770,32666,33610,32683,32696,35858,29674,33728,33020,36308,29786,31316,28837,27124,31684,29096,25528,35688
32737,33703,32775,31810,32775,32696,35858,29674,33728,33020,36308,29786,31316,28837,27124,31684,29096,25528,35688
32750,34187,32681,30717,32667,32696,35858,29674,33728,33020,36308,29786,31316,28837,27124,31684,29096,25528,35688
32765,33829,32740,29566,32553,32696,35858,29674,33728,33020,36308,29786,31316,28837,27124,31684,29096,25528,35688
32784,33341,32710,32931,32410,32696,35858,29674,33728,33020,36308,29786,31316,28837,27124,31684,29096,25528,35688
32771,33011,32605,34932,32733,32696,35858,29674,33728,33020,36308,29786,31316,28837,27124,31684,29096,25528,35688
32768,32785,32803,35751,32785,32616,35808,29744,33912,33090,36228,29913,31192,29244,26913,32053,29253,26068,38190
32812,32787,32626,37036,33079,32616,35808,29744,33912,33090,36228,29913,31192,29244,26913,32053,29253,26068,38190
32832,32775,32852,35751,33079,32616,35808,29744,33912,33090,36228,29913,31192,29244,26913,32053,29253,26068,38190
32782,32726,32741,32855,33095,32616,35808,29744,33912,33090,36228,29913,31192,29244,26913,32053,29253,26068,38190
32859,32724,32764,29118,32901,32616,35808,29744,33912,33090,36228,29913,31192,29244,26913,32053,29253,26068,38190
32891,32543,32863,30010,32790,32616,35808,29744,33912,33090,36228,29913,31192,29244,26913,32053,29253,26068,38190
32838,32519,32740,30204,32847,32616,35808,29744,33912,33090,36228,29913,31192,29244,26913,32053,29253,26068,38190
32796,32483,32813,29932,32741,32616,35808,29744,33912,33090,36228,29913,31192,29244,26913,32053,29253,26068,38190
32853,32327,32671,30309,32527,32616,35808,29744,33912,33090,36228,29913,31192,29244,26913,32053,29253,26068,38190
32855,31751,32879,31059,32772,32616,35808,29744,33912,33090,36228,29913,31192,29244,26913,32053,29253,26068,38190
32784,30723,32637,31365,32611,32536,35796,29788,33903,33084,36314,30176,31314,29796,26620,32464,31376,26425,36092
32764,30151,32886,32385,33059,32536,35796,29788,33903,33084,36314,30176,31314,29796,26620,32464,31376,26425,36092
32741,30207,32722,32309,33100,32536,35796,29788,33903,33084,36314,30176,31314,29796,26620,32464,31376,26425,36092
32783,30907,32927,32567,32957,32536,35796,29788,33903,33084,36314,30176,31314,29796,26620,32464,31376,26425,36092
32736,32735,32743,34293,32467,32536,35796,29788,33903,33084,36314,30176,31314,29796,26620,32464,31376,26425,36092
32732,35429,32849,31644,32278,32536,35796,29788,33903,33084,36314,30176,31314,29796,26620,32464,31376,26425,36092
32730,36440,32674,32021,32545,32536,35796,29788,33903,33084,36314,30176,31314,29796,26620,32464,31376,26425,36092
32712,35609,32842,35379,32799,32536,35796,29788,33903,33084,36314,30176,31314,29796,26620,32464,31376,26425,36092
32704,34503,32641,37055,32505,32536,35796,29788,33903,33084,36314,30176,31314,29796,26620,32464,31376,26425,36092
32767,33682,32775,37191,32629,32536,35796,29788,33903,33084,36314,30176,31314,29796,26620,32464,31376,26425,36092
32787,33287,32487,37417,32775,32468,35806,29919,33748,33061,36388,30410,31193,30591,26484,33136,29404,26413,38720
32805,32919,32562,37327,32775,32468,35806,29919,33748,33061,36388,30410,31193,30591,26484,33136,29404,26413,38720
32750,32585,32455,36405,33065,32468,35806,29919,33748,33061,36388,30410,31193,30591,26484,33136,29404,26413,38720
32798,32767,32455,33344,33463,32468,35806,29919,33748,33061,36388,30410,31193,30591,26484,33136,29404,26413,38720
32802,32786,32645,32775,33046,32468,35806,29919,33748,33061,36388,30410,31193,30591,26484,33136,29404,26413,38720
32894,33348,32813,33144,32909,32468,35806,29919,33748,33061,36388,30410,31193,30591,26484,33136,29404,26413,38720
32724,32711,32855,31559,32935,32468,35806,29919,33748,33061,36388,30410,31193,30591,26484,33136,29404,26413,38720
32763,32571,32743,31661,33103,32468,35806,29919,33748,33061,36388,30410,31193,30591,26484,33136,29404,26413,38720
32747,32680,32631,30843,32966,32468,35806,29919,33748,33061,36388,30410,31193,30591,26484,33136,29404,26413,38720
32745,32595,33039,32342,33127,32468,35806,29919,33748,33061,36388,30410,31193,30591,26484,33136,29404,26413,38720
32788,32631,32902,32335,32859,32427,35954,30156,33944,32990,36572,30580,31352,31184,26312,34140,30478,27938,36248
32725,32555,33003,30452,32987,32427,35954,30156,33944,32990,36572,30580,31352,31184,26312,34140,30478,27938,36248
32703,32519,32822,30723,32807,32427,35954,30156,33944,32990,36572,30580,31352,31184,26312,34140,30478,27938,36248
32719,32499,32971,30974,32709,32427,35954,30156,33944,32990,36572,30580,31352,31184,26312,34140,30478,27938,36248
32685,32323,32900,31680,32735,32427,35954,30156,33944,32990,36572,30580,31352,31184,26312,34140,30478,27938,36248
32741,32007,32809,32770,32493,32427,35954,30156,33944,32990,36572,30580,31352,31184,26312,34140,30478,27938,36248
32743,31748,32984,33839,32165,32427,35954,30156,33944,32990,36572,30580,31352,31184,26312,34140,30478,27938,36248
32716,31370,32742,34621,32191,32427,35954,30156,33944,32990,36572,30580,31352,31184,26312,34140,30478,27938,36248
32693,30986,32921,33831,32327,32427,35954,30156,33944,32990,36572,30580,31352,31184,26312,34140,30478,27938,36248
32765,30771,32919,33138,32461,32427,35954,30156,33944,32990,36572,30580,31352,31184,26312,34140,30478,27938,36248
32732,30835,32972,29519,32871,32560,36170,30392,33728,33252,36588,30690,31224,31328,26202,34458,29100,27540,35389
32725,31471,33119,28588,32692,32560,36170,30392,33728,33252,36588,30690,31224,31328,26202,34458,29100,27540,35389
32804,32609,32890,27197,32829,32560,36170,30392,33728,33252,36588,30690,31224,31328,26202,34458,29100,27540,35389
32736,33675,32941,26111,32802,32560,36170,30392,33728,33252,36588,30690,31224,31328,26202,34458,29100,27540,35389
32777,34147,32565,26821,32667,32560,36170,30392,33728,33252,36588,30690,31224,31328,26202,34458,29100,27540,35389
32920,34165,32431,27895,32903,32560,36170,30392,33728,33252,36588,30690,31224,31328,26202,34458,29100,27540,35389
32987,34185,32231,33751,33037,32560,36170,30392,33728,33252,36588,30690,31224,31328,26202,34458,29100,27540,35389
32958,34279,32295,36482,32773,32560,36170,30392,33728,33252,36588,30690,31224,31328,26202,34458,29100,27540,35389
32783,34294,32263,39547,32551,32560,36170,30392,33728,33252,36588,30690,31224,31328,26202,34458,29100,27540,35389
32775,34267,32557,40664,33104,32560,36170,30392,33728,33252,36588,30690,31224,31328,26202,34458,29100,27540,35389
32775,34076,32536,38031,32707,32745,36432,30549,33876,33360,36662,30674,31300,31098,26000,33718,28452,26348,35161
32724,33982,32922,35731,32288,32745,36432,30549,33876,33360,36662,30674,31300,31098,26000,33718,28452,26348,35161
32739,34093,32879,33925,32737,32745,36432,30549,33876,33360,36662,30674,31300,31098,26000,33718,28452,26348,35161
32688,33583,33044,33571,32665,32745,36432,30549,33876,33360,36662,30674,31300,31098,26000,33718,28452,26348,35161
32668,32916,33172,35021,33071,32745,36432,30549,33876,33360,36662,30674,31300,31098,26000,33718,28452,26348,35161
32645,32445,33275,33402,33271,32745,36432,30549,33876,33360,36662,30674,31300,31098,26000,33718,28452,26348,35161
32683,32381,33093,33111,33092,32745,36432,30549,33876,33360,36662,30674,31300,31098,26000,33718,28452,26348,35161
32708,32215,32953,32733,33036,32745,36432,30549,33876,33360,36662,30674,31300,31098,26000,33718,28452,26348,35161
32710,32111,32978,33322,32881,32745,36432,30549,33876,33360,36662,30674,31300,31098,26000,33718,28452,26348,35161
32671,31967,32676,33471,32955,32745,36432,30549,33876,33360,36662,30674,31300,31098,26000,33718,28452,26348,35161
32797,31498,32911,33686,33005,32992,36570,30578,33920,33396,36824,30708,31266,30656,25857,33615,31928,27312,33796
32805,30850,32753,33495,33095,32992,36570,30578,33920,33396,36824,30708,31266,30656,25857,33615,31928,27312,33796
32785,30002,33113,33998,33079,32992,36570,30578,33920,33396,36824,30708,31266,30656,25857,33615,31928,27312,33796
32822,29675,33063,33241,33138,32992,36570,30578,33920,33396,36824,30708,31266,30656,25857,33615,31928,27312,33796
32755,30365,33099,31903,32748,32992,36570,30578,33920,33396,36824,30708,31266,30656,25857,33615,31928,27312,33796
32656,32634,33158,32818,32635,32992,36570,30578,33920,33396,36824,30708,31266,30656,25857,33615,31928,27312,33796
32584,34451,32849,33316,32227,32992,36570,30578,33920,33396,36824,30708,31266,30656,25857,33615,31928,27312,33796
32564,34871,32867,31505,32708,32992,36570,30578,33920,33396,36824,30708,31266,30656,25857,33615,31928,27312,33796
32652,34450,32531,28629,32251,32992,36570,30578,33920,33396,36824,30708,31266,30656,25857,33615,31928,27312,33796
32718,34252,32391,29119,32198,32992,36570,30578,33920,33396,36824,30708,31266,30656,25857,33615,31928,27312,33796
32722,33917,32029,28528,32415,33264,36640,30624,33970,33368,36680,30732,31288,30312,25784,33132,27887,26272,32842
32858,33999,31791,28627,33014,33264,36640,30624,33970,33368,36680,30732,31288,30312,25784,33132,27887,26272,32842
32913,34149,31827,29915,33055,33264,36640,30624,33970,33368,36680,30732,31288,30312,25784,33132,27887,26272,32842
32868,34325,31706,35150,32994,33264,36640,30624,33970,33368,36680,30732,31288,30312,25784,33132,27887,26272,32842
32883,33949,32085,35859,32889,33264,36640,30624,33970,33368,36680,30732,31288,30312,25784,33132,27887,26272,32842
32803,33164,32185,32850,33262,33264,36640,30624,33970,33368,36680,30732,31288,30312,25784,33132,27887,26272,32842
32826,32715,32669,33589,32647,33264,36640,30624,33970,33368,36680,30732,31288,30312,25784,33132,27887,26272,32842
32848,32077,32951,32931,32427,33264,36640,30624,33970,33368,36680,30732,31288,30312,25784,33132,27887,26272,32842
32754,31359,33247,30925,32207,33264,36640,30624,33970,33368,36680,30732,31288,30312,25784,33132,27887,26272,32842
32720,30950,33025,30951,32533,33264,36640,30624,33970,33368,36680,30732,31288,30312,25784,33132,27887,26272,32842
32606,30770,33187,32879,32703,33428,36570,30594,33980,33280,36624,30764,31236,30144,25756,33140,30656,27277,34424
32698,31039,33059,31499,32085,33428,36570,30594,33980,33280,36624,30764,31236,30144,25756,33140,30656,27277,34424
32659,31395,33631,35494,32193,33428,36570,30594,33980,33280,36624,30764,31236,30144,25756,33140,30656,27277,34424
32708,31526,33617,38292,32742,33428,36570,30594,33980,33280,36624,30764,31236,30144,25756,33140,30656,27277,34424
32730,30957,33753,40485,32849,33428,36570,30594,33980,33280,36624,30764,31236,30144,25756,33140,30656,27277,34424
32748,30837,33807,36870,32825,33428,36570,30594,33980,33280,36624,30764,31236,30144,25756,33140,30656,27277,34424
32774,31697,33248,32114,32574,33428,36570,30594,33980,33280,36624,30764,31236,30144,25756,33140,30656,27277,34424
32905,33628,33215,26080,33645,33428,36570,30594,33980,33280,36624,30764,31236,30144,25756,33140,30656,27277,34424
32959,34771,32802,25837,33408,33428,36570,30594,33980,33280,36624,30764,31236,30144,25756,33140,30656,27277,34424
32970,34919,32607,35365,33370,33428,36570,30594,33980,33280,36624,30764,31236,30144,25756,33140,30656,27277,34424
32930,34151,32671,34893,32407,33631,36428,30589,33786,33376,36616,30660,31370,29822,25657,32357,27616,25413,33036
32849,33599,32454,34729,32711,33631,36428,30589,33786,33376,36616,30660,31370,29822,25657,32357,27616,25413,33036
32737,33543,32551,32709,33101,33631,36428,30589,33786,33376,36616,30660,31370,29822,25657,32357,27616,25413,33036
32677,34143,32314,33382,32561,33631,36428,30589,33786,33376,36616,30660,31370,29822,25657,32357,27616,25413,33036
32664,35055,32382,31092,32122,33631,36428,30589,33786,33376,36616,30660,31370,29822,25657,32357,27616,25413,33036
32628,34914,32294,34500,32446,33631,36428,30589,33786,33376,36616,30660,31370,29822,25657,32357,27616,25413,33036
32645,34651,32085,36719,33321,33631,36428,30589,33786,33376,36616,30660,31370,29822,25657,32357,27616,25413,33036
32605,35027,32331,34551,33445,33631,36428,30589,33786,33376,36616,30660,31370,29822,25657,32357,27616,25413,33036
32634,34806,32357,34456,33891,33631,36428,30589,33786,33376,36616,30660,31370,29822,25657,32357,27616,25413,33036
32684,33799,32846,33147,32308,33631,36428,30589,33786,33376,36616,30660,31370,29822,25657,32357,27616,25413,33036
32729,32681,33025,32226,34110,33612,36406,30264,33800,33400,36570,30601,31256,29316,25670,32080,29369,26456,30812
32857,31962,33061,33479,33317,33612,36406,30264,33800,33400,36570,30601,31256,29316,25670,32080,29369,26456,30812
32824,31798,33402,33642,33019,33612,36406,30264,33800,33400,36570,30601,31256,29316,25670,32080,29369,26456,30812
32750,32011,33351,30939,32681,33612,36406,30264,33800,33400,36570,30601,31256,29316,25670,32080,29369,26456,30812
32773,32011,33367,30503,32775,33612,36406,30264,33800,33400,36570,30601,31256,29316,25670,32080,29369,26456,30812
32693,31715,33415,31153,32878,33612,36406,30264,33800,33400,36570,30601,31256,29316,25670,32080,29369,26456,30812
32685,31226,33027,31181,32601,33612,36406,30264,33800,33400,36570,30601,31256,29316,25670,32080,29369,26456,30812
32828,30687,33206,31773,31965,33612,36406,30264,33800,33400,36570,30601,31256,29316,25670,32080,29369,26456,30812
32825,30782,32894,31799,31959,33612,36406,30264,33800,33400,36570,30601,31256,29316,25670,32080,29369,26456,30812
32807,30095,33000,32623,32667,33612,36406,30264,33800,33400,36570,30601,31256,29316,25670,32080,29369,26456,30812
32856,29107,32756,32426,32455,33472,36284,29976,33884,33192,36596,30516,31184,28928,25957,32049,31092,25297,34236
32800,28831,32870,31139,32613,33472,36284,29976,33884,33192,36596,30516,31184,28928,25957,32049,31092,25297,34236
32834,29058,32671,30676,32678,33472,36284,29976,33884,33192,36596,30516,31184,28928,25957,32049,31092,25297,34236
32848,30809,32829,33743,33627,33472,36284,29976,33884,33192,36596,30516,31184,28928,25957,32049,31092,25297,34236
32850,32063,32697,34147,33553,33472,36284,29976,33884,33192,36596,30516,31184,28928,25957,32049,31092,25297,34236
32873,32300,32663,34334,32639,33472,36284,29976,33884,33192,36596,30516,31184,28928,25957,32049,31092,25297,34236
32814,32815,32927,33547,31632,33472,36284,29976,33884,33192,36596,30516,31184,28928,25957,32049,31092,25297,34236
32871,35229,32731,33623,31839,33472,36284,29976,33884,33192,36596,30516,31184,28928,25957,32049,31092,25297,34236
32814,35028,32967,31712,32485,33472,36284,29976,33884,33192,36596,30516,31184,28928,25957,32049,31092,25297,34236
32747,35800,32720,32629,32810,33472,36284,29976,33884,33192,36596,30516,31184,28928,25957,32049,31092,25297,34236
32728,37809,32641,35362,32199,33385,36280,29967,34016,33126,36660,30700,31296,28639,26348,32311,27110,23988,34265
32652,37183,32424,34376,32643,33385,36280,29967,34016,33126,36660,30700,31296,28639,26348,32311,27110,23988,34265
32594,35071,32354,33947,32983,33385,36280,29967,34016,33126,36660,30700,31296,28639,26348,32311,27110,23988,34265
32634,34465,32234,32612,33159,33385,36280,29967,34016,33126,36660,30700,31296,28639,26348,32311,27110,23988,34265
32679,34324,32332,30083,33049,33385,36280,29967,34016,33126,36660,30700,31296,28639,26348,32311,27110,23988,34265
32733,34701,32509,29892,32484,33385,36280,29967,34016,33126,36660,30700,31296,28639,26348,32311,27110,23988,34265
32706,34275,32487,32980,32665,33385,36280,29967,34016,33126,36660,30700,31296,28639,26348,32311,27110,23988,34265
32752,34277,32743,33283,32967,33385,36280,29967,34016,33126,36660,30700,31296,28639,26348,32311,27110,23988,34265
32802,33680,32559,36064,32550,33385,36280,29967,34016,33126,36660,30700,31296,28639,26348,32311,27110,23988,34265
32866,32702,32871,38311,32527,33385,36280,29967,34016,33126,36660,30700,31296,28639,26348,32311,27110,23988,34265
32884,31585,32818,35903,32791,33434,36224,29968,33900,33744,36594,30696,31296,28775,26808,32384,27320,24228,31310
32804,31459,32951,34634,32641,33434,36224,29968,33900,33744,36594,30696,31296,28775,26808,32384,27320,24228,31310
32809,30889,32881,32594,32317,33434,36224,29968,33900,33744,36594,30696,31296,28775,26808,32384,27320,24228,31310
32859,31057,32802,30645,32919,33434,36224,29968,33900,33744,36594,30696,31296,28775,26808,32384,27320,24228,31310
32865,31725,32847,27841,33930,33434,36224,29968,33900,33744,36594,30696,31296,28775,26808,32384,27320,24228,31310
32815,32397,32675,29726,33231,33434,36224,29968,33900,33744,36594,30696,31296,28775,26808,32384,27320,24228,31310
32786,32689,32883,30743,33055,33434,36224,29968,33900,33744,36594,30696,31296,28775,26808,32384,27320,24228,31310
32890,32319,32699,29675,33125,33434,36224,29968,33900,33744,36594,30696,31296,28775,26808,32384,27320,24228,31310
32796,32435,32906,31840,32902,33434,36224,29968,33900,33744,36594,30696,31296,28775,26808,32384,27320,24228,31310
32649,32767,32663,33487,31697,33434,36224,29968,33900,33744,36594,30696,31296,28775,26808,32384,27320,24228,31310
32629,32589,32889,34546,32775,33474,36482,29992,33952,33652,36468,30726,31148,29261,27464,33088,26652,24034,34774
32731,32502,32731,35573,32797,33474,36482,29992,33952,33652,36468,30726,31148,29261,27464,33088,26652,24034,34774
32731,32228,32763,35302,32156,33474,36482,29992,33952,33652,36468,30726,31148,29261,27464,33088,26652,24034,34774
32760,32067,32660,35327,33098,33474,36482,29992,33952,33652,36468,30726,31148,29261,27464,33088,26652,24034,34774
32759,32361,32623,35021,33355,33474,36482,29992,33952,33652,36468,30726,31148,29261,27464,33088,26652,24034,34774
32833,32589,32775,31919,33023,33474,36482,29992,33952,33652,36468,30726,31148,29261,27464,33088,26652,24034,34774
32798,32332,32687,28452,33939,33474,36482,29992,33952,33652,36468,30726,31148,29261,27464,33088,26652,24034,34774
32815,31903,32910,28541,33251,33474,36482,29992,33952,33652,36468,30726,31148,29261,27464,33088,26652,24034,34774
32784,32621,32695,29449,31478,33474,36482,29992,33952,33652,36468,30726,31148,29261,27464,33088,26652,24034,34774
32791,33722,32927,31875,32175,33474,36482,29992,33952,33652,36468,30726,31148,29261,27464,33088,26652,24034,34774
32739,33717,32728,33099,32067,33436,36548,30223,33920,33392,36584,30784,31242,29666,27891,33612,30205,23237,33425
32755,33091,32914,32812,32407,33436,36548,30223,33920,33392,36584,30784,31242,29666,27891,33612,30205,23237,33425
32775,32839,32731,32903,32347,33436,36548,30223,33920,33392,36584,30784,31242,29666,27891,33612,30205,23237,33425
32784,32877,32927,33539,32311,33436,36548,30223,33920,33392,36584,30784,31242,29666,27891,33612,30205,23237,33425
32874,32938,32715,34347,31959,33436,36548,30223,33920,33392,36584,30784,31242,29666,27891,33612,30205,23237,33425
32849,32707,32917,35109,32593,33436,36548,30223,33920,33392,36584,30784,31242,29666,27891,33612,30205,23237,33425
32876,32431,32694,34691,29782,33436,36548,30223,33920,33392,36584,30784,31242,29666,27891,33612,30205,23237,33425
32840,32407,32860,34882,34998,33436,36548,30223,33920,33392,36584,30784,31242,29666,27891,33612,30205,23237,33425
32873,32375,32647,34205,32199,33436,36548,30223,33920,33392,36584,30784,31242,29666,27891,33612,30205,23237,33425
32842,32363,32873,34135,31890,33436,36548,30223,33920,33392,36584,30784,31242,29666,27891,33612,30205,23237,33425
32794,32459,32658,33431,34530,33436,36566,30260,33928,33760,36652,30656,31104,30148,28200,33884,28120,23056,31855
32823,32527,32829,33429,34702,33436,36566,30260,33928,33760,36652,30656,31104,30148,28200,33884,28120,23056,31855
32813,32690,32656,32965,33998,33436,36566,30260,33928,33760,36652,30656,31104,30148,28200,33884,28120,23056,31855
32869,32617,32935,32839,33055,33436,36566,30260,33928,33760,36652,30656,31104,30148,28200,33884,28120,23056,31855
32864,32625,32719,32763,32532,33436,36566,30260,33928,33760,36652,30656,31104,30148,28200,33884,28120,23056,31855
32872,32716,33008,32415,32647,33436,36566,30260,33928,33760,36652,30656,31104,30148,28200,33884,28120,23056,31855
32838,32691,32867,32291,32166,33436,36566,30260,33928,33760,36652,30656,31104,30148,28200,33884,28120,23056,31855
32866,32739,33063,32145,30855,33436,36566,30260,33928,33760,36652,30656,31104,30148,28200,33884,28120,23056,31855
32930,32667,32843,32095,31501,33436,36566,30260,33928,33760,36652,30656,31104,30148,28200,33884,28120,23056,31855
32901,32775,32996,32013,31863,33436,36566,30260,33928,33760,36652,30656,31104,30148,28200,33884,28120,23056,31855
32822,32813,32758,32876,32659,33568,36576,30133,34036,33844,36476,30608,31024,30141,28578,33200,29568,23545,34856
32895,32835,32884,33814,33249,33568,36576,30133,34036,33844,36476,30608,31024,30141,28578,33200,29568,23545,34856
32833,32882,32701,34263,33569,33568,36576,30133,34036,33844,36476,30608,31024,30141,28578,33200,29568,23545,34856
32876,32897,32869,33650,33869,33568,36576,30133,34036,33844,36476,30608,31024,30141,28578,33200,29568,23545,34856
32824,32965,32700,33581,33943,33568,36576,30133,34036,33844,36476,30608,31024,30141,28578,33200,29568,23545,34856
32813,32964,32633,33065,32743,33568,36576,30133,34036,33844,36476,30608,31024,30141,28578,33200,29568,23545,34856
32774,32958,32654,33351,32704,33568,36576,30133,34036,33844,36476,30608,31024,30141,28578,33200,29568,23545,34856
32775,32940,32500,33287,32722,33568,36576,30133,34036,33844,36476,30608,31024,30141,28578,33200,29568,23545,34856
32800,33111,32717,32935,33021,33568,36576,30133,34036,33844,36476,30608,31024,30141,28578,33200,29568,23545,34856
32720,32983,32599,33007,32489,33568,36576,30133,34036,33844,36476,30608,31024,30141,28578,33200,29568,23545,34856
32714,32852,32775,32610,32982,33660,36540,30080,34232,33668,36564,30504,31048,29897,28760,32957,25776,22579,34412
32822,32772,32698,32899,33831,33660,36540,30080,34232,33668,36564,30504,31048,29897,28760,32957,25776,22579,34412
32861,32571,32787,32825,34850,33660,36540,30080,34232,33668,36564,30504,31048,29897,28760,32957,25776,22579,34412
32845,32574,32671,33161,34087,33660,36540,30080,34232,33668,36564,30504,31048,29897,28760,32957,25776,22579,34412
32888,32927,32867,33181,33623,33660,36540,30080,34232,33668,36564,30504,31048,29897,28760,32957,25776,22579,34412
32878,33020,32660,33335,33351,33660,36540,30080,34232,33668,36564,30504,31048,29897,28760,32957,25776,22579,34412
32852,32674,32737,33199,32402,33660,36540,30080,34232,33668,36564,30504,31048,29897,28760,32957,25776,22579,34412
32826,32647,32677,33126,31687,33660,36540,30080,34232,33668,36564,30504,31048,29897,28760,32957,25776,22579,34412
32797,32807,32759,32999,31547,33660,36540,30080,34232,33668,36564,30504,31048,29897,28760,32957,25776,22579,34412
32758,32799,32596,32806,30698,33660,36540,30080,34232,33668,36564,30504,31048,29897,28760,32957,25776,22579,34412
32805,32747,32723,33243,30966,33762,36790,30012,34244,33958,37016,30692,30868,29818,29412,32641,25238,24304,30360
32799,32793,32722,33107,30759,33762,36790,30012,34244,33958,37016,30692,30868,29818,29412,32641,25238,24304,30360
32837,32735,32511,33387,30600,33762,36790,30012,34244,33958,37016,30692,30868,29818,29412,32641,25238,24304,30360
32892,32789,32679,32959,31105,33762,36790,30012,34244,33958,37016,30692,30868,29818,29412,32641,25238,24304,30360
32924,32819,32549,33229,31503,33762,36790,30012,34244,33958,37016,30692,30868,29818,29412,32641,25238,24304,30360
32898,32817,32727,33053,33623,33762,36790,30012,34244,33958,37016,30692,30868,29818,29412,32641,25238,24304,30360
32918,32727,32549,33463,34050,33762,36790,30012,34244,33958,37016,30692,30868,29818,29412,32641,25238,24304,30360
32835,32628,32765,33039,34031,33762,36790,30012,34244,33958,37016,30692,30868,29818,29412,32641,25238,24304,30360
32824,32708,32587,33372,34658,33762,36790,30012,34244,33958,37016,30692,30868,29818,29412,32641,25238,24304,30360
32830,32701,32767,33087,34449,33762,36790,30012,34244,33958,37016,30692,30868,29818,29412,32641,25238,24304,30360
32750,32655,32599,33341,33997,33842,37036,30012,34280,34292,37442,30812,30880,29916,30316,32474,27090,23300,28665
32774,32699,32743,33304,33161,33842,37036,30012,34280,34292,37442,30812,30880,29916,30316,32474,27090,23300,28665
32711,32758,32746,33139,33742,33842,37036,30012,34280,34292,37442,30812,30880,29916,30316,32474,27090,23300,28665
32722,32861,32555,33350,33023,33842,37036,30012,34280,34292,37442,30812,30880,29916,30316,32474,27090,23300,28665
32726,32859,32794,32959,35454,33842,37036,30012,34280,34292,37442,30812,30880,29916,30316,32474,27090,23300,28665
32688,32799,32607,33206,36455,33842,37036,30012,34280,34292,37442,30812,30880,29916,30316,32474,27090,23300,28665
32686,32793,32764,32955,34501,33842,37036,30012,34280,34292,37442,30812,30880,29916,30316,32474,27090,23300,28665
32740,32690,32595,33203,33426,33842,37036,30012,34280,34292,37442,30812,30880,29916,30316,32474,27090,23300,28665
32739,32714,32775,32995,32245,33842,37036,30012,34280,34292,37442,30812,30880,29916,30316,32474,27090,23300,28665
32754,32727,32629,33343,30627,33842,37036,30012,34280,34292,37442,30812,30880,29916,30316,32474,27090,23300,28665
32749,32647,32837,33229,29468,33984,37561,30098,34308,34136,36600,30866,30777,30128,31616,31525,26996,22809,27109
32770,32579,32742,33141,29085,33984,37561,30098,34308,34136,36600,30866,30777,30128,31616,31525,26996,22809,27109
32772,32588,32851,33233,30094,33984,37561,30098,34308,34136,36600,30866,30777,30128,31616,31525,26996,22809,27109
32760,32530,32781,32937,31694,33984,37561,30098,34308,34136,36600,30866,30777,30128,31616,31525,26996,22809,27109
32661,32698,32919,33197,32542,33984,37561,30098,34308,34136,36600,30866,30777,30128,31616,31525,26996,22809,27109
32662,32759,32815,32989,33633,33984,37561,30098,34308,34136,36600,30866,30777,30128,31616,31525,26996,22809,27109
32604,32715,32707,33247,32573,33984,37561,30098,34308,34136,36600,30866,30777,30128,31616,31525,26996,22809,27109
32666,32568,32775,33117,31635,33984,37561,30098,34308,34136,36600,30866,30777,30128,31616,31525,26996,22809,27109
32704,32515,32655,33210,32315,33984,37561,30098,34308,34136,36600,30866,30777,30128,31616,31525,26996,22809,27109
32747,32531,32829,33357,30190,33984,37561,30098,34308,34136,36600,30866,30777,30128,31616,31525,26996,22809,27109
32730,32687,32666,33331,33625,34192,37864,30244,34352,33810,37556,31061,30708,30212,32390,31835,25757,24205,25583
32729,32758,32807,33431,38738,34192,37864,30244,34352,33810,37556,31061,30708,30212,32390,31835,25757,24205,25583
32733,32733,32613,32671,36129,34192,37864,30244,34352,33810,37556,31061,30708,30212,32390,31835,25757,24205,25583
32761,32879,32708,33090,34665,34192,37864,30244,34352,33810,37556,31061,30708,30212,32390,31835,25757,24205,25583
32711,32971,32661,32883,32743,34192,37864,30244,34352,33810,37556,31061,30708,30212,32390,31835,25757,24205,25583
32668,32950,32799,32882,32606,34192,37864,30244,34352,33810,37556,31061,30708,30212,32390,31835,25757,24205,25583
32802,32893,32702,32717,33414,34192,37864,30244,34352,33810,37556,31061,30708,30212,32390,31835,25757,24205,25583
32795,32851,32889,33098,35072,34192,37864,30244,34352,33810,37556,31061,30708,30212,32390,31835,25757,24205,25583
32811,32818,32741,32847,33657,34192,37864,30244,34352,33810,37556,31061,30708,30212,32390,31835,25757,24205,25583
32858,32617,32931,33131,28218,34192,37864,30244,34352,33810,37556,31061,30708,30212,32390,31835,25757,24205,25583
32853,32587,32859,33005,26639,34051,37944,30576,34124,33344,38236,30925,30544,30126,33121,33125,28752,25501,25365
32817,32607,32949,33301,27711,34051,37944,30576,34124,33344,38236,30925,30544,30126,33121,33125,28752,25501,25365
32760,32702,32848,33155,33671,34051,37944,30576,34124,33344,38236,30925,30544,30126,33121,33125,28752,25501,25365
32719,32694,33031,33214,37493,34051,37944,30576,34124,33344,38236,30925,30544,30126,33121,33125,28752,25501,25365
32775,32733,32904,33279,34522,34051,37944,30576,34124,33344,38236,30925,30544,30126,33121,33125,28752,25501,25365
32776,32786,32932,33485,35702,34051,37944,30576,34124,33344,38236,30925,30544,30126,33121,33125,28752,25501,25365
32727,32709,32887,33303,36503,34051,37944,30576,34124,33344,38236,30925,30544,30126,33121,33125,28752,25501,25365
32634,32718,32955,33287,26373,34051,37944,30576,34124,33344,38236,30925,30544,30126,33121,33125,28752,25501,25365
32676,32679,32909,33311,28733,34051,37944,30576,34124,33344,38236,30925,30544,30126,33121,33125,28752,25501,25365
32710,32775,32807,33070,32169,34051,37944,30576,34124,33344,38236,30925,30544,30126,33121,33125,28752,25501,25365
32688,32774,32971,33255,30322,34016,38228,30476,34162,33615,37106,30244,30264,29368,33540,32644,26120,20785,26849
32679,32847,32819,33076,34073,34016,38228,30476,34162,33615,37106,30244,30264,29368,33540,32644,26120,20785,26849
32768,32759,32941,33225,40292,34016,38228,30476,34162,33615,37106,30244,30264,29368,33540,32644,26120,20785,26849
32750,32789,32861,32976,39061,34016,38228,30476,34162,33615,37106,30244,30264,29368,33540,32644,26120,20785,26849
32721,32775,32845,33159,34753,34016,38228,30476,34162,33615,37106,30244,30264,29368,33540,32644,26120,20785,26849
32750,32775,32854,33206,32082,34016,38228,30476,34162,33615,37106,30244,30264,29368,33540,32644,26120,20785,26849
32781,32740,32665,32941,28324,34016,38228,30476,34162,33615,37106,30244,30264,29368,33540,32644,26120,20785,26849
32775,32747,32911,33209,26523,34016,38228,30476,34162,33615,37106,30244,30264,29368,33540,32644,26120,20785,26849
32825,32719,32706,33015,29328,34016,38228,30476,34162,33615,37106,30244,30264,29368,33540,32644,26120,20785,26849
32771,32747,32888,33163,40715,34016,38228,30476,34162,33615,37106,30244,30264,29368,33540,32644,26120,20785,26849
32741,32750,32679,32987,47405,33912,38688,29952,34240,33528,37468,29952,30205,28173,35028,31148,28132,20343,25949
32740,32713,32744,33322,34420,33912,38688,29952,34240,33528,37468,29952,30205,28173,35028,31148,28132,20343,25949
32713,32651,32658,33087,23841,33912,38688,29952,34240,33528,37468,29952,30205,28173,35028,31148,28132,20343,25949
32775,32803,32786,33251,25360,33912,38688,29952,34240,33528,37468,29952,30205,28173,35028,31148,28132,20343,25949
32693,32787,32591,32947,22995,33912,38688,29952,34240,33528,37468,29952,30205,28173,35028,31148,28132,20343,25949
32704,32732,32747,33219,25998,33912,38688,29952,34240,33528,37468,29952,30205,28173,35028,31148,28132,20343,25949
32710,32704,32507,33012,27177,33912,38688,29952,34240,33528,37468,29952,30205,28173,35028,31148,28132,20343,25949
32744,32662,32840,33215,35265,33912,38688,29952,34240,33528,37468,29952,30205,28173,35028,31148,28132,20343,25949
32647,32669,32681,33090,48767,33912,38688,29952,34240,33528,37468,29952,30205,28173,35028,31148,28132,20343,25949
32705,32717,32770,33302,36032,33912,38688,29952,34240,33528,37468,29952,30205,28173,35028,31148,28132,20343,25949
32668,32727,32435,33167,25931,33626,38860,29728,34016,32644,37968,29748,29970,27368,36128,31562,25576,18693,31068
32669,32641,32614,33012,32873,33626,38860,29728,34016,32644,37968,29748,29970,27368,36128,31562,25576,18693,31068
32632,32645,32705,33165,52623,33626,38860,29728,34016,32644,37968,29748,29970,27368,36128,31562,25576,18693,31068
32710,32607,32551,33011,46507,33626,38860,29728,34016,32644,37968,29748,29970,27368,36128,31562,25576,18693,31068
32691,32671,32733,33261,23413,33626,38860,29728,34016,32644,37968,29748,29970,27368,36128,31562,25576,18693,31068
32722,32696,32596,32930,13080,33626,38860,29728,34016,32644,37968,29748,29970,27368,36128,31562,25576,18693,31068
32704,32739,32751,33131,21150,33626,38860,29728,34016,32644,37968,29748,29970,27368,36128,31562,25576,18693,31068
32726,32744,32691,33070,25206,33626,38860,29728,34016,32644,37968,29748,29970,27368,36128,31562,25576,18693,31068
32699,32681,32643,33078,16509,33626,38860,29728,34016,32644,37968,29748,29970,27368,36128,31562,25576,18693,31068
32737,32727,32887,33179,29307,33626,38860,29728,34016,32644,37968,29748,29970,27368,36128,31562,25576,18693,31068
32696,32556,32632,32965,65526,33372,38988,29870,34113,31680,38416,29780,29656,26608,36772,32405,28348,18536,31284
32720,32511,32750,33175,61759,33372,38988,29870,34113,31680,38416,29780,29656,26608,36772,32405,28348,18536,31284
32722,32718,32789,33102,29310,33372,38988,29870,34113,31680,38416,29780,29656,26608,36772,32405,28348,18536,31284
32788,32710,32607,33057,10055,33372,38988,29870,34113,31680,38416,29780,29656,26608,36772,32405,28348,18536,31284
32693,32643,32754,33239,21596,33372,38988,29870,34113,31680,38416,29780,29656,26608,36772,32405,28348,18536,31284
32708,32691,32699,32971,46703,33372,38988,29870,34113,31680,38416,29780,29656,26608,36772,32405,28348,18536,31284
32710,32637,32580,33089,35124,33372,38988,29870,34113,31680,38416,29780,29656,26608,36772,32405,28348,18536,31284
32745,32637,32732,32858,47419,33372,38988,29870,34113,31680,38416,29780,29656,26608,36772,32405,28348,18536,31284
32721,32656,32696,33117,23252,33372,38988,29870,34113,31680,38416,29780,29656,26608,36772,32405,28348,18536,31284
32744,32618,32770,32950,3440,33372,38988,29870,34113,31680,38416,29780,29656,26608,36772,32405,28348,18536,31284
32710,32786,32611,33179,19262,33040,39012,30098,34040,31556,38500,29660,29480,26220,36752,32940,25947,17837,32138
32762,32903,32722,33211,37058,33040,39012,30098,34040,31556,38500,29660,29480,26220,36752,32940,25947,17837,32138
32704,32813,32510,33338,36305,33040,39012,30098,34040,31556,38500,29660,29480,26220,36752,32940,25947,17837,32138
32756,32733,32706,33194,41020,33040,39012,30098,34040,31556,38500,29660,29480,26220,36752,32940,25947,17837,32138
32754,32707,32504,33310,58455,33040,39012,30098,34040,31556,38500,29660,29480,26220,36752,32940,25947,17837,32138
32786,32775,32622,33190,39741,33040,39012,30098,34040,31556,38500,29660,29480,26220,36752,32940,25947,17837,32138
32771,32861,32462,33047,7139,33040,39012,30098,34040,31556,38500,29660,29480,26220,36752,32940,25947,17837,32138
32795,32672,32668,33104,28194,33040,39012,30098,34040,31556,38500,29660,29480,26220,36752,32940,25947,17837,32138
32752,32583,32487,32995,52827,33040,39012,30098,34040,31556,38500,29660,29480,26220,36752,32940,25947,17837,32138
32809,32404,32694,33022,19671,33040,39012,30098,34040,31556,38500,29660,29480,26220,36752,32940,25947,17837,32138
32775,32206,32555,32987,23375,32717,39108,30325,33780,31776,38624,29796,29112,25889,37940,32566,28160,17464,35208
32822,32332,32806,33136,60791,32717,39108,30325,33780,31776,38624,29796,29112,25889,37940,32566,28160,17464,35208
32773,32301,32758,32964,59832,32717,39108,30325,33780,31776,38624,29796,29112,25889,37940,32566,28160,17464,35208
32805,32394,32900,33111,8267,32717,39108,30325,33780,31776,38624,29796,29112,25889,37940,32566,28160,17464,35208
32784,32524,32679,32933,29666,32717,39108,30325,33780,31776,38624,29796,29112,25889,37940,32566,28160,17464,35208
32660,32623,32955,33298,60295,32717,39108,30325,33780,31776,38624,29796,29112,25889,37940,32566,28160,17464,35208
32680,32582,32702,33067,28032,32717,39108,30325,33780,31776,38624,29796,29112,25889,37940,32566,28160,17464,35208
32728,32455,32927,33410,11633,32717,39108,30325,33780,31776,38624,29796,29112,25889,37940,32566,28160,17464,35208
32713,32116,32951,33263,32619,32717,39108,30325,33780,31776,38624,29796,29112,25889,37940,32566,28160,17464,35208
32706,32594,32759,33239,29019,32717,39108,30325,33780,31776,38624,29796,29112,25889,37940,32566,28160,17464,35208
32720,33061,32915,33411,53487,32536,38852,30496,33716,31986,38812,29648,28836,25788,38425,31981,26100,16541,32656
32728,33337,32719,33163,30655,32536,38852,30496,33716,31986,38812,29648,28836,25788,38425,31981,26100,16541,32656
32735,33951,32892,33393,1619,32536,38852,30496,33716,31986,38812,29648,28836,25788,38425,31981,26100,16541,32656
32696,33766,32754,33005,28521,32536,38852,30496,33716,31986,38812,29648,28836,25788,38425,31981,26100,16541,32656
32698,33399,32861,33274,32973,32536,38852,30496,33716,31986,38812,29648,28836,25788,38425,31981,26100,16541,32656
32740,32596,32820,33036,11539,32536,38852,30496,33716,31986,38812,29648,28836,25788,38425,31981,26100,16541,32656
32786,31849,32724,33159,10145,32536,38852,30496,33716,31986,38812,29648,28836,25788,38425,31981,26100,16541,32656
32774,31640,32740,32968,46386,32536,38852,30496,33716,31986,38812,29648,28836,25788,38425,31981,26100,16541,32656
32806,31918,32703,33240,65516,32536,38852,30496,33716,31986,38812,29648,28836,25788,38425,31981,26100,16541,32656
32827,32186,32850,33034,43052,32536,38852,30496,33716,31986,38812,29648,28836,25788,38425,31981,26100,16541,32656
32804,31532,32701,32959,43761,32747,39604,31109,33528,31864,38848,29906,28588,25956,40916,30488,25652,15965,33742
32758,31714,32924,33091,55196,32747,39604,31109,33528,31864,38848,29906,28588,25956,40916,30488,25652,15965,33742
32790,32860,32811,33012,34831,32747,39604,31109,33528,31864,38848,29906,28588,25956,40916,30488,25652,15965,33742
32782,33999,33029,33124,12,32747,39604,31109,33528,31864,38848,29906,28588,25956,40916,30488,25652,15965,33742
32812,34126,32749,32926,62057,32747,39604,31109,33528,31864,38848,29906,28588,25956,40916,30488,25652,15965,33742
32768,34254,32909,33195,30748,32747,39604,31109,33528,31864,38848,29906,28588,25956,40916,30488,25652,15965,33742
32898,34207,32786,33099,2263,32747,39604,31109,33528,31864,38848,29906,28588,25956,40916,30488,25652,15965,33742
32853,34297,32762,33260,63279,32747,39604,31109,33528,31864,38848,29906,28588,25956,40916,30488,25652,15965,33742
32757,34298,32907,33145,29244,32747,39604,31109,33528,31864,38848,29906,28588,25956,40916,30488,25652,15965,33742
32827,33501,32898,33268,3398,32747,39604,31109,33528,31864,38848,29906,28588,25956,40916,30488,25652,15965,33742
32833,32103,32775,33172,7691,32368,39528,31892,33470,31690,39240,30448,28214,26021,41475,32310,28296,15972,40084
32764,32186,32890,33358,65531,32368,39528,31892,33470,31690,39240,30448,28214,26021,41475,32310,28296,15972,40084
32832,32831,32643,33013,61628,32368,39528,31892,33470,31690,39240,30448,28214,26021,41475,32310,28296,15972,40084
32788,33030,32871,33155,20211,32368,39528,31892,33470,31690,39240,30448,28214,26021,41475,32310,28296,15972,40084
32786,32161,32675,33007,58665,32368,39528,31892,33470,31690,39240,30448,28214,26021,41475,32310,28296,15972,40084
32770,30700,32898,32962,26424,32368,39528,31892,33470,31690,39240,30448,28214,26021,41475,32310,28296,15972,40084
32796,29991,32738,32990,13939,32368,39528,31892,33470,31690,39240,30448,28214,26021,41475,32310,28296,15972,40084
32824,30786,32870,32763,20314,32368,39528,31892,33470,31690,39240,30448,28214,26021,41475,32310,28296,15972,40084
32767,31333,32763,33028,29699,32368,39528,31892,33470,31690,39240,30448,28214,26021,41475,32310,28296,15972,40084
32806,31525,32706,32858,40847,32368,39528,31892,33470,31690,39240,30448,28214,26021,41475,32310,28296,15972,40084
32710,31750,32720,33009,33698,32328,39816,32308,33352,31816,40008,31200,27802,26592,43456,34686,29148,16282,41217
32694,31401,32813,32872,35535,32328,39816,32308,33352,31816,40008,31200,27802,26592,43456,34686,29148,16282,41217
32781,31391,32695,33172,31824,32328,39816,32308,33352,31816,40008,31200,27802,26592,43456,34686,29148,16282,41217
32772,31964,32775,32997,22565,32328,39816,32308,33352,31816,40008,31200,27802,26592,43456,34686,29148,16282,41217
32801,33341,32581,33465,16946,32328,39816,32308,33352,31816,40008,31200,27802,26592,43456,34686,29148,16282,41217
32816,36163,32644,33260,24678,32328,39816,32308,33352,31816,40008,31200,27802,26592,43456,34686,29148,16282,41217
32804,39462,32748,33543,45156,32328,39816,32308,33352,31816,40008,31200,27802,26592,43456,34686,29148,16282,41217
32839,39797,32739,33287,42575,32328,39816,32308,33352,31816,40008,31200,27802,26592,43456,34686,29148,16282,41217
32829,37127,32853,33329,36409,32328,39816,32308,33352,31816,40008,31200,27802,26592,43456,34686,29148,16282,41217
32804,34792,32790,33070,12253,32328,39816,32308,33352,31816,40008,31200,27802,26592,43456,34686,29148,16282,41217
32789,33140,32752,33197,6382,32057,40120,32906,33054,32392,40468,31546,27364,23646,50544,29988,29456,16751,39988
32870,32460,32714,33064,38503,32057,40120,32906,33054,32392,40468,31546,27364,23646,50544,29988,29456,16751,39988
32833,32112,32909,33163,65524,32057,40120,32906,33054,32392,40468,31546,27364,23646,50544,29988,29456,16751,39988
32788,31615,32709,33017,61295,32057,40120,32906,33054,32392,40468,31546,27364,23646,50544,29988,29456,16751,39988
32901,31431,32594,33265,42446,32057,40120,32906,33054,32392,40468,31546,27364,23646,50544,29988,29456,16751,39988
32816,31346,32784,33060,3107,32057,40120,32906,33054,32392,40468,31546,27364,23646,50544,29988,29456,16751,39988
32848,31126,32611,33268,17356,32057,40120,32906,33054,32392,40468,31546,27364,23646,50544,29988,29456,16751,39988
32845,31220,32673,33229,11374,32057,40120,32906,33054,32392,40468,31546,27364,23646,50544,29988,29456,16751,39988
32815,31545,32783,33106,8374,32057,40120,32906,33054,32392,40468,31546,27364,23646,50544,29988,29456,16751,39988
32765,31704,32650,33402,64222,32057,40120,32906,33054,32392,40468,31546,27364,23646,50544,29988,29456,16751,39988
32776,31751,32847,33195,51094,31732,39858,34252,33106,32618,39852,31116,26952,22688,45520,30291,28009,15716,44712
32778,31623,32882,33213,27420,31732,39858,34252,33106,32618,39852,31116,26952,22688,45520,30291,28009,15716,44712
32809,31642,32845,33287,31726,31732,39858,34252,33106,32618,39852,31116,26952,22688,45520,30291,28009,15716,44712
32743,31879,33242,32999,39502,31732,39858,34252,33106,32618,39852,31116,26952,22688,45520,30291,28009,15716,44712
32710,32621,33202,33273,39767,31732,39858,34252,33106,32618,39852,31116,26952,22688,45520,30291,28009,15716,44712
32720,33871,32905,33219,37910,31732,39858,34252,33106,32618,39852,31116,26952,22688,45520,30291,28009,15716,44712
32680,33530,32907,33045,40656,31732,39858,34252,33106,32618,39852,31116,26952,22688,45520,30291,28009,15716,44712
32601,32775,32894,33183,35738,31732,39858,34252,33106,32618,39852,31116,26952,22688,45520,30291,28009,15716,44712
32645,32623,32895,33055,23523,31732,39858,34252,33106,32618,39852,31116,26952,22688,45520,30291,28009,15716,44712
32620,32581,32690,33345,19954,31732,39858,34252,33106,32618,39852,31116,26952,22688,45520,30291,28009,15716,44712
32550,32293,32634,33207,24783,31436,38396,32870,32968,32072,38560,31104,26508,23244,49633,30218,30222,15952,45596
32688,31873,32791,33133,28643,31436,38396,32870,32968,32072,38560,31104,26508,23244,49633,30218,30222,15952,45596
32644,31820,32550,33263,31642,31436,38396,32870,32968,32072,38560,31104,26508,23244,49633,30218,30222,15952,45596
32574,31873,32615,33017,32730,31436,38396,32870,32968,32072,38560,31104,26508,23244,49633,30218,30222,15952,45596
32560,31911,32435,33313,29375,31436,38396,32870,32968,32072,38560,31104,26508,23244,49633,30218,30222,15952,45596
32583,32647,32773,33004,27315,31436,38396,32870,32968,32072,38560,31104,26508,23244,49633,30218,30222,15952,45596
32621,33227,32675,33283,33702,31436,38396,32870,32968,32072,38560,31104,26508,23244,49633,30218,30222,15952,45596
32640,33343,32903,33046,39246,31436,38396,32870,32968,32072,38560,31104,26508,23244,49633,30218,30222,15952,45596
32665,33195,32795,33287,38215,31436,38396,32870,32968,32072,38560,31104,26508,23244,49633,30218,30222,15952,45596
32674,33225,32727,33104,38053,31436,38396,32870,32968,32072,38560,31104,26508,23244,49633,30218,30222,15952,45596
32656,33272,32535,33090,38261,31968,39392,32968,32792,32840,39020,30592,26061,26740,48528,34013,30716,16454,45120
32647,33136,32955,33268,27201,31968,39392,32968,32792,32840,39020,30592,26061,26740,48528,34013,30716,16454,45120
32658,33132,32767,33099,28227,31968,39392,32968,32792,32840,39020,30592,26061,26740,48528,34013,30716,16454,45120
32696,33363,32455,33037,27733,31968,39392,32968,32792,32840,39020,30592,26061,26740,48528,34013,30716,16454,45120
32654,33358,33023,33315,36653,31968,39392,32968,32792,32840,39020,30592,26061,26740,48528,34013,30716,16454,45120
32612,32939,33303,33220,42930,31968,39392,32968,32792,32840,39020,30592,26061,26740,48528,34013,30716,16454,45120
32598,32921,33074,33076,36282,31968,39392,32968,32792,32840,39020,30592,26061,26740,48528,34013,30716,16454,45120
32651,32835,33321,33327,32845,31968,39392,32968,32792,32840,39020,30592,26061,26740,48528,34013,30716,16454,45120
32650,32825,33271,33085,30259,31968,39392,32968,32792,32840,39020,30592,26061,26740,48528,34013,30716,16454,45120
32601,32743,33207,33323,33911,31968,39392,32968,32792,32840,39020,30592,26061,26740,48528,34013,30716,16454,45120
32572,32695,33214,33234,33091,32256,38616,32738,32508,33408,38234,29963,25592,30124,48021,41960,33400,15965,48568
32616,32710,32924,32973,30652,32256,38616,32738,32508,33408,38234,29963,25592,30124,48021,41960,33400,15965,48568
32558,32692,33061,33180,26109,32256,38616,32738,32508,33408,38234,29963,25592,30124,48021,41960,33400,15965,48568
32633,32721,32761,32939,20626,32256,38616,32738,32508,33408,38234,29963,25592,30124,48021,41960,33400,15965,48568
32649,32816,32987,33223,31083,32256,38616,32738,32508,33408,38234,29963,25592,30124,48021,41960,33400,15965,48568
32640,32802,33218,32997,45037,32256,38616,32738,32508,33408,38234,29963,25592,30124,48021,41960,33400,15965,48568
32607,32674,33070,33065,45721,32256,38616,32738,32508,33408,38234,29963,25592,30124,48021,41960,33400,15965,48568
32593,32731,33182,33081,36576,32256,38616,32738,32508,33408,38234,29963,25592,30124,48021,41960,33400,15965,48568
32583,32591,32827,32964,30663,32256,38616,32738,32508,33408,38234,29963,25592,30124,48021,41960,33400,15965,48568
32668,32573,32717,33241,35187,32256,38616,32738,32508,33408,38234,29963,25592,30124,48021,41960,33400,15965,48568
32631,32674,32732,33071,25439,32688,38476,31569,32506,34618,37740,29476,25094,32764,49108,42884,31748,17856,47908
32686,32647,32485,32981,18299,32688,38476,31569,32506,34618,37740,29476,25094,32764,49108,42884,31748,17856,47908
32749,32755,32839,33164,22567,32688,38476,31569,32506,34618,37740,29476,25094,32764,49108,42884,31748,17856,47908
32786,32867,32847,32967,32420,32688,38476,31569,32506,34618,37740,29476,25094,32764,49108,42884,31748,17856,47908
32769,32911,33114,33178,37606,32688,38476,31569,32506,34618,37740,29476,25094,32764,49108,42884,31748,17856,47908
32732,32919,33092,33023,37465,32688,38476,31569,32506,34618,37740,29476,25094,32764,49108,42884,31748,17856,47908
32729,32918,32746,33279,36561,32688,38476,31569,32506,34618,37740,29476,25094,32764,49108,42884,31748,17856,47908
32727,32959,32530,33069,34893,32688,38476,31569,32506,34618,37740,29476,25094,32764,49108,42884,31748,17856,47908
32777,32908,32590,33135,32437,32688,38476,31569,32506,34618,37740,29476,25094,32764,49108,42884,31748,17856,47908
32822,32789,33051,33174,33595,32688,38476,31569,32506,34618,37740,29476,25094,32764,49108,42884,31748,17856,47908
32850,33153,32822,32910,34882,33264,38204,30498,32296,35196,37222,28232,24608,35880,49532,45494,28117,20838,45120
32820,32827,32903,33091,34967,33264,38204,30498,32296,35196,37222,28232,24608,35880,49532,45494,28117,20838,45120
32816,32363,32817,32869,35323,33264,38204,30498,32296,35196,37222,28232,24608,35880,49532,45494,28117,20838,45120
32769,31955,32773,33132,35171,33264,38204,30498,32296,35196,37222,28232,24608,35880,49532,45494,28117,20838,45120
32799,31735,32834,32983,33719,33264,38204,30498,32296,35196,37222,28232,24608,35880,49532,45494,28117,20838,45120
32798,31543,32768,32890,32569,33264,38204,30498,32296,35196,37222,28232,24608,35880,49532,45494,28117,20838,45120
32788,31816,33079,33229,30196,33264,38204,30498,32296,35196,37222,28232,24608,35880,49532,45494,28117,20838,45120
32696,32570,32723,32967,32242,33264,38204,30498,32296,35196,37222,28232,24608,35880,49532,45494,28117,20838,45120
32690,33283,32814,33129,37451,33264,38204,30498,32296,35196,37222,28232,24608,35880,49532,45494,28117,20838,45120
32720,33518,32466,33014,34916,33264,38204,30498,32296,35196,37222,28232,24608,35880,49532,45494,28117,20838,45120
32710,32793,32727,33358,28343,33522,37828,29092,32296,35005,36744,26991,24104,39553,43385,48228,28268,25760,37092
32765,31952,32770,33138,26818,33522,37828,29092,32296,35005,36744,26991,24104,39553,43385,48228,28268,25760,37092
32767,32370,32893,33551,32002,33522,37828,29092,32296,35005,36744,26991,24104,39553,43385,48228,28268,25760,37092
32720,33255,32453,33171,37309,33522,37828,29092,32296,35005,36744,26991,24104,39553,43385,48228,28268,25760,37092
32802,33951,32420,33462,37311,33522,37828,29092,32296,35005,36744,26991,24104,39553,43385,48228,28268,25760,37092
32766,33991,32462,33159,35171,33522,37828,29092,32296,35005,36744,26991,24104,39553,43385,48228,28268,25760,37092
32775,32746,32959,33319,33237,33522,37828,29092,32296,35005,36744,26991,24104,39553,43385,48228,28268,25760,37092
32839,32191,32641,33206,31631,33522,37828,29092,32296,35005,36744,26991,24104,39553,43385,48228,28268,25760,37092
32850,31991,32515,32896,30315,33522,37828,29092,32296,35005,36744,26991,24104,39553,43385,48228,28268,25760,37092
32964,32302,32899,33126,30650,33522,37828,29092,32296,35005,36744,26991,24104,39553,43385,48228,28268,25760,37092
32927,33183,33087,33088,31663,34044,37817,27572,32032,34528,35992,26696,23608,39132,40592,43080,26736,28381,28184
32864,33633,33297,33247,30855,34044,37817,27572,32032,34528,35992,26696,23608,39132,40592,43080,26736,28381,28184
32903,34343,33237,32943,29452,34044,37817,27572,32032,34528,35992,26696,23608,39132,40592,43080,26736,28381,28184
32868,36205,32905,33323,31021,34044,37817,27572,32032,34528,35992,26696,23608,39132,40592,43080,26736,28381,28184
32826,36077,32878,33148,30787,34044,37817,27572,32032,34528,35992,26696,23608,39132,40592,43080,26736,28381,28184
32858,34887,32990,33273,30992,34044,37817,27572,32032,34528,35992,26696,23608,39132,40592,43080,26736,28381,28184
32844,32663,33214,32984,32211,34044,37817,27572,32032,34528,35992,26696,23608,39132,40592,43080,26736,28381,28184
32882,31606,33126,33295,33415,34044,37817,27572,32032,34528,35992,26696,23608,39132,40592,43080,26736,28381,28184
32839,32091,33563,33062,34818,34044,37817,27572,32032,34528,35992,26696,23608,39132,40592,43080,26736,28381,28184
32813,32739,33147,33175,34818,34044,37817,27572,32032,34528,35992,26696,23608,39132,40592,43080,26736,28381,28184
32753,32799,33047,32909,34547,33828,37576,26440,32076,34720,35668,26624,23208,38820,42492,33888,27724,36740,23208
32769,32861,32739,32959,33269,33828,37576,26440,32076,34720,35668,26624,23208,38820,42492,33888,27724,36740,23208
32770,32723,32860,32869,32711,33828,37576,26440,32076,34720,35668,26624,23208,38820,42492,33888,27724,36740,23208
32798,32107,32679,33068,31634,33828,37576,26440,32076,34720,35668,26624,23208,38820,42492,33888,27724,36740,23208
32740,31439,32754,32997,32336,33828,37576,26440,32076,34720,35668,26624,23208,38820,42492,33888,27724,36740,23208
32775,31409,32389,33233,33114,33828,37576,26440,32076,34720,35668,26624,23208,38820,42492,33888,27724,36740,23208
32805,32017,32551,33095,32655,33828,37576,26440,32076,34720,35668,26624,23208,38820,42492,33888,27724,36740,23208
32812,32311,32329,33247,35515,33828,37576,26440,32076,34720,35668,26624,23208,38820,42492,33888,27724,36740,23208
32812,32339,32341,33069,35346,33828,37576,26440,32076,34720,35668,26624,23208,38820,42492,33888,27724,36740,23208
32813,32357,32334,33215,32873,33828,37576,26440,32076,34720,35668,26624,23208,38820,42492,33888,27724,36740,23208
32784,32355,32123,33157,31281,33872,37348,25954,32045,35232,34784,26432,22856,35849,42664,28509,27532,34425,20088
32701,32263,32347,33334,31534,33872,37348,25954,32045,35232,34784,26432,22856,35849,42664,28509,27532,34425,20088
32790,32237,32263,33048,32594,33872,37348,25954,32045,35232,34784,26432,22856,35849,42664,28509,27532,34425,20088
32809,32327,32535,33294,33911,33872,37348,25954,32045,35232,34784,26432,22856,35849,42664,28509,27532,34425,20088
32816,32755,32393,33061,33593,33872,37348,25954,32045,35232,34784,26432,22856,35849,42664,28509,27532,34425,20088
32750,32857,32698,33239,33583,33872,37348,25954,32045,35232,34784,26432,22856,35849,42664,28509,27532,34425,20088
32809,32686,32681,32948,33538,33872,37348,25954,32045,35232,34784,26432,22856,35849,42664,28509,27532,34425,20088
32810,32429,33011,33249,31934,33872,37348,25954,32045,35232,34784,26432,22856,35849,42664,28509,27532,34425,20088
32863,32325,32869,33013,30425,33872,37348,25954,32045,35232,34784,26432,22856,35849,42664,28509,27532,34425,20088
32860,32397,33011,33319,30862,33872,37348,25954,32045,35232,34784,26432,22856,35849,42664,28509,27532,34425,20088
32799,32420,32853,33167,31840,34040,37656,26360,32086,34469,32764,26616,22497,33868,44636,21776,28012,29712,18948
32774,32402,32855,33255,32986,34040,37656,26360,32086,34469,32764,26616,22497,33868,44636,21776,28012,29712,18948
32806,32582,32487,33093,33199,34040,37656,26360,32086,34469,32764,26616,22497,33868,44636,21776,28012,29712,18948
32802,32581,32647,33194,33150,34040,37656,26360,32086,34469,32764,26616,22497,33868,44636,21776,28012,29712,18948
32762,32718,32631,33080,32714,34040,37656,26360,32086,34469,32764,26616,22497,33868,44636,21776,28012,29712,18948
32820,32695,32720,33235,33402,34040,37656,26360,32086,34469,32764,26616,22497,33868,44636,21776,28012,29712,18948
32787,32699,32841,33217,33279,34040,37656,26360,32086,34469,32764,26616,22497,33868,44636,21776,28012,29712,18948
32775,32747,32583,33185,33353,34040,37656,26360,32086,34469,32764,26616,22497,33868,44636,21776,28012,29712,18948
32793,32739,32629,33242,32963,34040,37656,26360,32086,34469,32764,26616,22497,33868,44636,21776,28012,29712,18948
32791,32637,32537,33299,31502,34040,37656,26360,32086,34469,32764,26616,22497,33868,44636,21776,28012,29712,18948
32868,32604,32643,33155,30511,34424,37544,27056,32072,33114,32285,25630,22200,32552,45412,17770,27973,35048,20174
32827,32603,32787,33194,32140,34424,37544,27056,32072,33114,32285,25630,22200,32552,45412,17770,27973,35048,20174
32841,32658,32698,33058,31897,34424,37544,27056,32072,33114,32285,25630,22200,32552,45412,17770,27973,35048,20174
32804,32735,32842,33263,32748,34424,37544,27056,32072,33114,32285,25630,22200,32552,45412,17770,27973,35048,20174
32828,32535,32787,33124,32743,34424,37544,27056,32072,33114,32285,25630,22200,32552,45412,17770,27973,35048,20174
32864,32595,32963,33280,33713,34424,37544,27056,32072,33114,32285,25630,22200,32552,45412,17770,27973,35048,20174
32883,32475,33063,33219,34011,34424,37544,27056,32072,33114,32285,25630,22200,32552,45412,17770,27973,35048,20174
32847,32640,33219,33343,34239,34424,37544,27056,32072,33114,32285,25630,22200,32552,45412,17770,27973,35048,20174
32810,32987,32797,33096,34311,34424,37544,27056,32072,33114,32285,25630,22200,32552,45412,17770,27973,35048,20174
32781,33073,32834,33327,33817,34424,37544,27056,32072,33114,32285,25630,22200,32552,45412,17770,27973,35048,20174
32812,32967,32541,33021,33634,34724,37396,27553,32032,31984,32326,25516,21912,32192,46665,17554,28949,35339,24249
32775,32849,32648,33135,32758,34724,37396,27553,32032,31984,32326,25516,21912,32192,46665,17554,28949,35339,24249
32787,32775,32767,32991,32183,34724,37396,27553,32032,31984,32326,25516,21912,32192,46665,17554,28949,35339,24249
32729,32527,32598,33019,31596,34724,37396,27553,32032,31984,32326,25516,21912,32192,46665,17554,28949,35339,24249
32815,32851,32749,33308,32022,34724,37396,27553,32032,31984,32326,25516,21912,32192,46665,17554,28949,35339,24249
32770,33166,32705,33023,31623,34724,37396,27553,32032,31984,32326,25516,21912,32192,46665,17554,28949,35339,24249
32838,33333,32958,33332,32645,34724,37396,27553,32032,31984,32326,25516,21912,32192,46665,17554,28949,35339,24249
32832,33119,32861,33204,32838,34724,37396,27553,32032,31984,32326,25516,21912,32192,46665,17554,28949,35339,24249
32905,32658,32885,33210,32918,34724,37396,27553,32032,31984,32326,25516,21912,32192,46665,17554,28949,35339,24249
32867,32983,32645,33147,33704,34724,37396,27553,32032,31984,32326,25516,21912,32192,46665,17554,28949,35339,24249
32833,33423,32863,33081,33731,34570,37460,27836,32174,32235,32906,26840,21610,31840,47360,16456,29112,39472,26316
32818,33743,32543,33163,33509,34570,37460,27836,32174,32235,32906,26840,21610,31840,47360,16456,29112,39472,26316
32775,33229,32735,33111,33611,34570,37460,27836,32174,32235,32906,26840,21610,31840,47360,16456,29112,39472,26316
32724,32851,32708,33199,33893,34570,37460,27836,32174,32235,32906,26840,21610,31840,47360,16456,29112,39472,26316
32719,32701,32669,33073,31599,34570,37460,27836,32174,32235,32906,26840,21610,31840,47360,16456,29112,39472,26316
32749,32418,32002,33127,32068,34570,37460,27836,32174,32235,32906,26840,21610,31840,47360,16456,29112,39472,26316
32767,32439,32037,32983,30937,34570,37460,27836,32174,32235,32906,26840,21610,31840,47360,16456,29112,39472,26316
32717,32231,32127,33245,30437,34570,37460,27836,32174,32235,32906,26840,21610,31840,47360,16456,29112,39472,26316
32722,32087,32619,33127,30665,34570,37460,27836,32174,32235,32906,26840,21610,31840,47360,16456,29112,39472,26316
32711,32379,32754,33323,31173,34570,37460,27836,32174,32235,32906,26840,21610,31840,47360,16456,29112,39472,26316
32731,33143,32614,33019,32587,34498,37488,28280,32308,31988,33992,28450,21305,31514,44097,16148,23460,45240,17088
32698,33627,32871,33233,33451,34498,37488,28280,32308,31988,33992,28450,21305,31514,44097,16148,23460,45240,17088
32792,33693,32707,32987,34003,34498,37488,28280,32308,31988,33992,28450,21305,31514,44097,16148,23460,45240,17088
32835,33306,32775,33242,34657,34498,37488,28280,32308,31988,33992,28450,21305,31514,44097,16148,23460,45240,17088
32823,32818,32634,33159,33871,34498,37488,28280,32308,31988,33992,28450,21305,31514,44097,16148,23460,45240,17088
32841,32545,32647,32950,33843,34498,37488,28280,32308,31988,33992,28450,21305,31514,44097,16148,23460,45240,17088
32855,32429,32891,33229,33131,34498,37488,28280,32308,31988,33992,28450,21305,31514,44097,16148,23460,45240,17088
32828,32394,32727,33087,31775,34498,37488,28280,32308,31988,33992,28450,21305,31514,44097,16148,23460,45240,17088
32825,32377,32875,33071,32239,34498,37488,28280,32308,31988,33992,28450,21305,31514,44097,16148,23460,45240,17088
32797,32465,32715,33223,32231,34498,37488,28280,32308,31988,33992,28450,21305,31514,44097,16148,23460,45240,17088
32725,32567,32500,32953,32051,34705,37664,28386,32604,34468,33252,26960,21024,31044,42780,13102,25008,46420,22712
32730,32549,32712,33343,32557,34705,37664,28386,32604,34468,33252,26960,21024,31044,42780,13102,25008,46420,22712
32693,32582,32574,33272,32835,34705,37664,28386,32604,34468,33252,26960,21024,31044,42780,13102,25008,46420,22712
32694,32565,32431,32969,33115,34705,37664,28386,32604,34468,33252,26960,21024,31044,42780,13102,25008,46420,22712
32711,32629,32677,33218,33325,34705,37664,28386,32604,34468,33252,26960,21024,31044,42780,13102,25008,46420,22712
32701,32763,32691,33002,34562,34705,37664,28386,32604,34468,33252,26960,21024,31044,42780,13102,25008,46420,22712
32743,32634,32820,33098,31983,34705,37664,28386,32604,34468,33252,26960,21024,31044,42780,13102,25008,46420,22712
32793,32685,32930,33303,33126,34705,37664,28386,32604,34468,33252,26960,21024,31044,42780,13102,25008,46420,22712
32846,32641,32771,33069,33734,34705,37664,28386,32604,34468,33252,26960,21024,31044,42780,13102,25008,46420,22712
32786,32599,32979,33191,32873,34705,37664,28386,32604,34468,33252,26960,21024,31044,42780,13102,25008,46420,22712
32705,32615,32746,33120,33967,34272,37368,28302,32674,33880,32728,28304,20826,30836,41648,11948,24353,51607,14065
32768,32795,32638,33066,34542,34272,37368,28302,32674,33880,32728,28304,20826,30836,41648,11948,24353,51607,14065
32681,32801,32664,33175,33164,34272,37368,28302,32674,33880,32728,28304,20826,30836,41648,11948,24353,51607,14065
32725,32871,32670,33101,34783,34272,37368,28302,32674,33880,32728,28304,20826,30836,41648,11948,24353,51607,14065
32773,32839,32790,33183,31647,34272,37368,28302,32674,33880,32728,28304,20826,30836,41648,11948,24353,51607,14065
32737,32841,32635,33003,31943,34272,37368,28302,32674,33880,32728,28304,20826,30836,41648,11948,24353,51607,14065
32665,32741,32735,33301,33623,34272,37368,28302,32674,33880,32728,28304,20826,30836,41648,11948,24353,51607,14065
32748,32775,32729,33284,31639,34272,37368,28302,32674,33880,32728,28304,20826,30836,41648,11948,24353,51607,14065
32723,32891,32453,32966,32797,34272,37368,28302,32674,33880,32728,28304,20826,30836,41648,11948,24353,51607,14065
32750,32885,32630,33158,32094,34272,37368,28302,32674,33880,32728,28304,20826,30836,41648,11948,24353,51607,14065
32696,32747,32733,33117,31699,34236,37052,28216,32560,33944,32916,28384,20654,29812,39661,8616,27300,52682,12572
32770,32687,32550,32946,32145,34236,37052,28216,32560,33944,32916,28384,20654,29812,39661,8616,27300,52682,12572
32712,32679,32690,33247,32142,34236,37052,28216,32560,33944,32916,28384,20654,29812,39661,8616,27300,52682,12572
32746,32724,32711,33027,32052,34236,37052,28216,32560,33944,32916,28384,20654,29812,39661,8616,27300,52682,12572
32748,32785,32718,33218,38496,34236,37052,28216,32560,33944,32916,28384,20654,29812,39661,8616,27300,52682,12572
32724,32751,32868,33221,29606,34236,37052,28216,32560,33944,32916,28384,20654,29812,39661,8616,27300,52682,12572
32708,32771,32677,32981,35831,34236,37052,28216,32560,33944,32916,28384,20654,29812,39661,8616,27300,52682,12572
32754,32807,32708,33235,30786,34236,37052,28216,32560,33944,32916,28384,20654,29812,39661,8616,27300,52682,12572
32742,32679,32856,33247,33042,34236,37052,28216,32560,33944,32916,28384,20654,29812,39661,8616,27300,52682,12572
32811,32763,32602,32975,33811,34236,37052,28216,32560,33944,32916,28384,20654,29812,39661,8616,27300,52682,12572
32774,32812,32759,33199,32551,33896,36492,28124,32568,33688,32784,28368,20568,28728,41272,6005,21806,56612,6500
32849,32803,32667,32996,32981,33896,36492,28124,32568,33688,32784,28368,20568,28728,41272,6005,21806,56612,6500
32772,32836,32803,33251,33638,33896,36492,28124,32568,33688,32784,28368,20568,28728,41272,6005,21806,56612,6500
32771,32775,32694,32992,33269,33896,36492,28124,32568,33688,32784,28368,20568,28728,41272,6005,21806,56612,6500
32826,32783,32863,33198,33495,33896,36492,28124,32568,33688,32784,28368,20568,28728,41272,6005,21806,56612,6500
32764,32763,32775,33021,33207,33896,36492,28124,32568,33688,32784,28368,20568,28728,41272,6005,21806,56612,6500
32846,32737,32797,33223,33184,33896,36492,28124,32568,33688,32784,28368,20568,28728,41272,6005,21806,56612,6500
32814,32758,32919,33119,32859,33896,36492,28124,32568,33688,32784,28368,20568,28728,41272,6005,21806,56612,6500
32816,32691,32729,32999,32876,33896,36492,28124,32568,33688,32784,28368,20568,28728,41272,6005,21806,56612,6500
32864,32607,32891,33159,32855,33896,36492,28124,32568,33688,32784,28368,20568,28728,41272,6005,21806,56612,6500
32832,32703,32702,32895,32587,33949,36300,28108,32712,33448,32368,27896,20520,28181,40545,5152,22237,53908,7128
32817,32795,32751,33255,32647,33949,36300,28108,32712,33448,32368,27896,20520,28181,40545,5152,22237,53908,7128
32781,32769,32879,33126,32473,33949,36300,28108,32712,33448,32368,27896,20520,28181,40545,5152,22237,53908,7128
32747,32775,32809,32986,32077,33949,36300,28108,32712,33448,32368,27896,20520,28181,40545,5152,22237,53908,7128
32814,32726,33082,33109,32468,33949,36300,28108,32712,33448,32368,27896,20520,28181,40545,5152,22237,53908,7128
32763,32668,32915,32999,32207,33949,36300,28108,32712,33448,32368,27896,20520,28181,40545,5152,22237,53908,7128
32661,32755,32965,33204,32143,33949,36300,28108,32712,33448,32368,27896,20520,28181,40545,5152,22237,53908,7128
32692,32870,32775,33195,32709,33949,36300,28108,32712,33448,32368,27896,20520,28181,40545,5152,22237,53908,7128
32716,32774,32639,32991,32677,33949,36300,28108,32712,33448,32368,27896,20520,28181,40545,5152,22237,53908,7128
32710,32763,32741,33084,32739,33949,36300,28108,32712,33448,32368,27896,20520,28181,40545,5152,22237,53908,7128
32738,32811,32359,32895,33311,33585,35936,28352,32722,32784,32200,28384,20544,28228,37253,4795,23472,61407,11757
32702,32790,32203,33239,32423,33585,35936,28352,32722,32784,32200,28384,20544,28228,37253,4795,23472,61407,11757
32761,32681,31484,32931,32745,33585,35936,28352,32722,32784,32200,28384,20544,28228,37253,4795,23472,61407,11757
32775,32641,32160,33166,32983,33585,35936,28352,32722,32784,32200,28384,20544,28228,37253,4795,23472,61407,11757
32686,32642,32293,33149,32541,33585,35936,28352,32722,32784,32200,28384,20544,28228,37253,4795,23472,61407,11757
32670,32669,32023,32949,32431,33585,35936,28352,32722,32784,32200,28384,20544,28228,37253,4795,23472,61407,11757
32635,32812,32947,33217,32606,33585,35936,28352,32722,32784,32200,28384,20544,28228,37253,4795,23472,61407,11757
32602,32775,32510,32919,32802,33585,35936,28352,32722,32784,32200,28384,20544,28228,37253,4795,23472,61407,11757
32706,32775,32363,33287,32629,33585,35936,28352,32722,32784,32200,28384,20544,28228,37253,4795,23472,61407,11757
32788,32677,32570,32978,32647,33585,35936,28352,32722,32784,32200,28384,20544,28228,37253,4795,23472,61407,11757
32873,32679,33114,33247,33119,33301,35488,28578,32674,33056,32020,28196,20585,27344,36820,4593,23161,62637,10640
32902,32735,32978,33081,32963,33301,35488,28578,32674,33056,32020,28196,20585,27344,36820,4593,23161,62637,10640
32768,32775,32415,33191,32748,33301,35488,28578,32674,33056,32020,28196,20585,27344,36820,4593,23161,62637,10640
32786,32694,32065,33175,33425,33301,35488,28578,32674,33056,32020,28196,20585,27344,36820,4593,23161,62637,10640
32818,32663,33008,33046,33079,33301,35488,28578,32674,33056,32020,28196,20585,27344,36820,4593,23161,62637,10640
32887,32607,33734,33299,32897,33301,35488,28578,32674,33056,32020,28196,20585,27344,36820,4593,23161,62637,10640
32915,32630,33687,33225,32766,33301,35488,28578,32674,33056,32020,28196,20585,27344,36820,4593,23161,62637,10640
32895,32639,33607,33179,32694,33301,35488,28578,32674,33056,32020,28196,20585,27344,36820,4593,23161,62637,10640
32796,32865,33319,33253,32801,33301,35488,28578,32674,33056,32020,28196,20585,27344,36820,4593,23161,62637,10640
32735,33184,33260,33009,32837,33301,35488,28578,32674,33056,32020,28196,20585,27344,36820,4593,23161,62637,10640
32754,33267,32695,33227,33562,33296,35545,28609,32512,32686,32016,28570,20732,27560,35564,3559,27084,62446,13279
32702,32941,32748,32951,32758,33296,35545,28609,32512,32686,32016,28570,20732,27560,35564,3559,27084,62446,13279
32660,32813,32429,33155,33039,33296,35545,28609,32512,32686,32016,28570,20732,27560,35564,3559,27084,62446,13279
32702,32705,32587,33059,32684,33296,35545,28609,32512,32686,32016,28570,20732,27560,35564,3559,27084,62446,13279
32632,32553,32439,33025,32623,33296,35545,28609,32512,32686,32016,28570,20732,27560,35564,3559,27084,62446,13279
32625,32485,32230,33097,33091,33296,35545,28609,32512,32686,32016,28570,20732,27560,35564,3559,27084,62446,13279
32629,32498,32501,32955,32755,33296,35545,28609,32512,32686,32016,28570,20732,27560,35564,3559,27084,62446,13279
32712,32583,32484,33221,32824,33296,35545,28609,32512,32686,32016,28570,20732,27560,35564,3559,27084,62446,13279
32654,32786,32554,32940,32923,33296,35545,28609,32512,32686,32016,28570,20732,27560,35564,3559,27084,62446,13279
32671,32783,32434,33296,32411,33296,35545,28609,32512,32686,32016,28570,20732,27560,35564,3559,27084,62446,13279
32691,32738,33132,33041,32627,32940,35049,28828,32568,32616,32274,28738,20818,27420,33916,4659,26541,62441,12870
32866,32665,33319,33123,32629,32940,35049,28828,32568,32616,32274,28738,20818,27420,33916,4659,26541,62441,12870
32933,32650,33518,33235,32717,32940,35049,28828,32568,32616,32274,28738,20818,27420,33916,4659,26541,62441,12870
32979,32525,33149,33019,32383,32940,35049,28828,32568,32616,32274,28738,20818,27420,33916,4659,26541,62441,12870
32805,32479,32034,33337,31965,32940,35049,28828,32568,32616,32274,28738,20818,27420,33916,4659,26541,62441,12870
32858,32492,31833,32989,32819,32940,35049,28828,32568,32616,32274,28738,20818,27420,33916,4659,26541,62441,12870
32930,32459,31999,33155,32475,32940,35049,28828,32568,32616,32274,28738,20818,27420,33916,4659,26541,62441,12870
32902,32596,31842,33145,32999,32940,35049,28828,32568,32616,32274,28738,20818,27420,33916,4659,26541,62441,12870
32829,32674,32130,32848,32896,32940,35049,28828,32568,32616,32274,28738,20818,27420,33916,4659,26541,62441,12870
32759,32620,32643,33199,33025,32940,35049,28828,32568,32616,32274,28738,20818,27420,33916,4659,26541,62441,12870
32716,32850,32715,33138,32891,32920,34926,28941,32680,32736,32404,28588,21010,26884,33048,5878,23733,64056,11066
32692,33205,32693,33005,33313,32920,34926,28941,32680,32736,32404,28588,21010,26884,33048,5878,23733,64056,11066
32820,33010,32775,33109,33043,32920,34926,28941,32680,32736,32404,28588,21010,26884,33048,5878,23733,64056,11066
32773,32933,32586,32975,33494,32920,34926,28941,32680,32736,32404,28588,21010,26884,33048,5878,23733,64056,11066
32702,32871,32797,33262,32847,32920,34926,28941,32680,32736,32404,28588,21010,26884,33048,5878,23733,64056,11066
32609,32791,32551,33045,33210,32920,34926,28941,32680,32736,32404,28588,21010,26884,33048,5878,23733,64056,11066
32698,32797,32556,33021,32729,32920,34926,28941,32680,32736,32404,28588,21010,26884,33048,5878,23733,64056,11066
32645,32743,32287,33175,32285,32920,34926,28941,32680,32736,32404,28588,21010,26884,33048,5878,23733,64056,11066
32656,32727,32018,32831,32611,32920,34926,28941,32680,32736,32404,28588,21010,26884,33048,5878,23733,64056,11066
32744,32784,33385,33222,32119,32920,34926,28941,32680,32736,32404,28588,21010,26884,33048,5878,23733,64056,11066
32748,32740,33167,33095,32438,32632,34784,29145,32632,32306,32440,28473,21217,25438,32456,5308,24696,64984,12163
32775,32671,32275,33007,31879,32632,34784,29145,32632,32306,32440,28473,21217,25438,32456,5308,24696,64984,12163
32646,32718,32335,33156,31771,32632,34784,29145,32632,32306,32440,28473,21217,25438,32456,5308,24696,64984,12163
32433,32679,32467,32899,32363,32632,34784,29145,32632,32306,32440,28473,21217,25438,32456,5308,24696,64984,12163
32427,32727,32322,33249,32844,32632,34784,29145,32632,32306,32440,28473,21217,25438,32456,5308,24696,64984,12163
32671,32847,32564,33287,32449,32632,34784,29145,32632,32306,32440,28473,21217,25438,32456,5308,24696,64984,12163
32716,32785,32675,33102,33215,32632,34784,29145,32632,32306,32440,28473,21217,25438,32456,5308,24696,64984,12163
32838,32799,32928,33237,32991,32632,34784,29145,32632,32306,32440,28473,21217,25438,32456,5308,24696,64984,12163
32918,32767,33347,33255,31988,32632,34784,29145,32632,32306,32440,28473,21217,25438,32456,5308,24696,64984,12163
32928,32679,33287,33125,35069,32632,34784,29145,32632,32306,32440,28473,21217,25438,32456,5308,24696,64984,12163
32862,32631,32559,33399,32647,32381,34592,29168,32420,31872,32364,28516,21406,23757,31060,5142,25443,65224,14546
32848,32737,31891,32987,32339,32381,34592,29168,32420,31872,32364,28516,21406,23757,31060,5142,25443,65224,14546
32608,32835,31429,33027,32899,32381,34592,29168,32420,31872,32364,28516,21406,23757,31060,5142,25443,65224,14546
32652,32711,31562,33138,33489,32381,34592,29168,32420,31872,32364,28516,21406,23757,31060,5142,25443,65224,14546
32587,32733,32845,33108,33149,32381,34592,29168,32420,31872,32364,28516,21406,23757,31060,5142,25443,65224,14546
32557,32663,34509,33479,33589,32381,34592,29168,32420,31872,32364,28516,21406,23757,31060,5142,25443,65224,14546
32741,32519,35095,33343,33287,32381,34592,29168,32420,31872,32364,28516,21406,23757,31060,5142,25443,65224,14546
33025,32519,34883,33245,33031,32381,34592,29168,32420,31872,32364,28516,21406,23757,31060,5142,25443,65224,14546
33249,32793,34495,33379,32854,32381,34592,29168,32420,31872,32364,28516,21406,23757,31060,5142,25443,65224,14546
33166,32897,33442,32860,32491,32381,34592,29168,32420,31872,32364,28516,21406,23757,31060,5142,25443,65224,14546
33287,32871,32771,32986,32679,31976,34314,29540,32614,32108,32540,28484,21658,23272,29908,5588,26143,65412,15575
33453,32955,32549,32891,31339,31976,34314,29540,32614,32108,32540,28484,21658,23272,29908,5588,26143,65412,15575
33378,33017,32246,32878,32848,31976,34314,29540,32614,32108,32540,28484,21658,23272,29908,5588,26143,65412,15575
33036,32907,32387,33134,31807,31976,34314,29540,32614,32108,32540,28484,21658,23272,29908,5588,26143,65412,15575
32836,32819,32344,32915,33628,31976,34314,29540,32614,32108,32540,28484,21658,23272,29908,5588,26143,65412,15575
32662,32821,32815,33253,32662,31976,34314,29540,32614,32108,32540,28484,21658,23272,29908,5588,26143,65412,15575
32536,32875,32647,33152,32466,31976,34314,29540,32614,32108,32540,28484,21658,23272,29908,5588,26143,65412,15575
32548,32788,32509,33257,32659,31976,34314,29540,32614,32108,32540,28484,21658,23272,29908,5588,26143,65412,15575
32495,32660,32541,33199,32959,31976,34314,29540,32614,32108,32540,28484,21658,23272,29908,5588,26143,65412,15575
32518,32499,32359,32911,32550,31976,34314,29540,32614,32108,32540,28484,21658,23272,29908,5588,26143,65412,15575
32487,32519,32383,32924,32346,31732,34282,30020,32421,32304,32612,28544,21996,23617,28533,8540,29500,65416,16203
32352,32639,32087,32793,32657,31732,34282,30020,32421,32304,32612,28544,21996,23617,28533,8540,29500,65416,16203
32287,32666,32082,32831,33135,31732,34282,30020,32421,32304,32612,28544,21996,23617,28533,8540,29500,65416,16203
32118,32615,31959,33107,32775,31732,34282,30020,32421,32304,32612,28544,21996,23617,28533,8540,29500,65416,16203
32172,32501,31858,32897,32819,31732,34282,30020,32421,32304,32612,28544,21996,23617,28533,8540,29500,65416,16203
32266,32354,32257,33207,32978,31732,34282,30020,32421,32304,32612,28544,21996,23617,28533,8540,29500,65416,16203
32415,32083,32775,32973,33075,31732,34282,30020,32421,32304,32612,28544,21996,23617,28533,8540,29500,65416,16203
32647,32130,33003,33031,33095,31732,34282,30020,32421,32304,32612,28544,21996,23617,28533,8540,29500,65416,16203
32711,32206,33082,33271,32495,31732,34282,30020,32421,32304,32612,28544,21996,23617,28533,8540,29500,65416,16203
32821,32691,32897,33306,32503,31732,34282,30020,32421,32304,32612,28544,21996,23617,28533,8540,29500,65416,16203
32906,33559,32853,33136,32752,31364,34068,30312,32416,32496,32738,28680,22330,24305,26732,12316,28513,65408,16101
33079,34049,33287,33494,32847,31364,34068,30312,32416,32496,32738,28680,22330,24305,26732,12316,28513,65408,16101
33280,33786,33408,33448,32901,31364,34068,30312,32416,32496,32738,28680,22330,24305,26732,12316,28513,65408,16101
33304,33479,33693,33363,32791,31364,34068,30312,32416,32496,32738,28680,22330,24305,26732,12316,28513,65408,16101
33175,33281,33722,33378,32775,31364,34068,30312,32416,32496,32738,28680,22330,24305,26732,12316,28513,65408,16101
33132,33261,33647,32949,32519,31364,34068,30312,32416,32496,32738,28680,22330,24305,26732,12316,28513,65408,16101
33262,33183,33461,33330,32539,31364,34068,30312,32416,32496,32738,28680,22330,24305,26732,12316,28513,65408,16101
32942,33231,32667,33111,32765,31364,34068,30312,32416,32496,32738,28680,22330,24305,26732,12316,28513,65408,16101
32662,33321,32747,32911,32775,31364,34068,30312,32416,32496,32738,28680,22330,24305,26732,12316,28513,65408,16101
32741,32999,32471,33063,33187,31364,34068,30312,32416,32496,32738,28680,22330,24305,26732,12316,28513,65408,16101
32728,32758,32663,32791,33671,31169,34000,30396,32496,32528,32912,28788,22744,25400,23328,16096,28848,65412,15546
32544,32530,32485,33186,33866,31169,34000,30396,32496,32528,32912,28788,22744,25400,23328,16096,28848,65412,15546
32438,32451,32643,33099,33189,31169,34000,30396,32496,32528,32912,28788,22744,25400,23328,16096,28848,65412,15546
32213,32436,32609,33063,32620,31169,34000,30396,32496,32528,32912,28788,22744,25400,23328,16096,28848,65412,15546
32200,32381,32691,33142,32483,31169,34000,30396,32496,32528,32912,28788,22744,25400,23328,16096,28848,65412,15546
31986,32402,32531,32875,32337,31169,34000,30396,32496,32528,32912,28788,22744,25400,23328,16096,28848,65412,15546
31929,32497,32627,33090,31830,31169,34000,30396,32496,32528,32912,28788,22744,25400,23328,16096,28848,65412,15546
32082,32527,32387,32972,31927,31169,34000,30396,32496,32528,32912,28788,22744,25400,23328,16096,28848,65412,15546
32078,32399,32477,33067,32047,31169,34000,30396,32496,32528,32912,28788,22744,25400,23328,16096,28848,65412,15546
32102,32451,32199,32975,31949,31169,34000,30396,32496,32528,32912,28788,22744,25400,23328,16096,28848,65412,15546
32040,32605,32087,32948,31891,31024,33660,30484,32605,32244,33188,28660,23140,26313,20874,19228,29896,65416,15363
31970,32805,31660,32683,31596,31024,33660,30484,32605,32244,33188,28660,23140,26313,20874,19228,29896,65416,15363
32074,32839,31575,32946,32038,31024,33660,30484,32605,32244,33188,28660,23140,26313,20874,19228,29896,65416,15363
32201,32731,31652,32813,32682,31024,33660,30484,32605,32244,33188,28660,23140,26313,20874,19228,29896,65416,15363
32319,32761,32086,33207,33455,31024,33660,30484,32605,32244,33188,28660,23140,26313,20874,19228,29896,65416,15363
32582,32926,32818,32819,33171,31024,33660,30484,32605,32244,33188,28660,23140,26313,20874,19228,29896,65416,15363
32814,32823,33903,32807,33574,31024,33660,30484,32605,32244,33188,28660,23140,26313,20874,19228,29896,65416,15363
33097,32680,34245,32994,32866,31024,33660,30484,32605,32244,33188,28660,23140,26313,20874,19228,29896,65416,15363
33342,32645,34541,33396,34290,31024,33660,30484,32605,32244,33188,28660,23140,26313,20874,19228,29896,65416,15363
33285,32775,33623,33448,32423,31024,33660,30484,32605,32244,33188,28660,23140,26313,20874,19228,29896,65416,15363
33019,32774,33321,33225,32086,30904,33641,30556,32624,32404,33420,28037,23561,26888,18719,22361,33032,65404,14371
32804,32743,32934,33219,32249,30904,33641,30556,32624,32404,33420,28037,23561,26888,18719,22361,33032,65404,14371
32703,32737,32707,32967,32581,30904,33641,30556,32624,32404,33420,28037,23561,26888,18719,22361,33032,65404,14371
32684,32829,32796,33335,32341,30904,33641,30556,32624,32404,33420,28037,23561,26888,18719,22361,33032,65404,14371
32666,32686,32583,33255,33478,30904,33641,30556,32624,32404,33420,28037,23561,26888,18719,22361,33032,65404,14371
32606,32647,32634,32974,34039,30904,33641,30556,32624,32404,33420,28037,23561,26888,18719,22361,33032,65404,14371
32684,32671,32882,33325,33757,30904,33641,30556,32624,32404,33420,28037,23561,26888,18719,22361,33032,65404,14371
32507,32771,32462,33233,33659,30904,33641,30556,32624,32404,33420,28037,23561,26888,18719,22361,33032,65404,14371
32272,32761,32143,32999,34247,30904,33641,30556,32624,32404,33420,28037,23561,26888,18719,22361,33032,65404,14371
32342,32613,31877,33190,34159,30904,33641,30556,32624,32404,33420,28037,23561,26888,18719,22361,33032,65404,14371
32479,32519,32896,32951,33861,30942,33610,30452,32632,32152,33424,27966,24061,27240,17981,23571,33582,65424,15100
32372,32503,33253,33055,33809,30942,33610,30452,32632,32152,33424,27966,24061,27240,17981,23571,33582,65424,15100
32396,32403,33603,32865,33559,30942,33610,30452,32632,32152,33424,27966,24061,27240,17981,23571,33582,65424,15100
32517,32199,33335,33234,32067,30942,33610,30452,32632,32152,33424,27966,24061,27240,17981,23571,33582,65424,15100
32753,31765,33399,33175,32187,30942,33610,30452,32632,32152,33424,27966,24061,27240,17981,23571,33582,65424,15100
32879,31379,33173,33607,32485,30942,33610,30452,32632,32152,33424,27966,24061,27240,17981,23571,33582,65424,15100
32883,31691,33603,33667,32055,30942,33610,30452,32632,32152,33424,27966,24061,27240,17981,23571,33582,65424,15100
33071,32258,33263,33545,32039,30942,33610,30452,32632,32152,33424,27966,24061,27240,17981,23571,33582,65424,15100
33202,32370,32959,32839,31612,30942,33610,30452,32632,32152,33424,27966,24061,27240,17981,23571,33582,65424,15100
33182,33287,32527,32963,31259,30942,33610,30452,32632,32152,33424,27966,24061,27240,17981,23571,33582,65424,15100
33049,34165,32524,32847,30887,31078,33588,30312,32789,31740,33736,27968,24580,27317,16674,25137,31512,65416,16679
33023,34537,32289,33090,32354,31078,33588,30312,32789,31740,33736,27968,24580,27317,16674,25137,31512,65416,16679
32856,34100,32435,32895,32511,31078,33588,30312,32789,31740,33736,27968,24580,27317,16674,25137,31512,65416,16679
32706,33507,32455,33133,32511,31078,33588,30312,32789,31740,33736,27968,24580,27317,16674,25137,31512,65416,16679
32596,32876,32507,32946,31254,31078,33588,30312,32789,31740,33736,27968,24580,27317,16674,25137,31512,65416,16679
32784,32435,32475,33315,34030,31078,33588,30312,32789,31740,33736,27968,24580,27317,16674,25137,31512,65416,16679
32838,32506,32252,33032,30085,31078,33588,30312,32789,31740,33736,27968,24580,27317,16674,25137,31512,65416,16679
32839,32493,32477,33251,30057,31078,33588,30312,32789,31740,33736,27968,24580,27317,16674,25137,31512,65416,16679
33109,32519,32263,32979,32666,31078,33588,30312,32789,31740,33736,27968,24580,27317,16674,25137,31512,65416,16679
33228,32447,32342,33301,36293,31078,33588,30312,32789,31740,33736,27968,24580,27317,16674,25137,31512,65416,16679
33024,32339,32123,33049,32241,30840,33528,30229,33026,31400,34226,28028,25131,27000,15476,24478,34572,65415,16599
32712,31971,32324,33335,29720,30840,33528,30229,33026,31400,34226,28028,25131,27000,15476,24478,34572,65415,16599
32594,32235,32401,33207,31780,30840,33528,30229,33026,31400,34226,28028,25131,27000,15476,24478,34572,65415,16599
32576,32467,32329,32947,32972,30840,33528,30229,33026,31400,34226,28028,25131,27000,15476,24478,34572,65415,16599
32598,32327,32661,33273,36448,30840,33528,30229,33026,31400,34226,28028,25131,27000,15476,24478,34572,65415,16599
32754,32590,32501,32994,38159,30840,33528,30229,33026,31400,34226,28028,25131,27000,15476,24478,34572,65415,16599
33040,33154,32745,33373,35094,30840,33528,30229,33026,31400,34226,28028,25131,27000,15476,24478,34572,65415,16599
33176,34220,32715,33407,33958,30840,33528,30229,33026,31400,34226,28028,25131,27000,15476,24478,34572,65415,16599
33144,35748,32839,33540,33530,30840,33528,30229,33026,31400,34226,28028,25131,27000,15476,24478,34572,65415,16599
33103,35707,32915,33539,33369,30840,33528,30229,33026,31400,34226,28028,25131,27000,15476,24478,34572,65415,16599
32967,34659,32954,33398,33487,30876,33730,29828,33008,31492,34954,28048,25675,26432,14698,23208,33172,64436,16518
32825,32914,33155,33247,32666,30876,33730,29828,33008,31492,34954,28048,25675,26432,14698,23208,33172,64436,16518
32684,31719,32927,32891,31829,30876,33730,29828,33008,31492,34954,28048,25675,26432,14698,23208,33172,64436,16518
32644,32475,33142,33106,31861,30876,33730,29828,33008,31492,34954,28048,25675,26432,14698,23208,33172,64436,16518
32716,31815,32998,32893,32118,30876,33730,29828,33008,31492,34954,28048,25675,26432,14698,23208,33172,64436,16518
32598,31461,33175,33101,31591,30876,33730,29828,33008,31492,34954,28048,25675,26432,14698,23208,33172,64436,16518
32563,31453,32707,33065,31891,30876,33730,29828,33008,31492,34954,28048,25675,26432,14698,23208,33172,64436,16518
32694,31506,32615,33014,31961,30876,33730,29828,33008,31492,34954,28048,25675,26432,14698,23208,33172,64436,16518
32681,32854,32637,33187,32714,30876,33730,29828,33008,31492,34954,28048,25675,26432,14698,23208,33172,64436,16518
33137,34191,32956,33112,32803,30876,33730,29828,33008,31492,34954,28048,25675,26432,14698,23208,33172,64436,16518
33224,33366,33782,33327,32871,31344,34178,29680,33138,32090,35204,28560,26257,26164,15389,23718,33112,61225,17897
33301,31689,33498,33183,32749,31344,34178,29680,33138,32090,35204,28560,26257,26164,15389,23718,33112,61225,17897
33128,30695,32077,33465,32663,31344,34178,29680,33138,32090,35204,28560,26257,26164,15389,23718,33112,61225,17897
33033,31375,32601,33206,32574,31344,34178,29680,33138,32090,35204,28560,26257,26164,15389,23718,33112,61225,17897
32970,33087,32151,33254,32767,31344,34178,29680,33138,32090,35204,28560,26257,26164,15389,23718,33112,61225,17897
32906,33842,30995,32931,33100,31344,34178,29680,33138,32090,35204,28560,26257,26164,15389,23718,33112,61225,17897
32690,34507,31383,33391,33236,31344,34178,29680,33138,32090,35204,28560,26257,26164,15389,23718,33112,61225,17897
32677,34188,32135,33205,33488,31344,34178,29680,33138,32090,35204,28560,26257,26164,15389,23718,33112,61225,17897
32738,32932,32959,33399,35955,31344,34178,29680,33138,32090,35204,28560,26257,26164,15389,23718,33112,61225,17897
32966,31925,32889,33202,33780,31344,34178,29680,33138,32090,35204,28560,26257,26164,15389,23718,33112,61225,17897
32888,31325,33465,33188,32918,32228,34866,29960,33457,33064,35816,28608,26780,26194,15721,23175,30336,57224,16120
32763,31495,33887,33171,32997,32228,34866,29960,33457,33064,35816,28608,26780,26194,15721,23175,30336,57224,16120
32554,32662,34343,32978,32809,32228,34866,29960,33457,33064,35816,28608,26780,26194,15721,23175,30336,57224,16120
32032,34263,33972,32917,32848,32228,34866,29960,33457,33064,35816,28608,26780,26194,15721,23175,30336,57224,16120
32255,34887,32279,32978,32556,32228,34866,29960,33457,33064,35816,28608,26780,26194,15721,23175,30336,57224,16120
32578,34131,32029,32959,32431,32228,34866,29960,33457,33064,35816,28608,26780,26194,15721,23175,30336,57224,16120
32845,33115,33149,33194,31494,32228,34866,29960,33457,33064,35816,28608,26780,26194,15721,23175,30336,57224,16120
32985,32594,34390,33255,30827,32228,34866,29960,33457,33064,35816,28608,26780,26194,15721,23175,30336,57224,16120
33018,32377,34463,33243,30661,32228,34866,29960,33457,33064,35816,28608,26780,26194,15721,23175,30336,57224,16120
32858,32351,32766,33307,30872,32228,34866,29960,33457,33064,35816,28608,26780,26194,15721,23175,30336,57224,16120
32921,32170,31658,32863,30991,32442,36032,30796,33684,33288,36338,28550,27258,25857,16137,21626,25096,58220,13044
32893,30667,31263,33367,31434,32442,36032,30796,33684,33288,36338,28550,27258,25857,16137,21626,25096,58220,13044
32603,29354,31435,33005,32271,32442,36032,30796,33684,33288,36338,28550,27258,25857,16137,21626,25096,58220,13044
32396,29218,31559,33284,32391,32442,36032,30796,33684,33288,36338,28550,27258,25857,16137,21626,25096,58220,13044
32775,29741,31942,32905,32667,32442,36032,30796,33684,33288,36338,28550,27258,25857,16137,21626,25096,58220,13044
33235,30311,32614,33098,34077,32442,36032,30796,33684,33288,36338,28550,27258,25857,16137,21626,25096,58220,13044
33384,31588,32505,32967,33648,32442,36032,30796,33684,33288,36338,28550,27258,25857,16137,21626,25096,58220,13044
33408,33023,32218,33107,34043,32442,36032,30796,33684,33288,36338,28550,27258,25857,16137,21626,25096,58220,13044
33223,35759,32647,32969,34545,32442,36032,30796,33684,33288,36338,28550,27258,25857,16137,21626,25096,58220,13044
33064,36885,33035,33095,33350,32442,36032,30796,33684,33288,36338,28550,27258,25857,16137,21626,25096,58220,13044
32935,36961,33178,33063,33031,33176,37304,31988,33921,33322,36616,28988,27592,24239,17585,17576,23692,48272,8932
32962,38059,33473,33211,33775,33176,37304,31988,33921,33322,36616,28988,27592,24239,17585,17576,23692,48272,8932
32894,38676,33251,33547,32698,33176,37304,31988,33921,33322,36616,28988,27592,24239,17585,17576,23692,48272,8932
32848,35862,33081,33566,32391,33176,37304,31988,33921,33322,36616,28988,27592,24239,17585,17576,23692,48272,8932
33060,30055,32765,33803,33369,33176,37304,31988,33921,33322,36616,28988,27592,24239,17585,17576,23692,48272,8932
33277,27521,32865,33597,32835,33176,37304,31988,33921,33322,36616,28988,27592,24239,17585,17576,23692,48272,8932
33350,27727,32871,33347,32463,33176,37304,31988,33921,33322,36616,28988,27592,24239,17585,17576,23692,48272,8932
33073,29822,32695,33303,32788,33176,37304,31988,33921,33322,36616,28988,27592,24239,17585,17576,23692,48272,8932
33306,32674,32967,33159,33113,33176,37304,31988,33921,33322,36616,28988,27592,24239,17585,17576,23692,48272,8932
33688,31879,32879,33234,33011,33176,37304,31988,33921,33322,36616,28988,27592,24239,17585,17576,23692,48272,8932
33482,32903,32961,32967,32464,32978,37630,33188,34088,32540,36736,29432,27956,21182,23220,12674,24312,49232,11928
33189,33895,32990,33261,32511,32978,37630,33188,34088,32540,36736,29432,27956,21182,23220,12674,24312,49232,11928
32933,33831,32849,33167,33534,32978,37630,33188,34088,32540,36736,29432,27956,21182,23220,12674,24312,49232,11928
32457,33560,32894,32979,33138,32978,37630,33188,34088,32540,36736,29432,27956,21182,23220,12674,24312,49232,11928
32476,32656,32982,33139,33121,32978,37630,33188,34088,32540,36736,29432,27956,21182,23220,12674,24312,49232,11928
32937,32669,32859,33167,33618,32978,37630,33188,34088,32540,36736,29432,27956,21182,23220,12674,24312,49232,11928
32943,32915,32860,33170,32535,32978,37630,33188,34088,32540,36736,29432,27956,21182,23220,12674,24312,49232,11928
32592,33199,33077,33287,32431,32978,37630,33188,34088,32540,36736,29432,27956,21182,23220,12674,24312,49232,11928
32398,33339,32896,33085,32657,32978,37630,33188,34088,32540,36736,29432,27956,21182,23220,12674,24312,49232,11928
32137,32569,33053,33166,32537,32978,37630,33188,34088,32540,36736,29432,27956,21182,23220,12674,24312,49232,11928
32025,32139,33193,32887,33079,32660,39856,34190,34324,32124,36434,30032,28368,20964,25322,12772,26420,37397,17713
32255,32046,32953,33041,33049,32660,39856,34190,34324,32124,36434,30032,28368,20964,25322,12772,26420,37397,17713
32575,32159,33223,33125,33343,32660,39856,34190,34324,32124,36434,30032,28368,20964,25322,12772,26420,37397,17713
32816,32307,33159,32893,33005,32660,39856,34190,34324,32124,36434,30032,28368,20964,25322,12772,26420,37397,17713
32850,31961,32926,33207,32897,32660,39856,34190,34324,32124,36434,30032,28368,20964,25322,12772,26420,37397,17713
32790,31535,33023,33102,32967,32660,39856,34190,34324,32124,36434,30032,28368,20964,25322,12772,26420,37397,17713
32674,31271,33003,32975,33117,32660,39856,34190,34324,32124,36434,30032,28368,20964,25322,12772,26420,37397,17713
32639,31943,32668,33207,33023,32660,39856,34190,34324,32124,36434,30032,28368,20964,25322,12772,26420,37397,17713
32892,32914,32896,33024,33028,32660,39856,34190,34324,32124,36434,30032,28368,20964,25322,12772,26420,37397,17713
33158,33673,33031,33091,32940,32660,39856,34190,34324,32124,36434,30032,28368,20964,25322,12772,26420,37397,17713
33398,33727,32643,32879,32374,32024,39408,36132,34788,32466,36216,30397,28600,20612,25516,14274,28900,35856,24168
33333,33863,32759,32917,32181,32024,39408,36132,34788,32466,36216,30397,28600,20612,25516,14274,28900,35856,24168
33233,34001,32809,33229,31815,32024,39408,36132,34788,32466,36216,30397,28600,20612,25516,14274,28900,35856,24168
33300,33751,32647,33227,31741,32024,39408,36132,34788,32466,36216,30397,28600,20612,25516,14274,28900,35856,24168
33418,33287,32801,33166,31987,32024,39408,36132,34788,32466,36216,30397,28600,20612,25516,14274,28900,35856,24168
33554,33073,32783,33209,32067,32024,39408,36132,34788,32466,36216,30397,28600,20612,25516,14274,28900,35856,24168
33404,32645,32557,33143,32005,32024,39408,36132,34788,32466,36216,30397,28600,20612,25516,14274,28900,35856,24168
33129,31670,32891,33156,32401,32024,39408,36132,34788,32466,36216,30397,28600,20612,25516,14274,28900,35856,24168
32989,31980,32991,33198,32431,32024,39408,36132,34788,32466,36216,30397,28600,20612,25516,14274,28900,35856,24168
32811,32259,32825,32967,32483,32024,39408,36132,34788,32466,36216,30397,28600,20612,25516,14274,28900,35856,24168
32498,32351,32733,32815,32975,32529,40500,37120,35012,33032,35884,30664,28852,24096,9957,21132,28416,27510,21561
32293,32347,32903,32946,32753,32529,40500,37120,35012,33032,35884,30664,28852,24096,9957,21132,28416,27510,21561
32390,32638,32759,33100,32751,32529,40500,37120,35012,33032,35884,30664,28852,24096,9957,21132,28416,27510,21561
32504,34139,32647,33351,33169,32529,40500,37120,35012,33032,35884,30664,28852,24096,9957,21132,28416,27510,21561
32857,34867,32775,33647,33703,32529,40500,37120,35012,33032,35884,30664,28852,24096,9957,21132,28416,27510,21561
33051,34333,32839,33455,33458,32529,40500,37120,35012,33032,35884,30664,28852,24096,9957,21132,28416,27510,21561
32960,33213,32662,33167,33295,32529,40500,37120,35012,33032,35884,30664,28852,24096,9957,21132,28416,27510,21561
32658,32331,32877,33550,33327,32529,40500,37120,35012,33032,35884,30664,28852,24096,9957,21132,28416,27510,21561
32070,31545,32631,33197,33684,32529,40500,37120,35012,33032,35884,30664,28852,24096,9957,21132,28416,27510,21561
32160,31453,32701,33518,33443,32529,40500,37120,35012,33032,35884,30664,28852,24096,9957,21132,28416,27510,21561
32703,31671,32767,33300,33337,32596,42788,37916,35088,33368,35734,31124,29024,26975,20640,21337,30080,21634,21821
33001,31849,32626,33173,32827,32596,42788,37916,35088,33368,35734,31124,29024,26975,20640,21337,30080,21634,21821
32860,32399,32885,33296,31892,32596,42788,37916,35088,33368,35734,31124,29024,26975,20640,21337,30080,21634,21821
32622,32930,32814,33041,32127,32596,42788,37916,35088,33368,35734,31124,29024,26975,20640,21337,30080,21634,21821
32635,32775,32690,33093,32274,32596,42788,37916,35088,33368,35734,31124,29024,26975,20640,21337,30080,21634,21821
32823,32494,32826,32983,32477,32596,42788,37916,35088,33368,35734,31124,29024,26975,20640,21337,30080,21634,21821
32900,31926,32549,32880,32692,32596,42788,37916,35088,33368,35734,31124,29024,26975,20640,21337,30080,21634,21821
32926,31783,32615,32935,33011,32596,42788,37916,35088,33368,35734,31124,29024,26975,20640,21337,30080,21634,21821
33097,31861,32519,32786,33271,32596,42788,37916,35088,33368,35734,31124,29024,26975,20640,21337,30080,21634,21821
33442,31837,32641,32851,33473,32596,42788,37916,35088,33368,35734,31124,29024,26975,20640,21337,30080,21634,21821
33558,31963,32775,32923,33445,32592,39872,36328,35090,33572,35712,31384,29188,27041,19493,26656,30241,16593,21487
33048,32591,32964,33341,33108,32592,39872,36328,35090,33572,35712,31384,29188,27041,19493,26656,30241,16593,21487
32722,32832,32876,33181,37891,32592,39872,36328,35090,33572,35712,31384,29188,27041,19493,26656,30241,16593,21487
32542,33239,32854,33321,26341,32592,39872,36328,35090,33572,35712,31384,29188,27041,19493,26656,30241,16593,21487
32895,33471,32802,33159,29293,32592,39872,36328,35090,33572,35712,31384,29188,27041,19493,26656,30241,16593,21487
32590,33969,32762,33141,35631,32592,39872,36328,35090,33572,35712,31384,29188,27041,19493,26656,30241,16593,21487
32452,35151,32858,33655,31635,32592,39872,36328,35090,33572,35712,31384,29188,27041,19493,26656,30241,16593,21487
32378,36759,32678,33537,33393,32592,39872,36328,35090,33572,35712,31384,29188,27041,19493,26656,30241,16593,21487
32336,36519,32725,33652,32334,32592,39872,36328,35090,33572,35712,31384,29188,27041,19493,26656,30241,16593,21487
32022,32645,32630,33191,31471,32592,39872,36328,35090,33572,35712,31384,29188,27041,19493,26656,30241,16593,21487
31964,31135,32797,33111,32860,32587,39636,35634,35289,33840,35590,31646,29280,29232,19770,28604,26417,11797,20800
31935,30480,32560,32495,32603,32587,39636,35634,35289,33840,35590,31646,29280,29232,19770,28604,26417,11797,20800
31817,31239,32754,32764,31211,32587,39636,35634,35289,33840,35590,31646,29280,29232,19770,28604,26417,11797,20800
31682,32761,32556,32666,32407,32587,39636,35634,35289,33840,35590,31646,29280,29232,19770,28604,26417,11797,20800
31821,33355,32771,32999,33253,32587,39636,35634,35289,33840,35590,31646,29280,29232,19770,28604,26417,11797,20800
32197,33967,32563,33159,32976,32587,39636,35634,35289,33840,35590,31646,29280,29232,19770,28604,26417,11797,20800
32564,33873,32603,33338,33117,32587,39636,35634,35289,33840,35590,31646,29280,29232,19770,28604,26417,11797,20800
32873,33313,32722,33449,33042,32587,39636,35634,35289,33840,35590,31646,29280,29232,19770,28604,26417,11797,20800
33033,32743,32705,33047,33530,32587,39636,35634,35289,33840,35590,31646,29280,29232,19770,28604,26417,11797,20800
33036,32539,32840,32919,32263,32587,39636,35634,35289,33840,35590,31646,29280,29232,19770,28604,26417,11797,20800
33058,32643,32563,32911,31837,32210,39133,35578,35252,33936,35324,31768,29284,32489,20267,36375,31600,7183,23938
33213,32583,32733,33157,33077,32210,39133,35578,35252,33936,35324,31768,29284,32489,20267,36375,31600,7183,23938
33182,32527,32701,33113,33581,32210,39133,35578,35252,33936,35324,31768,29284,32489,20267,36375,31600,7183,23938
33038,32563,32838,33135,33525,32210,39133,35578,35252,33936,35324,31768,29284,32489,20267,36375,31600,7183,23938
33269,32519,32849,33150,34015,32210,39133,35578,35252,33936,35324,31768,29284,32489,20267,36375,31600,7183,23938
33141,32351,32623,32868,33658,32210,39133,35578,35252,33936,35324,31768,29284,32489,20267,36375,31600,7183,23938
33030,32031,32818,33095,32519,32210,39133,35578,35252,33936,35324,31768,29284,32489,20267,36375,31600,7183,23938
33015,31713,32571,32823,31937,32210,39133,35578,35252,33936,35324,31768,29284,32489,20267,36375,31600,7183,23938
32826,31857,32862,32908,31999,32210,39133,35578,35252,33936,35324,31768,29284,32489,20267,36375,31600,7183,23938
32887,32139,32615,32889,32482,32210,39133,35578,35252,33936,35324,31768,29284,32489,20267,36375,31600,7183,23938
32956,32359,32553,32977,32900,32300,38630,35080,35092,34036,35194,31324,29394,34870,19696,39036,29880,4392,25386
32718,32556,32623,33107,32735,32300,38630,35080,35092,34036,35194,31324,29394,34870,19696,39036,29880,4392,25386
32390,32515,32527,32885,33147,32300,38630,35080,35092,34036,35194,31324,29394,34870,19696,39036,29880,4392,25386
32424,32461,32884,33044,32619,32300,38630,35080,35092,34036,35194,31324,29394,34870,19696,39036,29880,4392,25386
32412,32431,32615,32914,32069,32300,38630,35080,35092,34036,35194,31324,29394,34870,19696,39036,29880,4392,25386
32452,32895,32609,32993,32292,32300,38630,35080,35092,34036,35194,31324,29394,34870,19696,39036,29880,4392,25386
32436,33044,32767,33315,32151,32300,38630,35080,35092,34036,35194,31324,29394,34870,19696,39036,29880,4392,25386
32521,34232,32607,33067,32781,32300,38630,35080,35092,34036,35194,31324,29394,34870,19696,39036,29880,4392,25386
32698,34998,32663,32895,33358,32300,38630,35080,35092,34036,35194,31324,29394,34870,19696,39036,29880,4392,25386
32850,34384,32834,33095,33782,32300,38630,35080,35092,34036,35194,31324,29394,34870,19696,39036,29880,4392,25386
32923,33487,32712,33005,34285,32356,37928,34308,35044,33340,35684,30786,29320,36756,17664,39572,30516,4402,25396
33065,32903,32828,33207,34344,32356,37928,34308,35044,33340,35684,30786,29320,36756,17664,39572,30516,4402,25396
33250,32647,32799,33158,34337,32356,37928,34308,35044,33340,35684,30786,29320,36756,17664,39572,30516,4402,25396
33066,32263,32703,32975,33671,32356,37928,34308,35044,33340,35684,30786,29320,36756,17664,39572,30516,4402,25396
33047,32101,32903,33279,33463,32356,37928,34308,35044,33340,35684,30786,29320,36756,17664,39572,30516,4402,25396
33006,32199,32791,33205,32850,32356,37928,34308,35044,33340,35684,30786,29320,36756,17664,39572,30516,4402,25396
32824,32258,32815,33038,31922,32356,37928,34308,35044,33340,35684,30786,29320,36756,17664,39572,30516,4402,25396
32745,32307,32918,33189,31461,32356,37928,34308,35044,33340,35684,30786,29320,36756,17664,39572,30516,4402,25396
32617,32293,32615,32903,31455,32356,37928,34308,35044,33340,35684,30786,29320,36756,17664,39572,30516,4402,25396
32394,32307,32826,33086,31689,32356,37928,34308,35044,33340,35684,30786,29320,36756,17664,39572,30516,4402,25396
32232,32359,32601,33120,32035,32400,37408,33344,34916,32976,36984,30770,29248,37464,15313,41446,35136,7173,27286
32481,32436,32737,33183,32377,32400,37408,33344,34916,32976,36984,30770,29248,37464,15313,41446,35136,7173,27286
33122,32611,32723,33257,32605,32400,37408,33344,34916,32976,36984,30770,29248,37464,15313,41446,35136,7173,27286
33964,32667,32519,33021,33028,32400,37408,33344,34916,32976,36984,30770,29248,37464,15313,41446,35136,7173,27286
33716,32641,32642,33295,33282,32400,37408,33344,34916,32976,36984,30770,29248,37464,15313,41446,35136,7173,27286
33349,32637,32400,32962,32903,32400,37408,33344,34916,32976,36984,30770,29248,37464,15313,41446,35136,7173,27286
32894,32411,32607,33223,32989,32400,37408,33344,34916,32976,36984,30770,29248,37464,15313,41446,35136,7173,27286
32352,32354,32543,33131,33190,32400,37408,33344,34916,32976,36984,30770,29248,37464,15313,41446,35136,7173,27286
31919,32251,32726,33051,33060,32400,37408,33344,34916,32976,36984,30770,29248,37464,15313,41446,35136,7173,27286
32044,32257,32823,33183,32822,32400,37408,33344,34916,32976,36984,30770,29248,37464,15313,41446,35136,7173,27286
32203,32349,32542,32961,32636,32301,37168,32264,34824,32192,39217,31370,29212,39952,14823,45636,37170,11399,35500
32206,32415,32583,33189,32706,32301,37168,32264,34824,32192,39217,31370,29212,39952,14823,45636,37170,11399,35500
32508,32773,32325,33063,32588,32301,37168,32264,34824,32192,39217,31370,29212,39952,14823,45636,37170,11399,35500
32786,33351,32555,33030,32553,32301,37168,32264,34824,32192,39217,31370,29212,39952,14823,45636,37170,11399,35500
32322,33485,32514,33129,32195,32301,37168,32264,34824,32192,39217,31370,29212,39952,14823,45636,37170,11399,35500
32014,33561,32739,32873,32031,32301,37168,32264,34824,32192,39217,31370,29212,39952,14823,45636,37170,11399,35500
32458,33647,32850,33135,32354,32301,37168,32264,34824,32192,39217,31370,29212,39952,14823,45636,37170,11399,35500
32785,33487,32630,33237,32357,32301,37168,32264,34824,32192,39217,31370,29212,39952,14823,45636,37170,11399,35500
33029,33711,32859,33103,32827,32301,37168,32264,34824,32192,39217,31370,29212,39952,14823,45636,37170,11399,35500
33575,33825,32751,33397,32902,32301,37168,32264,34824,32192,39217,31370,29212,39952,14823,45636,37170,11399,35500
33628,32941,32935,33157,32366,31831,38338,31449,34844,30028,40672,32106,29096,38148,21695,49921,31152,14622,33004
33440,32039,32831,33473,33317,31831,38338,31449,34844,30028,40672,32106,29096,38148,21695,49921,31152,14622,33004
33767,32164,32831,32796,33247,31831,38338,31449,34844,30028,40672,32106,29096,38148,21695,49921,31152,14622,33004
33652,32442,32711,32907,32935,31831,38338,31449,34844,30028,40672,32106,29096,38148,21695,49921,31152,14622,33004
33504,32803,32693,33225,32917,31831,38338,31449,34844,30028,40672,32106,29096,38148,21695,49921,31152,14622,33004
33234,33579,32674,33191,32997,31831,38338,31449,34844,30028,40672,32106,29096,38148,21695,49921,31152,14622,33004
33042,33656,32870,33031,33301,31831,38338,31449,34844,30028,40672,32106,29096,38148,21695,49921,31152,14622,33004
32647,33485,32691,33112,32818,31831,38338,31449,34844,30028,40672,32106,29096,38148,21695,49921,31152,14622,33004
32434,33287,32847,32991,32847,31831,38338,31449,34844,30028,40672,32106,29096,38148,21695,49921,31152,14622,33004
32519,32927,32666,33287,32823,31831,38338,31449,34844,30028,40672,32106,29096,38148,21695,49921,31152,14622,33004
32769,32547,32940,33127,32849,31528,39416,31524,34420,29904,40770,32424,29048,36741,23024,48288,32425,13442,30952
32866,32293,32743,33253,33303,31528,39416,31524,34420,29904,40770,32424,29048,36741,23024,48288,32425,13442,30952
32621,32471,32926,33082,32918,31528,39416,31524,34420,29904,40770,32424,29048,36741,23024,48288,32425,13442,30952
32420,32527,32802,33349,33349,31528,39416,31524,34420,29904,40770,32424,29048,36741,23024,48288,32425,13442,30952
32591,32493,32923,33241,33011,31528,39416,31524,34420,29904,40770,32424,29048,36741,23024,48288,32425,13442,30952
32732,32301,32595,32955,32707,31528,39416,31524,34420,29904,40770,32424,29048,36741,23024,48288,32425,13442,30952
32734,32453,32717,33311,32247,31528,39416,31524,34420,29904,40770,32424,29048,36741,23024,48288,32425,13442,30952
32795,32611,32595,32963,31751,31528,39416,31524,34420,29904,40770,32424,29048,36741,23024,48288,32425,13442,30952
32884,32634,32827,33287,31750,31528,39416,31524,34420,29904,40770,32424,29048,36741,23024,48288,32425,13442,30952
32794,32577,32819,33143,32255,31528,39416,31524,34420,29904,40770,32424,29048,36741,23024,48288,32425,13442,30952
32598,32765,32705,33179,32212,31236,39168,30644,34250,31004,38344,32066,28976,33444,25646,42505,33715,7994,29752
32527,32634,32944,33381,32327,31236,39168,30644,34250,31004,38344,32066,28976,33444,25646,42505,33715,7994,29752
32511,32551,32723,32775,32739,31236,39168,30644,34250,31004,38344,32066,28976,33444,25646,42505,33715,7994,29752
32557,33015,32931,33227,32697,31236,39168,30644,34250,31004,38344,32066,28976,33444,25646,42505,33715,7994,29752
32654,33083,32685,32963,33171,31236,39168,30644,34250,31004,38344,32066,28976,33444,25646,42505,33715,7994,29752
32617,32887,32843,33017,33087,31236,39168,30644,34250,31004,38344,32066,28976,33444,25646,42505,33715,7994,29752
32569,33271,32754,33011,33126,31236,39168,30644,34250,31004,38344,32066,28976,33444,25646,42505,33715,7994,29752
32559,33170,32911,33366,33294,31236,39168,30644,34250,31004,38344,32066,28976,33444,25646,42505,33715,7994,29752
32579,32799,32735,33119,32905,31236,39168,30644,34250,31004,38344,32066,28976,33444,25646,42505,33715,7994,29752
32640,32735,32975,33223,32230,31236,39168,30644,34250,31004,38344,32066,28976,33444,25646,42505,33715,7994,29752
32623,32790,32822,32990,32595,31592,39616,31020,34044,31400,38012,30756,28934,31552,28128,36549,30297,6197,32952
32605,32631,32939,33171,32719,31592,39616,31020,34044,31400,38012,30756,28934,31552,28128,36549,30297,6197,32952
32619,32637,32909,33036,32890,31592,39616,31020,34044,31400,38012,30756,28934,31552,28128,36549,30297,6197,32952
32620,32450,32903,33303,33202,31592,39616,31020,34044,31400,38012,30756,28934,31552,28128,36549,30297,6197,32952
32580,32386,32995,33098,32711,31592,39616,31020,34044,31400,38012,30756,28934,31552,28128,36549,30297,6197,32952
32640,32370,32820,32961,33074,31592,39616,31020,34044,31400,38012,30756,28934,31552,28128,36549,30297,6197,32952
32593,32377,33037,32743,32447,31592,39616,31020,34044,31400,38012,30756,28934,31552,28128,36549,30297,6197,32952
32492,32331,32879,33527,32434,31592,39616,31020,34044,31400,38012,30756,28934,31552,28128,36549,30297,6197,32952
32437,32701,33040,33909,31709,31592,39616,31020,34044,31400,38012,30756,28934,31552,28128,36549,30297,6197,32952
32514,32761,32908,33555,32582,31592,39616,31020,34044,31400,38012,30756,28934,31552,28128,36549,30297,6197,32952
32626,32771,32913,32110,33419,32040,39576,31240,33872,30594,37876,29692,28824,29278,25477,32880,34541,7739,39028
32696,32865,33027,31855,32453,32040,39576,31240,33872,30594,37876,29692,28824,29278,25477,32880,34541,7739,39028
32820,33159,32775,32765,33636,32040,39576,31240,33872,30594,37876,29692,28824,29278,25477,32880,34541,7739,39028
32889,33330,32840,33515,32942,32040,39576,31240,33872,30594,37876,29692,28824,29278,25477,32880,34541,7739,39028
32883,33339,32755,33415,32382,32040,39576,31240,33872,30594,37876,29692,28824,29278,25477,32880,34541,7739,39028
32884,33167,32876,33369,31931,32040,39576,31240,33872,30594,37876,29692,28824,29278,25477,32880,34541,7739,39028
32952,32949,32704,33348,32171,32040,39576,31240,33872,30594,37876,29692,28824,29278,25477,32880,34541,7739,39028
32908,32751,32827,33439,32943,32040,39576,31240,33872,30594,37876,29692,28824,29278,25477,32880,34541,7739,39028
33054,32747,32720,33469,33007,32040,39576,31240,33872,30594,37876,29692,28824,29278,25477,32880,34541,7739,39028
32961,32671,32931,33159,32407,32040,39576,31240,33872,30594,37876,29692,28824,29278,25477,32880,34541,7739,39028
32891,32549,32671,33534,32495,32888,38330,30604,33716,31016,37616,29340,28744,26674,23144,28736,35328,7023,43136
32771,32557,32786,33285,32840,32888,38330,30604,33716,31016,37616,29340,28744,26674,23144,28736,35328,7023,43136
32759,32449,32848,33287,33375,32888,38330,30604,33716,31016,37616,29340,28744,26674,23144,28736,35328,7023,43136
32615,32607,32785,33126,32295,32888,38330,30604,33716,31016,37616,29340,28744,26674,23144,28736,35328,7023,43136
32662,32775,32857,33247,32903,32888,38330,30604,33716,31016,37616,29340,28744,26674,23144,28736,35328,7023,43136
32700,32931,32702,33075,33499,32888,38330,30604,33716,31016,37616,29340,28744,26674,23144,28736,35328,7023,43136
32686,32911,32758,33123,33287,32888,38330,30604,33716,31016,37616,29340,28744,26674,23144,28736,35328,7023,43136
32764,32901,32599,32787,33854,32888,38330,30604,33716,31016,37616,29340,28744,26674,23144,28736,35328,7023,43136
32797,32873,32820,33022,33191,32888,38330,30604,33716,31016,37616,29340,28744,26674,23144,28736,35328,7023,43136
32668,32901,32747,33015,32629,32888,38330,30604,33716,31016,37616,29340,28744,26674,23144,28736,35328,7023,43136
32710,32855,32697,33255,32212,33526,36888,30398,33856,31156,36000,28780,28746,26010,20268,30857,33474,8011,45472
32690,32784,32647,33015,32487,33526,36888,30398,33856,31156,36000,28780,28746,26010,20268,30857,33474,8011,45472
32604,32727,32679,33230,33115,33526,36888,30398,33856,31156,36000,28780,28746,26010,20268,30857,33474,8011,45472
32758,32760,32652,33093,33973,33526,36888,30398,33856,31156,36000,28780,28746,26010,20268,30857,33474,8011,45472
32880,32685,32615,33378,33695,33526,36888,30398,33856,31156,36000,28780,28746,26010,20268,30857,33474,8011,45472
32810,32611,32794,33338,33599,33526,36888,30398,33856,31156,36000,28780,28746,26010,20268,30857,33474,8011,45472
32809,32525,32679,33376,32022,33526,36888,30398,33856,31156,36000,28780,28746,26010,20268,30857,33474,8011,45472
32828,32475,32861,33231,31340,33526,36888,30398,33856,31156,36000,28780,28746,26010,20268,30857,33474,8011,45472
32826,32487,32859,33367,31169,33526,36888,30398,33856,31156,36000,28780,28746,26010,20268,30857,33474,8011,45472
32802,32391,32924,32821,31815,33526,36888,30398,33856,31156,36000,28780,28746,26010,20268,30857,33474,8011,45472
32667,32447,32807,33427,31981,34052,35672,29976,34008,32140,35890,28478,28728,26452,17121,32772,33364,9891,43076
32805,32556,32987,32847,33078,34052,35672,29976,34008,32140,35890,28478,28728,26452,17121,32772,33364,9891,43076
32987,32823,32943,33096,33739,34052,35672,29976,34008,32140,35890,28478,28728,26452,17121,32772,33364,9891,43076
33015,33110,32883,33633,33677,34052,35672,29976,34008,32140,35890,28478,28728,26452,17121,32772,33364,9891,43076
32898,33282,32932,32948,33580,34052,35672,29976,34008,32140,35890,28478,28728,26452,17121,32772,33364,9891,43076
32830,33196,32827,32499,33622,34052,35672,29976,34008,32140,35890,28478,28728,26452,17121,32772,33364,9891,43076
32784,33062,32903,33156,32999,34052,35672,29976,34008,32140,35890,28478,28728,26452,17121,32772,33364,9891,43076
32644,32902,32775,33589,32655,34052,35672,29976,34008,32140,35890,28478,28728,26452,17121,32772,33364,9891,43076
32551,32863,32986,34383,32199,34052,35672,29976,34008,32140,35890,28478,28728,26452,17121,32772,33364,9891,43076
32490,32737,32891,33415,36090,34052,35672,29976,34008,32140,35890,28478,28728,26452,17121,32772,33364,9891,43076
32514,32551,33085,32856,32950,33640,34488,29378,33832,34178,35448,28022,28698,26584,16216,32720,33364,10974,39664
32616,32507,33029,33002,30017,33640,34488,29378,33832,34178,35448,28022,28698,26584,16216,32720,33364,10974,39664
32634,32710,33044,31441,29543,33640,34488,29378,33832,34178,35448,28022,28698,26584,16216,32720,33364,10974,39664
32665,33045,32943,32103,31314,33640,34488,29378,33832,34178,35448,28022,28698,26584,16216,32720,33364,10974,39664
32647,33031,33063,33414,32697,33640,34488,29378,33832,34178,35448,28022,28698,26584,16216,32720,33364,10974,39664
32675,32934,32933,33715,32861,33640,34488,29378,33832,34178,35448,28022,28698,26584,16216,32720,33364,10974,39664
32696,32799,33147,33255,32239,33640,34488,29378,33832,34178,35448,28022,28698,26584,16216,32720,33364,10974,39664
32704,32591,32841,33147,32519,33640,34488,29378,33832,34178,35448,28022,28698,26584,16216,32720,33364,10974,39664
32742,32517,33031,33351,33119,33640,34488,29378,33832,34178,35448,28022,28698,26584,16216,32720,33364,10974,39664
32806,32487,32796,32819,32455,33640,34488,29378,33832,34178,35448,28022,28698,26584,16216,32720,33364,10974,39664
32779,32535,33005,33411,32682,32996,33324,28396,33793,34660,34853,28368,28704,28111,17112,36397,29274,11845,37324
32775,32786,32711,33364,32397,32996,33324,28396,33793,34660,34853,28368,28704,28111,17112,36397,29274,11845,37324
32783,32883,32787,33142,33071,32996,33324,28396,33793,34660,34853,28368,28704,28111,17112,36397,29274,11845,37324
32904,32811,32631,33157,33196,32996,33324,28396,33793,34660,34853,28368,28704,28111,17112,36397,29274,11845,37324
32966,32491,32651,33241,33755,32996,33324,28396,33793,34660,34853,28368,28704,28111,17112,36397,29274,11845,37324
32996,32525,32626,32877,33306,32996,33324,28396,33793,34660,34853,28368,28704,28111,17112,36397,29274,11845,37324
32972,32563,32350,32035,33529,32996,33324,28396,33793,34660,34853,28368,28704,28111,17112,36397,29274,11845,37324
32995,32879,32438,31494,33690,32996,33324,28396,33793,34660,34853,28368,28704,28111,17112,36397,29274,11845,37324
32920,33171,32193,31388,33156,32996,33324,28396,33793,34660,34853,28368,28704,28111,17112,36397,29274,11845,37324
32927,33190,32274,33007,32243,32996,33324,28396,33793,34660,34853,28368,28704,28111,17112,36397,29274,11845,37324
32869,33023,32391,33261,32281,32448,33504,28356,34035,34664,34924,28664,28568,29784,16893,36296,27424,13236,32820
32876,32975,32249,33186,32219,32448,33504,28356,34035,34664,34924,28664,28568,29784,16893,36296,27424,13236,32820
32677,32684,32451,34488,32528,32448,33504,28356,34035,34664,34924,28664,28568,29784,16893,36296,27424,13236,32820
32660,32701,32283,34779,32775,32448,33504,28356,34035,34664,34924,28664,28568,29784,16893,36296,27424,13236,32820
32645,32843,32530,34699,32835,32448,33504,28356,34035,34664,34924,28664,28568,29784,16893,36296,27424,13236,32820
32794,32827,32339,33391,32473,32448,33504,28356,34035,34664,34924,28664,28568,29784,16893,36296,27424,13236,32820
32781,32711,32515,33730,33103,32448,33504,28356,34035,34664,34924,28664,28568,29784,16893,36296,27424,13236,32820
32790,32627,32416,33691,31807,32448,33504,28356,34035,34664,34924,28664,28568,29784,16893,36296,27424,13236,32820
32758,32486,32514,33239,32786,32448,33504,28356,34035,34664,34924,28664,28568,29784,16893,36296,27424,13236,32820
32744,32467,32647,32197,32507,32448,33504,28356,34035,34664,34924,28664,28568,29784,16893,36296,27424,13236,32820
32880,32434,32626,32623,33431,32712,34896,29164,33960,33832,35594,28900,28584,29937,15206,33488,28029,15465,33556
32935,32407,32839,32848,32909,32712,34896,29164,33960,33832,35594,28900,28584,29937,15206,33488,28029,15465,33556
32962,32470,32659,32599,33255,32712,34896,29164,33960,33832,35594,28900,28584,29937,15206,33488,28029,15465,33556
32951,32743,32903,32737,33319,32712,34896,29164,33960,33832,35594,28900,28584,29937,15206,33488,28029,15465,33556
33083,32731,32711,33122,32808,32712,34896,29164,33960,33832,35594,28900,28584,29937,15206,33488,28029,15465,33556
33105,32642,32839,33279,32903,32712,34896,29164,33960,33832,35594,28900,28584,29937,15206,33488,28029,15465,33556
32879,32741,32699,32839,32591,32712,34896,29164,33960,33832,35594,28900,28584,29937,15206,33488,28029,15465,33556
32697,32797,32903,32925,32494,32712,34896,29164,33960,33832,35594,28900,28584,29937,15206,33488,28029,15465,33556
32651,32659,32723,33031,32645,32712,34896,29164,33960,33832,35594,28900,28584,29937,15206,33488,28029,15465,33556
32503,32669,32641,32862,32931,32712,34896,29164,33960,33832,35594,28900,28584,29937,15206,33488,28029,15465,33556
32598,32607,32735,32711,33234,33168,35828,29590,34016,33488,36288,29040,28552,29996,13340,32688,28416,16418,34344
32616,32639,32554,32941,33109,33168,35828,29590,34016,33488,36288,29040,28552,29996,13340,32688,28416,16418,34344
32658,32751,32698,34224,33791,33168,35828,29590,34016,33488,36288,29040,28552,29996,13340,32688,28416,16418,34344
32636,32770,32594,34591,33023,33168,35828,29590,34016,33488,36288,29040,28552,29996,13340,32688,28416,16418,34344
32655,32919,32630,29698,32930,33168,35828,29590,34016,33488,36288,29040,28552,29996,13340,32688,28416,16418,34344
32707,32859,32472,32729,32763,33168,35828,29590,34016,33488,36288,29040,28552,29996,13340,32688,28416,16418,34344
32662,32935,32763,34025,32323,33168,35828,29590,34016,33488,36288,29040,28552,29996,13340,32688,28416,16418,34344
32678,33155,32564,33631,32684,33168,35828,29590,34016,33488,36288,29040,28552,29996,13340,32688,28416,16418,34344
32685,33061,32795,31257,32611,33168,35828,29590,34016,33488,36288,29040,28552,29996,13340,32688,28416,16418,34344
32715,32802,32683,31061,32711,33168,35828,29590,34016,33488,36288,29040,28552,29996,13340,32688,28416,16418,34344
32767,32790,32731,33319,33012,33394,36212,29528,33938,33248,36265,29152,28448,28844,13601,30615,28388,16232,29078
32771,32821,32817,33925,32720,33394,36212,29528,33938,33248,36265,29152,28448,28844,13601,30615,28388,16232,29078
32768,32733,32657,33001,32834,33394,36212,29528,33938,33248,36265,29152,28448,28844,13601,30615,28388,16232,29078
32742,32695,32799,33481,32549,33394,36212,29528,33938,33248,36265,29152,28448,28844,13601,30615,28388,16232,29078
32746,32591,32595,33607,32607,33394,36212,29528,33938,33248,36265,29152,28448,28844,13601,30615,28388,16232,29078
32726,32419,32761,33864,32695,33394,36212,29528,33938,33248,36265,29152,28448,28844,13601,30615,28388,16232,29078
32730,32402,32710,33794,32363,33394,36212,29528,33938,33248,36265,29152,28448,28844,13601,30615,28388,16232,29078
32720,32577,32589,33210,33095,33394,36212,29528,33938,33248,36265,29152,28448,28844,13601,30615,28388,16232,29078
32712,32674,32771,32316,32994,33394,36212,29528,33938,33248,36265,29152,28448,28844,13601,30615,28388,16232,29078
32711,32591,32647,31255,33089,33394,36212,29528,33938,33248,36265,29152,28448,28844,13601,30615,28388,16232,29078
32765,32543,32831,31394,33287,32792,36560,29634,33784,32670,36708,29712,28524,27696,15580,31040,33848,16760,32026
32735,32473,32701,33687,32886,32792,36560,29634,33784,32670,36708,29712,28524,27696,15580,31040,33848,16760,32026
32711,32454,32822,33057,32827,32792,36560,29634,33784,32670,36708,29712,28524,27696,15580,31040,33848,16760,32026
32769,32641,32811,31253,32923,32792,36560,29634,33784,32670,36708,29712,28524,27696,15580,31040,33848,16760,32026
32774,32971,32807,30203,32989,32792,36560,29634,33784,32670,36708,29712,28524,27696,15580,31040,33848,16760,32026
32797,33119,32695,31596,32503,32792,36560,29634,33784,32670,36708,29712,28524,27696,15580,31040,33848,16760,32026
32811,32839,32887,33287,32583,32792,36560,29634,33784,32670,36708,29712,28524,27696,15580,31040,33848,16760,32026
32806,32911,32843,33301,32238,32792,36560,29634,33784,32670,36708,29712,28524,27696,15580,31040,33848,16760,32026
32843,33219,32990,34791,32617,32792,36560,29634,33784,32670,36708,29712,28524,27696,15580,31040,33848,16760,32026
32876,33243,32811,35143,32753,32792,36560,29634,33784,32670,36708,29712,28524,27696,15580,31040,33848,16760,32026
32822,33126,32932,34518,33029,32504,37001,30280,33640,30977,37336,30902,28546,27180,16948,31985,26720,18333,23190
32653,32948,32747,35323,33162,32504,37001,30280,33640,30977,37336,30902,28546,27180,16948,31985,26720,18333,23190
32566,32723,32930,33145,33135,32504,37001,30280,33640,30977,37336,30902,28546,27180,16948,31985,26720,18333,23190
32368,32755,32747,33065,33031,32504,37001,30280,33640,30977,37336,30902,28546,27180,16948,31985,26720,18333,23190
32173,32679,32910,34259,32575,32504,37001,30280,33640,30977,37336,30902,28546,27180,16948,31985,26720,18333,23190
32297,32835,32853,33875,32421,32504,37001,30280,33640,30977,37336,30902,28546,27180,16948,31985,26720,18333,23190
32460,32805,33079,32503,32647,32504,37001,30280,33640,30977,37336,30902,28546,27180,16948,31985,26720,18333,23190
32647,32876,32914,32572,32466,32504,37001,30280,33640,30977,37336,30902,28546,27180,16948,31985,26720,18333,23190
32929,32838,32927,32386,32891,32504,37001,30280,33640,30977,37336,30902,28546,27180,16948,31985,26720,18333,23190
33249,32772,32859,32444,32722,32504,37001,30280,33640,30977,37336,30902,28546,27180,16948,31985,26720,18333,23190
33481,32679,32703,32371,32481,32472,37360,30680,33798,32362,37516,31040,28608,28171,17710,32904,33581,19521,42488
33636,32163,32745,32530,32615,32472,37360,30680,33798,32362,37516,31040,28608,28171,17710,32904,33581,19521,42488
33645,31953,32678,32559,32439,32472,37360,30680,33798,32362,37516,31040,28608,28171,17710,32904,33581,19521,42488
33637,31940,32730,32895,33049,32472,37360,30680,33798,32362,37516,31040,28608,28171,17710,32904,33581,19521,42488
33503,31777,32770,32729,33197,32472,37360,30680,33798,32362,37516,31040,28608,28171,17710,32904,33581,19521,42488
33471,31599,32875,33023,33498,32472,37360,30680,33798,32362,37516,31040,28608,28171,17710,32904,33581,19521,42488
33053,31722,32689,32815,33607,32472,37360,30680,33798,32362,37516,31040,28608,28171,17710,32904,33581,19521,42488
32783,32570,32861,33218,32922,32472,37360,30680,33798,32362,37516,31040,28608,28171,17710,32904,33581,19521,42488
32558,34031,32617,33243,32855,32472,37360,30680,33798,32362,37516,31040,28608,28171,17710,32904,33581,19521,42488
32473,35011,32818,33707,32643,32472,37360,30680,33798,32362,37516,31040,28608,28171,17710,32904,33581,19521,42488
32465,34585,32709,33325,32719,32776,37344,31006,33756,33196,37416,31237,28692,28580,18786,33156,34804,20460,34469
32475,33637,32873,33359,32515,32776,37344,31006,33756,33196,37416,31237,28692,28580,18786,33156,34804,20460,34469
32457,33009,32765,33399,32554,32776,37344,31006,33756,33196,37416,31237,28692,28580,18786,33156,34804,20460,34469
32514,32691,32656,33149,32758,32776,37344,31006,33756,33196,37416,31237,28692,28580,18786,33156,34804,20460,34469
32540,32565,32839,33381,32907,32776,37344,31006,33756,33196,37416,31237,28692,28580,18786,33156,34804,20460,34469
32621,32479,32652,32990,32463,32776,37344,31006,33756,33196,37416,31237,28692,28580,18786,33156,34804,20460,34469
32653,32488,32871,32882,33095,32776,37344,31006,33756,33196,37416,31237,28692,28580,18786,33156,34804,20460,34469
32624,32639,32695,32837,33079,32776,37344,31006,33756,33196,37416,31237,28692,28580,18786,33156,34804,20460,34469
32647,32685,32835,32889,33096,32776,37344,31006,33756,33196,37416,31237,28692,28580,18786,33156,34804,20460,34469
32595,32775,32879,33095,32381,32776,37344,31006,33756,33196,37416,31237,28692,28580,18786,33156,34804,20460,34469
32612,32663,32799,32967,32109,33646,37001,31204,33508,33476,36858,31156,28700,28980,19192,34131,31948,20845,37113
32632,32543,32835,33164,32234,33646,37001,31204,33508,33476,36858,31156,28700,28980,19192,34131,31948,20845,37113
32635,32524,32629,32876,32282,33646,37001,31204,33508,33476,36858,31156,28700,28980,19192,34131,31948,20845,37113
32668,32409,32863,33126,32671,33646,37001,31204,33508,33476,36858,31156,28700,28980,19192,34131,31948,20845,37113
32686,32343,32723,33063,33131,33646,37001,31204,33508,33476,36858,31156,28700,28980,19192,34131,31948,20845,37113
32682,32427,32895,33319,32662,33646,37001,31204,33508,33476,36858,31156,28700,28980,19192,34131,31948,20845,37113
32696,32850,32701,33207,32786,33646,37001,31204,33508,33476,36858,31156,28700,28980,19192,34131,31948,20845,37113
32756,33052,32862,33269,33027,33646,37001,31204,33508,33476,36858,31156,28700,28980,19192,34131,31948,20845,37113
32793,32857,32661,33231,32655,33646,37001,31204,33508,33476,36858,31156,28700,28980,19192,34131,31948,20845,37113
32807,32807,32866,33039,32492,33646,37001,31204,33508,33476,36858,31156,28700,28980,19192,34131,31948,20845,37113
32714,32697,32770,33373,32929,34092,36656,30986,33672,33792,36506,30742,28736,28592,19440,32440,32229,19630,33098
32768,32446,32873,33425,32771,34092,36656,30986,33672,33792,36506,30742,28736,28592,19440,32440,32229,19630,33098
32681,32419,32866,33939,33463,34092,36656,30986,33672,33792,36506,30742,28736,28592,19440,32440,32229,19630,33098
32672,32357,32796,33619,33298,34092,36656,30986,33672,33792,36506,30742,28736,28592,19440,32440,32229,19630,33098
32662,32689,32941,33322,33635,34092,36656,30986,33672,33792,36506,30742,28736,28592,19440,32440,32229,19630,33098
32681,33203,32743,32595,33251,34092,36656,30986,33672,33792,36506,30742,28736,28592,19440,32440,32229,19630,33098
32712,33359,32875,31405,32831,34092,36656,30986,33672,33792,36506,30742,28736,28592,19440,32440,32229,19630,33098
32652,33123,32757,32346,32696,34092,36656,30986,33672,33792,36506,30742,28736,28592,19440,32440,32229,19630,33098
32676,33023,32985,33991,32619,34092,36656,30986,33672,33792,36506,30742,28736,28592,19440,32440,32229,19630,33098
32669,32763,32805,33479,32239,34092,36656,30986,33672,33792,36506,30742,28736,28592,19440,32440,32229,19630,33098
32691,32577,32985,33628,32155,34156,36584,30664,33704,33428,36450,30520,28861,27588,20756,30870,27840,19362,34336
32714,32519,32711,33763,31967,34156,36584,30664,33704,33428,36450,30520,28861,27588,20756,30870,27840,19362,34336
32643,32517,32865,33097,31972,34156,36584,30664,33704,33428,36450,30520,28861,27588,20756,30870,27840,19362,34336
32676,32695,32759,32833,32441,34156,36584,30664,33704,33428,36450,30520,28861,27588,20756,30870,27840,19362,34336
32752,32974,32751,32225,32473,34156,36584,30664,33704,33428,36450,30520,28861,27588,20756,30870,27840,19362,34336
32786,32971,32722,30815,32647,34156,36584,30664,33704,33428,36450,30520,28861,27588,20756,30870,27840,19362,34336
32865,32527,32557,30284,32997,34156,36584,30664,33704,33428,36450,30520,28861,27588,20756,30870,27840,19362,34336
32876,32292,32827,32990,33336,34156,36584,30664,33704,33428,36450,30520,28861,27588,20756,30870,27840,19362,34336
32766,31973,32626,34285,33399,34156,36584,30664,33704,33428,36450,30520,28861,27588,20756,30870,27840,19362,34336
32809,31711,32869,34437,33257,34156,36584,30664,33704,33428,36450,30520,28861,27588,20756,30870,27840,19362,34336
32840,31323,32711,33421,33047,33868,36780,30628,33697,33276,36680,30252,28808,26028,21008,28744,30365,19517,33680
32801,30977,32895,33264,33140,33868,36780,30628,33697,33276,36680,30252,28808,26028,21008,28744,30365,19517,33680
32745,31662,32682,33094,33003,33868,36780,30628,33697,33276,36680,30252,28808,26028,21008,28744,30365,19517,33680
32786,32983,32902,33496,33339,33868,36780,30628,33697,33276,36680,30252,28808,26028,21008,28744,30365,19517,33680
32761,34462,32671,33227,33203,33868,36780,30628,33697,33276,36680,30252,28808,26028,21008,28744,30365,19517,33680
32705,34866,32775,33522,32663,33868,36780,30628,33697,33276,36680,30252,28808,26028,21008,28744,30365,19517,33680
32824,34559,32661,33333,32775,33868,36780,30628,33697,33276,36680,30252,28808,26028,21008,28744,30365,19517,33680
32852,34107,32811,33741,32646,33868,36780,30628,33697,33276,36680,30252,28808,26028,21008,28744,30365,19517,33680
32794,33755,32631,33394,32690,33868,36780,30628,33697,33276,36680,30252,28808,26028,21008,28744,30365,19517,33680
32822,33223,32847,33454,32839,33868,36780,30628,33697,33276,36680,30252,28808,26028,21008,28744,30365,19517,33680
32790,32842,32615,33044,32815,33572,36812,30372,33776,33024,36740,30034,28912,25041,21080,27910,30170,20099,33001
32799,32919,32833,33225,32501,33572,36812,30372,33776,33024,36740,30034,28912,25041,21080,27910,30170,20099,33001
32749,32679,32639,32959,32903,33572,36812,30372,33776,33024,36740,30034,28912,25041,21080,27910,30170,20099,33001
32804,32454,32787,33027,32165,33572,36812,30372,33776,33024,36740,30034,28912,25041,21080,27910,30170,20099,33001
32821,32514,32619,32939,32454,33572,36812,30372,33776,33024,36740,30034,28912,25041,21080,27910,30170,20099,33001
32775,32349,32785,33107,32711,33572,36812,30372,33776,33024,36740,30034,28912,25041,21080,27910,30170,20099,33001
32725,32327,32659,32974,32971,33572,36812,30372,33776,33024,36740,30034,28912,25041,21080,27910,30170,20099,33001
32770,32207,32750,33012,32694,33572,36812,30372,33776,33024,36740,30034,28912,25041,21080,27910,30170,20099,33001
32744,32261,32679,32843,32668,33572,36812,30372,33776,33024,36740,30034,28912,25041,21080,27910,30170,20099,33001
32760,32141,32751,33107,32748,33572,36812,30372,33776,33024,36740,30034,28912,25041,21080,27910,30170,20099,33001
32760,32531,32589,32861,33110,33296,36644,30114,33620,32822,36676,29793,28968,24897,20397,28239,27684,20673,33124
32717,32775,32783,33043,32823,33296,36644,30114,33620,32822,36676,29793,28968,24897,20397,28239,27684,20673,33124
32795,32573,32662,32917,33302,33296,36644,30114,33620,32822,36676,29793,28968,24897,20397,28239,27684,20673,33124
32775,32402,32795,33083,33215,33296,36644,30114,33620,32822,36676,29793,28968,24897,20397,28239,27684,20673,33124
32744,32407,32613,32998,32618,33296,36644,30114,33620,32822,36676,29793,28968,24897,20397,28239,27684,20673,33124
32775,32435,32801,33174,32945,33296,36644,30114,33620,32822,36676,29793,28968,24897,20397,28239,27684,20673,33124
32793,32607,32607,32935,32954,33296,36644,30114,33620,32822,36676,29793,28968,24897,20397,28239,27684,20673,33124
32745,32691,32743,33219,33283,33296,36644,30114,33620,32822,36676,29793,28968,24897,20397,28239,27684,20673,33124
32794,32775,32587,32950,33327,33296,36644,30114,33620,32822,36676,29793,28968,24897,20397,28239,27684,20673,33124
32773,33027,32761,33263,33115,33296,36644,30114,33620,32822,36676,29793,28968,24897,20397,28239,27684,20673,33124
32820,32851,32589,33047,32983,32992,36448,29952,33664,32628,36672,29804,29028,25004,20269,28844,29745,20806,33164
32778,32571,32758,33339,32852,32992,36448,29952,33664,32628,36672,29804,29028,25004,20269,28844,29745,20806,33164
32848,32611,32699,33273,32977,32992,36448,29952,33664,32628,36672,29804,29028,25004,20269,28844,29745,20806,33164
32861,32831,32709,33287,32570,32992,36448,29952,33664,32628,36672,29804,29028,25004,20269,28844,29745,20806,33164
32805,32807,32774,33727,32199,32992,36448,29952,33664,32628,36672,29804,29028,25004,20269,28844,29745,20806,33164
32695,32908,32589,33511,32133,32992,36448,29952,33664,32628,36672,29804,29028,25004,20269,28844,29745,20806,33164
32668,32963,32719,33479,32347,32992,36448,29952,33664,32628,36672,29804,29028,25004,20269,28844,29745,20806,33164
32782,32807,32647,33001,32281,32992,36448,29952,33664,32628,36672,29804,29028,25004,20269,28844,29745,20806,33164
32720,32639,32655,32201,32098,32992,36448,29952,33664,32628,36672,29804,29028,25004,20269,28844,29745,20806,33164
32714,32645,32732,32257,32471,32992,36448,29952,33664,32628,36672,29804,29028,25004,20269,28844,29745,20806,33164
32780,32615,32610,32824,32452,32528,36496,30018,33668,32864,36752,29874,29048,25924,20628,30217,28728,22592,34908
32815,32640,32797,33239,32402,32528,36496,30018,33668,32864,36752,29874,29048,25924,20628,30217,28728,22592,34908
32908,32659,32615,33295,32591,32528,36496,30018,33668,32864,36752,29874,29048,25924,20628,30217,28728,22592,34908
32779,32722,32831,33394,32656,32528,36496,30018,33668,32864,36752,29874,29048,25924,20628,30217,28728,22592,34908
32767,32843,32621,33019,32957,32528,36496,30018,33668,32864,36752,29874,29048,25924,20628,30217,28728,22592,34908
32788,32786,32905,33359,33086,32528,36496,30018,33668,32864,36752,29874,29048,25924,20628,30217,28728,22592,34908
32839,32659,32757,33107,33195,32528,36496,30018,33668,32864,36752,29874,29048,25924,20628,30217,28728,22592,34908
32820,32623,32910,33299,33183,32528,36496,30018,33668,32864,36752,29874,29048,25924,20628,30217,28728,22592,34908
32803,32543,32789,32925,33451,32528,36496,30018,33668,32864,36752,29874,29048,25924,20628,30217,28728,22592,34908
32719,32567,32795,33095,33231,32528,36496,30018,33668,32864,36752,29874,29048,25924,20628,30217,28728,22592,34908
32707,32662,32890,33425,33052,32456,36616,30220,33712,32748,36924,30176,29100,27082,20621,32069,33185,22788,40088
32786,32652,32745,33155,33075,32456,36616,30220,33712,32748,36924,30176,29100,27082,20621,32069,33185,22788,40088
32761,32603,32775,32924,33043,32456,36616,30220,33712,32748,36924,30176,29100,27082,20621,32069,33185,22788,40088
32796,32607,32723,32793,32947,32456,36616,30220,33712,32748,36924,30176,29100,27082,20621,32069,33185,22788,40088
32749,32607,32775,32743,32887,32456,36616,30220,33712,32748,36924,30176,29100,27082,20621,32069,33185,22788,40088
32799,32602,32590,32683,32815,32456,36616,30220,33712,32748,36924,30176,29100,27082,20621,32069,33185,22788,40088
32814,32647,32844,31372,32963,32456,36616,30220,33712,32748,36924,30176,29100,27082,20621,32069,33185,22788,40088
32768,32628,32614,32923,33015,32456,36616,30220,33712,32748,36924,30176,29100,27082,20621,32069,33185,22788,40088
32728,32651,32742,34006,32545,32456,36616,30220,33712,32748,36924,30176,29100,27082,20621,32069,33185,22788,40088
32684,32833,32775,33625,32453,32456,36616,30220,33712,32748,36924,30176,29100,27082,20621,32069,33185,22788,40088
32791,32969,32679,34181,32453,32704,36656,30386,33776,32989,36960,30177,29153,28236,19931,33801,33024,25644,34044
32813,32885,32802,34028,32311,32704,36656,30386,33776,32989,36960,30177,29153,28236,19931,33801,33024,25644,34044
32770,32699,32652,33053,32687,32704,36656,30386,33776,32989,36960,30177,29153,28236,19931,33801,33024,25644,34044
32733,32771,32873,32729,32431,32704,36656,30386,33776,32989,36960,30177,29153,28236,19931,33801,33024,25644,34044
32799,32551,32727,32739,32673,32704,36656,30386,33776,32989,36960,30177,29153,28236,19931,33801,33024,25644,34044
32837,32355,32895,33229,32807,32704,36656,30386,33776,32989,36960,30177,29153,28236,19931,33801,33024,25644,34044
32883,32175,32714,33011,32533,32704,36656,30386,33776,32989,36960,30177,29153,28236,19931,33801,33024,25644,34044
32762,31965,32883,32819,32540,32704,36656,30386,33776,32989,36960,30177,29153,28236,19931,33801,33024,25644,34044
32767,32301,32763,32903,32991,32704,36656,30386,33776,32989,36960,30177,29153,28236,19931,33801,33024,25644,34044
32735,33255,32698,33387,32654,32704,36656,30386,33776,32989,36960,30177,29153,28236,19931,33801,33024,25644,34044
32709,33483,32813,33437,33284,32824,36584,30400,33912,33506,37050,30170,29228,28993,19052,35254,30831,26620,33758
32707,32734,32786,33359,32735,32824,36584,30400,33912,33506,37050,30170,29228,28993,19052,35254,30831,26620,33758
32761,32562,32702,33199,32724,32824,36584,30400,33912,33506,37050,30170,29228,28993,19052,35254,30831,26620,33758
32838,32407,32871,33166,32703,32824,36584,30400,33912,33506,37050,30170,29228,28993,19052,35254,30831,26620,33758
32784,33025,32837,33317,32431,32824,36584,30400,33912,33506,37050,30170,29228,28993,19052,35254,30831,26620,33758
32784,33049,32711,33104,32690,32824,36584,30400,33912,33506,37050,30170,29228,28993,19052,35254,30831,26620,33758
32767,32634,32847,33060,32413,32824,36584,30400,33912,33506,37050,30170,29228,28993,19052,35254,30831,26620,33758
32773,32977,32699,32796,32927,32824,36584,30400,33912,33506,37050,30170,29228,28993,19052,35254,30831,26620,33758
32805,33247,32819,33463,32588,32824,36584,30400,33912,33506,37050,30170,29228,28993,19052,35254,30831,26620,33758
32799,33203,32697,33187,32873,32824,36584,30400,33912,33506,37050,30170,29228,28993,19052,35254,30831,26620,33758
32792,33442,32811,32903,32796,33108,36448,30304,33740,33566,36664,30041,29376,29112,18513,35609,27988,24449,32522
32783,33495,32689,32905,33306,33108,36448,30304,33740,33566,36664,30041,29376,29112,18513,35609,27988,24449,32522
32745,33302,32638,33717,32967,33108,36448,30304,33740,33566,36664,30041,29376,29112,18513,35609,27988,24449,32522
32757,32689,32771,33713,32677,33108,36448,30304,33740,33566,36664,30041,29376,29112,18513,35609,27988,24449,32522
32754,32299,32703,32823,32709,33108,36448,30304,33740,33566,36664,30041,29376,29112,18513,35609,27988,24449,32522
32722,32406,32743,33054,33132,33108,36448,30304,33740,33566,36664,30041,29376,29112,18513,35609,27988,24449,32522
32722,32580,32755,33162,32950,33108,36448,30304,33740,33566,36664,30041,29376,29112,18513,35609,27988,24449,32522
32714,32613,32623,33576,32823,33108,36448,30304,33740,33566,36664,30041,29376,29112,18513,35609,27988,24449,32522
32810,32570,32696,33222,32911,33108,36448,30304,33740,33566,36664,30041,29376,29112,18513,35609,27988,24449,32522
32754,32565,32713,32711,32699,33108,36448,30304,33740,33566,36664,30041,29376,29112,18513,35609,27988,24449,32522
32748,32415,32538,32457,32990,33211,36308,30288,33732,33430,36441,29992,29426,29104,18411,36456,30430,26208,34016
32680,32435,32771,32371,32715,33211,36308,30288,33732,33430,36441,29992,29426,29104,18411,36456,30430,26208,34016
32750,32613,32596,32699,33107,33211,36308,30288,33732,33430,36441,29992,29426,29104,18411,36456,30430,26208,34016
32778,32711,32846,33447,32697,33211,36308,30288,33732,33430,36441,29992,29426,29104,18411,36456,30430,26208,34016
32718,32659,32671,32913,32961,33211,36308,30288,33732,33430,36441,29992,29426,29104,18411,36456,30430,26208,34016
32697,32639,32746,32301,33324,33211,36308,30288,33732,33430,36441,29992,29426,29104,18411,36456,30430,26208,34016
32750,32602,32703,32983,32839,33211,36308,30288,33732,33430,36441,29992,29426,29104,18411,36456,30430,26208,34016
32763,32618,32775,33307,32670,33211,36308,30288,33732,33430,36441,29992,29426,29104,18411,36456,30430,26208,34016
32728,32597,32627,33663,32771,33211,36308,30288,33732,33430,36441,29992,29426,29104,18411,36456,30430,26208,34016
32742,32641,32539,33047,32520,33211,36308,30288,33732,33430,36441,29992,29426,29104,18411,36456,30430,26208,34016
32738,32775,32475,33426,32848,33281,36272,30184,33740,33116,36626,30012,29522,28856,18039,35853,27331,26890,31872
32736,32675,32669,33083,32711,33281,36272,30184,33740,33116,36626,30012,29522,28856,18039,35853,27331,26890,31872
32712,32603,32635,33171,32743,33281,36272,30184,33740,33116,36626,30012,29522,28856,18039,35853,27331,26890,31872
32697,32855,32636,32833,32370,33281,36272,30184,33740,33116,36626,30012,29522,28856,18039,35853,27331,26890,31872
32696,32799,32662,33031,32122,33281,36272,30184,33740,33116,36626,30012,29522,28856,18039,35853,27331,26890,31872
32749,32774,32675,33049,32555,33281,36272,30184,33740,33116,36626,30012,29522,28856,18039,35853,27331,26890,31872
32724,32655,32735,33415,33245,33281,36272,30184,33740,33116,36626,30012,29522,28856,18039,35853,27331,26890,31872
32824,32615,32675,33340,33188,33281,36272,30184,33740,33116,36626,30012,29522,28856,18039,35853,27331,26890,31872
32773,32551,32659,33617,32725,33281,36272,30184,33740,33116,36626,30012,29522,28856,18039,35853,27331,26890,31872
32772,32396,32767,33405,32733,33281,36272,30184,33740,33116,36626,30012,29522,28856,18039,35853,27331,26890,31872
32754,32389,32639,33257,32655,33098,36146,30160,33764,33004,36672,30018,29653,27980,18119,35629,30192,27022,31464
32775,32594,32583,32617,32649,33098,36146,30160,33764,33004,36672,30018,29653,27980,18119,35629,30192,27022,31464
32792,33109,32687,32187,32489,33098,36146,30160,33764,33004,36672,30018,29653,27980,18119,35629,30192,27022,31464
32788,33174,32567,33098,32490,33098,36146,30160,33764,33004,36672,30018,29653,27980,18119,35629,30192,27022,31464
32800,33191,32767,34003,32793,33098,36146,30160,33764,33004,36672,30018,29653,27980,18119,35629,30192,27022,31464
32766,33062,32625,33839,32735,33098,36146,30160,33764,33004,36672,30018,29653,27980,18119,35629,30192,27022,31464
32769,32999,32686,32683,32807,33098,36146,30160,33764,33004,36672,30018,29653,27980,18119,35629,30192,27022,31464
32747,32825,32677,32587,32722,33098,36146,30160,33764,33004,36672,30018,29653,27980,18119,35629,30192,27022,31464
32791,32791,32511,32889,32974,33098,36146,30160,33764,33004,36672,30018,29653,27980,18119,35629,30192,27022,31464
32717,32775,32743,33635,33231,33098,36146,30160,33764,33004,36672,30018,29653,27980,18119,35629,30192,27022,31464
32674,32789,32551,33247,33135,33248,36172,30056,33644,33132,36682,30016,29852,27288,18760,33228,26916,25836,30448
32775,32891,32742,32375,33227,33248,36172,30056,33644,33132,36682,30016,29852,27288,18760,33228,26916,25836,30448
32737,32979,32625,32365,33207,33248,36172,30056,33644,33132,36682,30016,29852,27288,18760,33228,26916,25836,30448
32758,33159,32647,32927,32987,33248,36172,30056,33644,33132,36682,30016,29852,27288,18760,33228,26916,25836,30448
32786,33135,32795,33819,33063,33248,36172,30056,33644,33132,36682,30016,29852,27288,18760,33228,26916,25836,30448
32736,32903,32633,33682,33030,33248,36172,30056,33644,33132,36682,30016,29852,27288,18760,33228,26916,25836,30448
32704,32728,32841,34361,32851,33248,36172,30056,33644,33132,36682,30016,29852,27288,18760,33228,26916,25836,30448
32759,32571,32648,33333,32541,33248,36172,30056,33644,33132,36682,30016,29852,27288,18760,33228,26916,25836,30448
32768,32339,32831,32955,32399,33248,36172,30056,33644,33132,36682,30016,29852,27288,18760,33228,26916,25836,30448
32788,32511,32687,32208,32491,33248,36172,30056,33644,33132,36682,30016,29852,27288,18760,33228,26916,25836,30448
32818,32787,32870,31801,32463,33092,36032,30154,33698,33033,36252,29992,30003,26377,19480,31453,27263,25666,32213
32781,32985,32655,32663,32735,33092,36032,30154,33698,33033,36252,29992,30003,26377,19480,31453,27263,25666,32213
32730,33047,32819,33150,32578,33092,36032,30154,33698,33033,36252,29992,30003,26377,19480,31453,27263,25666,32213
32769,32963,32718,33083,32535,33092,36032,30154,33698,33033,36252,29992,30003,26377,19480,31453,27263,25666,32213
32787,32741,32831,33239,32585,33092,36032,30154,33698,33033,36252,29992,30003,26377,19480,31453,27263,25666,32213
32774,32535,32652,32921,32774,33092,36032,30154,33698,33033,36252,29992,30003,26377,19480,31453,27263,25666,32213
32765,32442,32887,33002,32775,33092,36032,30154,33698,33033,36252,29992,30003,26377,19480,31453,27263,25666,32213
32732,32447,32701,32982,32741,33092,36032,30154,33698,33033,36252,29992,30003,26377,19480,31453,27263,25666,32213
32667,32197,32921,33317,33015,33092,36032,30154,33698,33033,36252,29992,30003,26377,19480,31453,27263,25666,32213
32731,32247,32727,32991,33225,33092,36032,30154,33698,33033,36252,29992,30003,26377,19480,31453,27263,25666,32213
32735,32597,32870,33145,33267,33009,36062,30176,33737,32794,36480,30179,30132,25948,20018,30764,27989,26220,29820
32698,32831,32679,32940,33273,33009,36062,30176,33737,32794,36480,30179,30132,25948,20018,30764,27989,26220,29820
32755,32697,32919,33391,32979,33009,36062,30176,33737,32794,36480,30179,30132,25948,20018,30764,27989,26220,29820
32693,32990,32794,33451,32647,33009,36062,30176,33737,32794,36480,30179,30132,25948,20018,30764,27989,26220,29820
32786,33349,32999,33511,32861,33009,36062,30176,33737,32794,36480,30179,30132,25948,20018,30764,27989,26220,29820
32785,33146,32834,33282,32753,33009,36062,30176,33737,32794,36480,30179,30132,25948,20018,30764,27989,26220,29820
32791,32611,33031,34267,32233,33009,36062,30176,33737,32794,36480,30179,30132,25948,20018,30764,27989,26220,29820
32741,32423,33029,34247,32229,33009,36062,30176,33737,32794,36480,30179,30132,25948,20018,30764,27989,26220,29820
32696,32463,32839,34271,32539,33009,36062,30176,33737,32794,36480,30179,30132,25948,20018,30764,27989,26220,29820
32666,32901,33090,33221,32748,33009,36062,30176,33737,32794,36480,30179,30132,25948,20018,30764,27989,26220,29820
32702,32759,32880,29612,32848,32876,36010,30177,33788,32968,36564,30237,30255,25932,20404,31248,27808,26497,32286
32671,32527,32946,29127,32839,32876,36010,30177,33788,32968,36564,30237,30255,25932,20404,31248,27808,26497,32286
32762,32805,33011,32037,32903,32876,36010,30177,33788,32968,36564,30237,30255,25932,20404,31248,27808,26497,32286
32724,32766,32827,34663,32962,32876,36010,30177,33788,32968,36564,30237,30255,25932,20404,31248,27808,26497,32286
32770,32737,32899,32419,33191,32876,36010,30177,33788,32968,36564,30237,30255,25932,20404,31248,27808,26497,32286
32752,33058,32806,31238,32932,32876,36010,30177,33788,32968,36564,30237,30255,25932,20404,31248,27808,26497,32286
32765,33428,32611,33193,33073,32876,36010,30177,33788,32968,36564,30237,30255,25932,20404,31248,27808,26497,32286
32841,33451,32734,35090,33029,32876,36010,30177,33788,32968,36564,30237,30255,25932,20404,31248,27808,26497,32286
32911,33089,32524,33501,32975,32876,36010,30177,33788,32968,36564,30237,30255,25932,20404,31248,27808,26497,32286
32842,32609,32761,31159,32707,32876,36010,30177,33788,32968,36564,30237,30255,25932,20404,31248,27808,26497,32286
32888,32015,32639,32929,32581,32840,35988,30228,33840,33100,36332,30176,30411,25803,21133,30800,27288,26063,29504
32839,31843,32903,33484,32583,32840,35988,30228,33840,33100,36332,30176,30411,25803,21133,30800,27288,26063,29504
32828,32182,32850,33731,32422,32840,35988,30228,33840,33100,36332,30176,30411,25803,21133,30800,27288,26063,29504
32840,32581,33055,33963,32437,32840,35988,30228,33840,33100,36332,30176,30411,25803,21133,30800,27288,26063,29504
32804,33074,33071,34853,32529,32840,35988,30228,33840,33100,36332,30176,30411,25803,21133,30800,27288,26063,29504
32758,33025,32695,34725,32493,32840,35988,30228,33840,33100,36332,30176,30411,25803,21133,30800,27288,26063,29504
32774,32989,32775,34151,33107,32840,35988,30228,33840,33100,36332,30176,30411,25803,21133,30800,27288,26063,29504
32756,33078,32595,33152,32887,32840,35988,30228,33840,33100,36332,30176,30411,25803,21133,30800,27288,26063,29504
32781,33223,32717,31718,32943,32840,35988,30228,33840,33100,36332,30176,30411,25803,21133,30800,27288,26063,29504
32843,33127,32612,30786,33067,32840,35988,30228,33840,33100,36332,30176,30411,25803,21133,30800,27288,26063,29504
32814,32927,32679,31063,32949,33059,35950,30364,33852,33249,36280,30205,30409,25644,22050,29712,29952,27856,28729
32751,32763,32775,33552,32983,33059,35950,30364,33852,33249,36280,30205,30409,25644,22050,29712,29952,27856,28729
32683,32677,32789,35577,32899,33059,35950,30364,33852,33249,36280,30205,30409,25644,22050,29712,29952,27856,28729
32678,32635,33035,36143,32589,33059,35950,30364,33852,33249,36280,30205,30409,25644,22050,29712,29952,27856,28729
32686,32534,32891,35131,32730,33059,35950,30364,33852,33249,36280,30205,30409,25644,22050,29712,29952,27856,28729
32708,32135,33223,33909,32659,33059,35950,30364,33852,33249,36280,30205,30409,25644,22050,29712,29952,27856,28729
32666,31982,33060,30757,32635,33059,35950,30364,33852,33249,36280,30205,30409,25644,22050,29712,29952,27856,28729
32728,31947,33151,27527,32535,33059,35950,30364,33852,33249,36280,30205,30409,25644,22050,29712,29952,27856,28729
32791,32135,32718,26807,32697,33059,35950,30364,33852,33249,36280,30205,30409,25644,22050,29712,29952,27856,28729
32801,32876,32774,28719,32604,33059,35950,30364,33852,33249,36280,30205,30409,25644,22050,29712,29952,27856,28729
32884,33342,32590,29415,32735,33132,36042,30460,33784,33192,36288,30332,30681,24764,24386,26528,27361,25896,28254
32902,33641,32805,33503,32791,33132,36042,30460,33784,33192,36288,30332,30681,24764,24386,26528,27361,25896,28254
32877,33631,32571,36439,33019,33132,36042,30460,33784,33192,36288,30332,30681,24764,24386,26528,27361,25896,28254
32821,33281,32630,37261,32976,33132,36042,30460,33784,33192,36288,30332,30681,24764,24386,26528,27361,25896,28254
32856,33058,32575,36319,32857,33132,36042,30460,33784,33192,36288,30332,30681,24764,24386,26528,27361,25896,28254
32814,32930,32617,33373,32693,33132,36042,30460,33784,33192,36288,30332,30681,24764,24386,26528,27361,25896,28254
32792,33028,32676,34629,33002,33132,36042,30460,33784,33192,36288,30332,30681,24764,24386,26528,27361,25896,28254
32760,33274,32610,35581,32903,33132,36042,30460,33784,33192,36288,30332,30681,24764,24386,26528,27361,25896,28254
32781,33120,32839,35894,32886,33132,36042,30460,33784,33192,36288,30332,30681,24764,24386,26528,27361,25896,28254
32791,32623,32767,36161,33063,33132,36042,30460,33784,33192,36288,30332,30681,24764,24386,26528,27361,25896,28254
32725,32083,33199,35657,33067,33266,36188,30540,33676,33244,36288,30584,30856,23789,26633,21328,26140,25894,30369
32806,31701,33138,33567,33152,33266,36188,30540,33676,33244,36288,30584,30856,23789,26633,21328,26140,25894,30369
32816,31501,33225,33572,32611,33266,36188,30540,33676,33244,36288,30584,30856,23789,26633,21328,26140,25894,30369
32755,31084,33307,29241,32626,33266,36188,30540,33676,33244,36288,30584,30856,23789,26633,21328,26140,25894,30369
32702,30848,32977,24162,32547,33266,36188,30540,33676,33244,36288,30584,30856,23789,26633,21328,26140,25894,30369
32707,31702,33070,23546,32423,33266,36188,30540,33676,33244,36288,30584,30856,23789,26633,21328,26140,25894,30369
32740,32839,32757,27820,32113,33266,36188,30540,33676,33244,36288,30584,30856,23789,26633,21328,26140,25894,30369
32741,33782,32955,30817,32447,33266,36188,30540,33676,33244,36288,30584,30856,23789,26633,21328,26140,25894,30369
32706,34843,32489,33784,32527,33266,36188,30540,33676,33244,36288,30584,30856,23789,26633,21328,26140,25894,30369
32668,34383,32407,33698,32678,33266,36188,30540,33676,33244,36288,30584,30856,23789,26633,21328,26140,25894,30369
32633,34119,32391,32621,32815,33174,35772,30632,33740,33292,36032,30868,30924,23200,28005,19200,25852,26212,27712
32601,33026,32789,37522,32669,33174,35772,30632,33740,33292,36032,30868,30924,23200,28005,19200,25852,26212,27712
32534,32417,32943,37497,32541,33174,35772,30632,33740,33292,36032,30868,30924,23200,28005,19200,25852,26212,27712
32471,32434,33155,35783,33206,33174,35772,30632,33740,33292,36032,30868,30924,23200,28005,19200,25852,26212,27712
32547,32390,32925,32208,33210,33174,35772,30632,33740,33292,36032,30868,30924,23200,28005,19200,25852,26212,27712
32662,32175,32587,31025,32756,33174,35772,30632,33740,33292,36032,30868,30924,23200,28005,19200,25852,26212,27712
32800,32647,32475,34224,33087,33174,35772,30632,33740,33292,36032,30868,30924,23200,28005,19200,25852,26212,27712
32984,33495,32197,34343,32315,33174,35772,30632,33740,33292,36032,30868,30924,23200,28005,19200,25852,26212,27712
33084,34319,32303,34163,33219,33174,35772,30632,33740,33292,36032,30868,30924,23200,28005,19200,25852,26212,27712
33020,34093,32499,34767,33951,33174,35772,30632,33740,33292,36032,30868,30924,23200,28005,19200,25852,26212,27712
32972,33246,32818,33413,31699,33196,36016,30444,33848,33172,36320,31160,30936,23300,28424,19454,25599,25920,27873
32807,32125,33519,28082,32468,33196,36016,30444,33848,33172,36320,31160,30936,23300,28424,19454,25599,25920,27873
32669,31644,33464,28924,33344,33196,36016,30444,33848,33172,36320,31160,30936,23300,28424,19454,25599,25920,27873
32549,31218,33639,28014,32633,33196,36016,30444,33848,33172,36320,31160,30936,23300,28424,19454,25599,25920,27873
32514,31122,33389,28710,34578,33196,36016,30444,33848,33172,36320,31160,30936,23300,28424,19454,25599,25920,27873
32580,32013,33285,34316,32407,33196,36016,30444,33848,33172,36320,31160,30936,23300,28424,19454,25599,25920,27873
32637,32548,33114,34881,31630,33196,36016,30444,33848,33172,36320,31160,30936,23300,28424,19454,25599,25920,27873
32647,33314,33135,34205,32728,33196,36016,30444,33848,33172,36320,31160,30936,23300,28424,19454,25599,25920,27873
32780,34812,32599,37874,32992,33196,36016,30444,33848,33172,36320,31160,30936,23300,28424,19454,25599,25920,27873
32936,35215,32391,41255,33573,33196,36016,30444,33848,33172,36320,31160,30936,23300,28424,19454,25599,25920,27873
32990,34205,32407,37435,33255,32972,36147,30128,33634,32696,36738,31574,31160,23624,28633,20828,25792,25267,31008
32906,33506,32583,36006,32665,32972,36147,30128,33634,32696,36738,31574,31160,23624,28633,20828,25792,25267,31008
32797,33318,32621,34349,32589,32972,36147,30128,33634,32696,36738,31574,31160,23624,28633,20828,25792,25267,31008
32802,33349,32639,33863,32691,32972,36147,30128,33634,32696,36738,31574,31160,23624,28633,20828,25792,25267,31008
32801,32765,32317,32927,32903,32972,36147,30128,33634,32696,36738,31574,31160,23624,28633,20828,25792,25267,31008
32799,32438,32345,29191,32959,32972,36147,30128,33634,32696,36738,31574,31160,23624,28633,20828,25792,25267,31008
32825,32224,32358,28431,32583,32972,36147,30128,33634,32696,36738,31574,31160,23624,28633,20828,25792,25267,31008
32811,31951,32611,29175,32215,32972,36147,30128,33634,32696,36738,31574,31160,23624,28633,20828,25792,25267,31008
32788,32197,32602,30551,32356,32972,36147,30128,33634,32696,36738,31574,31160,23624,28633,20828,25792,25267,31008
32795,32831,32847,30467,32527,32972,36147,30128,33634,32696,36738,31574,31160,23624,28633,20828,25792,25267,31008
32817,33049,32825,30184,32287,32864,36457,29968,33728,32614,37028,32044,31312,24401,28612,23412,29080,23973,28761
32819,32843,32969,28853,32357,32864,36457,29968,33728,32614,37028,32044,31312,24401,28612,23412,29080,23973,28761
32764,32388,32882,29370,32631,32864,36457,29968,33728,32614,37028,32044,31312,24401,28612,23412,29080,23973,28761
32768,32162,33019,32118,32647,32864,36457,29968,33728,32614,37028,32044,31312,24401,28612,23412,29080,23973,28761
32824,32244,32932,31903,32948,32864,36457,29968,33728,32614,37028,32044,31312,24401,28612,23412,29080,23973,28761
32812,32193,33068,33269,33134,32864,36457,29968,33728,32614,37028,32044,31312,24401,28612,23412,29080,23973,28761
32795,32510,32995,33351,33267,32864,36457,29968,33728,32614,37028,32044,31312,24401,28612,23412,29080,23973,28761
32832,32577,33031,33544,33031,32864,36457,29968,33728,32614,37028,32044,31312,24401,28612,23412,29080,23973,28761
32714,32714,32898,33653,33038,32864,36457,29968,33728,32614,37028,32044,31312,24401,28612,23412,29080,23973,28761
32778,33317,32901,34359,33298,32864,36457,29968,33728,32614,37028,32044,31312,24401,28612,23412,29080,23973,28761
32744,33281,32941,33919,33352,32936,37120,30068,33814,32717,37324,32400,31265,25445,29296,25516,25784,23445,30164
32818,33315,32775,34291,33287,32936,37120,30068,33814,32717,37324,32400,31265,25445,29296,25516,25784,23445,30164
32840,33378,32895,34721,33086,32936,37120,30068,33814,32717,37324,32400,31265,25445,29296,25516,25784,23445,30164
32864,32926,32671,33839,32677,32936,37120,30068,33814,32717,37324,32400,31265,25445,29296,25516,25784,23445,30164
32886,32477,32827,33700,32827,32936,37120,30068,33814,32717,37324,32400,31265,25445,29296,25516,25784,23445,30164
32880,31924,32715,32558,32179,32936,37120,30068,33814,32717,37324,32400,31265,25445,29296,25516,25784,23445,30164
32804,31686,33061,31116,32027,32936,37120,30068,33814,32717,37324,32400,31265,25445,29296,25516,25784,23445,30164
32720,32109,32983,30793,32738,32936,37120,30068,33814,32717,37324,32400,31265,25445,29296,25516,25784,23445,30164
32751,32711,33150,31901,32895,32936,37120,30068,33814,32717,37324,32400,31265,25445,29296,25516,25784,23445,30164
32644,32861,33125,34040,32615,32936,37120,30068,33814,32717,37324,32400,31265,25445,29296,25516,25784,23445,30164
32681,32572,32979,35269,33162,33048,37728,30597,33714,32924,37672,32628,31332,26534,30032,27252,28208,23400,28724
32725,32263,33014,36737,33402,33048,37728,30597,33714,32924,37672,32628,31332,26534,30032,27252,28208,23400,28724
32744,32327,32647,35912,32876,33048,37728,30597,33714,32924,37672,32628,31332,26534,30032,27252,28208,23400,28724
32826,32742,32606,34439,32495,33048,37728,30597,33714,32924,37672,32628,31332,26534,30032,27252,28208,23400,28724
32862,33391,32400,33831,32332,33048,37728,30597,33714,32924,37672,32628,31332,26534,30032,27252,28208,23400,28724
32916,33601,32502,33443,32344,33048,37728,30597,33714,32924,37672,32628,31332,26534,30032,27252,28208,23400,28724
32900,33613,32430,29097,32399,33048,37728,30597,33714,32924,37672,32628,31332,26534,30032,27252,28208,23400,28724
32826,33325,32647,28217,32299,33048,37728,30597,33714,32924,37672,32628,31332,26534,30032,27252,28208,23400,28724
32786,33100,32527,32757,32801,33048,37728,30597,33714,32924,37672,32628,31332,26534,30032,27252,28208,23400,28724
32770,32685,32743,34823,32391,33048,37728,30597,33714,32924,37672,32628,31332,26534,30032,27252,28208,23400,28724
32748,32221,32671,35658,32445,33148,38084,31332,33666,33285,37776,32664,31462,27333,30478,28533,26786,22472,29284
32732,31879,32922,35127,33027,33148,38084,31332,33666,33285,37776,32664,31462,27333,30478,28533,26786,22472,29284
32748,32059,32868,33735,32525,33148,38084,31332,33666,33285,37776,32664,31462,27333,30478,28533,26786,22472,29284
32786,32367,33021,29279,32800,33148,38084,31332,33666,33285,37776,32664,31462,27333,30478,28533,26786,22472,29284
32740,32918,32826,26949,32596,33148,38084,31332,33666,33285,37776,32664,31462,27333,30478,28533,26786,22472,29284
32774,33523,33012,28652,33022,33148,38084,31332,33666,33285,37776,32664,31462,27333,30478,28533,26786,22472,29284
32780,33671,32831,31055,32600,33148,38084,31332,33666,33285,37776,32664,31462,27333,30478,28533,26786,22472,29284
32736,33369,32988,34438,32287,33148,38084,31332,33666,33285,37776,32664,31462,27333,30478,28533,26786,22472,29284
32669,33287,32795,35661,33602,33148,38084,31332,33666,33285,37776,32664,31462,27333,30478,28533,26786,22472,29284
32611,33485,33049,33927,31856,33148,38084,31332,33666,33285,37776,32664,31462,27333,30478,28533,26786,22472,29284
32633,32933,32831,34740,35054,33104,38370,32032,33828,33202,37746,32592,31476,27992,30824,29029,26352,21420,28443
32654,32295,32923,35404,32017,33104,38370,32032,33828,33202,37746,32592,31476,27992,30824,29029,26352,21420,28443
32734,32107,32591,34582,32441,33104,38370,32032,33828,33202,37746,32592,31476,27992,30824,29029,26352,21420,28443
32799,32348,32603,34128,33236,33104,38370,32032,33828,33202,37746,32592,31476,27992,30824,29029,26352,21420,28443
32906,33005,32391,34392,33113,33104,38370,32032,33828,33202,37746,32592,31476,27992,30824,29029,26352,21420,28443
32901,33587,32417,32607,33501,33104,38370,32032,33828,33202,37746,32592,31476,27992,30824,29029,26352,21420,28443
32912,33395,32751,30109,33085,33104,38370,32032,33828,33202,37746,32592,31476,27992,30824,29029,26352,21420,28443
32851,33102,32878,31251,33326,33104,38370,32032,33828,33202,37746,32592,31476,27992,30824,29029,26352,21420,28443
32789,32806,33338,30031,32771,33104,38370,32032,33828,33202,37746,32592,31476,27992,30824,29029,26352,21420,28443
32754,32639,33191,30937,32845,33104,38370,32032,33828,33202,37746,32592,31476,27992,30824,29029,26352,21420,28443
32715,32494,33436,33331,33570,32876,38508,32432,33644,33416,37792,32485,31428,28344,30417,29117,26589,20948,29809
32752,32534,33241,34147,32423,32876,38508,32432,33644,33416,37792,32485,31428,28344,30417,29117,26589,20948,29809
32680,32545,33155,33787,32911,32876,38508,32432,33644,33416,37792,32485,31428,28344,30417,29117,26589,20948,29809
32669,32558,32925,33409,32492,32876,38508,32432,33644,33416,37792,32485,31428,28344,30417,29117,26589,20948,29809
32647,32519,32690,33260,32415,32876,38508,32432,33644,33416,37792,32485,31428,28344,30417,29117,26589,20948,29809
32724,32597,32822,33144,32425,32876,38508,32432,33644,33416,37792,32485,31428,28344,30417,29117,26589,20948,29809
32711,32566,32708,33303,32454,32876,38508,32432,33644,33416,37792,32485,31428,28344,30417,29117,26589,20948,29809
32731,32495,32889,33271,32214,32876,38508,32432,33644,33416,37792,32485,31428,28344,30417,29117,26589,20948,29809
32765,32471,32873,33223,32500,32876,38508,32432,33644,33416,37792,32485,31428,28344,30417,29117,26589,20948,29809
32802,32367,32783,33191,33037,32876,38508,32432,33644,33416,37792,32485,31428,28344,30417,29117,26589,20948,29809
32912,32543,32696,32818,32603,32788,38264,32416,33834,33346,37810,32150,31482,28677,30184,30160,27148,20156,31652
32869,32611,32715,32959,33437,32788,38264,32416,33834,33346,37810,32150,31482,28677,30184,30160,27148,20156,31652
32839,32775,32715,33107,32946,32788,38264,32416,33834,33346,37810,32150,31482,28677,30184,30160,27148,20156,31652
32836,32875,32723,33167,33863,32788,38264,32416,33834,33346,37810,32150,31482,28677,30184,30160,27148,20156,31652
32929,32863,32750,32893,33485,32788,38264,32416,33834,33346,37810,32150,31482,28677,30184,30160,27148,20156,31652
32936,32647,32565,32351,32914,32788,38264,32416,33834,33346,37810,32150,31482,28677,30184,30160,27148,20156,31652
32944,32759,32731,33167,32679,32788,38264,32416,33834,33346,37810,32150,31482,28677,30184,30160,27148,20156,31652
32834,32759,32587,33575,32705,32788,38264,32416,33834,33346,37810,32150,31482,28677,30184,30160,27148,20156,31652
32814,32711,32727,32747,32159,32788,38264,32416,33834,33346,37810,32150,31482,28677,30184,30160,27148,20156,31652
32791,32926,32546,32979,33863,32788,38264,32416,33834,33346,37810,32150,31482,28677,30184,30160,27148,20156,31652
32820,33078,32664,33183,33340,32718,37896,32344,33774,33408,37406,31844,31500,29052,29828,32788,27754,19888,34601
32847,33097,32698,33300,31047,32718,37896,32344,33774,33408,37406,31844,31500,29052,29828,32788,27754,19888,34601
32827,33043,32645,33517,33107,32718,37896,32344,33774,33408,37406,31844,31500,29052,29828,32788,27754,19888,34601
32822,32870,32823,34105,32519,32718,37896,32344,33774,33408,37406,31844,31500,29052,29828,32788,27754,19888,34601
32727,32743,32588,33903,32051,32718,37896,32344,33774,33408,37406,31844,31500,29052,29828,32788,27754,19888,34601
32740,32687,32807,33099,32763,32718,37896,32344,33774,33408,37406,31844,31500,29052,29828,32788,27754,19888,34601
32742,32715,32679,32909,32455,32718,37896,32344,33774,33408,37406,31844,31500,29052,29828,32788,27754,19888,34601
32744,32787,32863,33013,31905,32718,37896,32344,33774,33408,37406,31844,31500,29052,29828,32788,27754,19888,34601
32767,32758,32719,32969,33047,32718,37896,32344,33774,33408,37406,31844,31500,29052,29828,32788,27754,19888,34601
32723,32717,32935,33102,32563,32718,37896,32344,33774,33408,37406,31844,31500,29052,29828,32788,27754,19888,34601
32779,32711,32750,33299,33431,32821,37080,31604,33652,33304,37313,31706,31440,30108,32973,35912,26081,19397,35996
32768,32519,32751,32933,33763,32821,37080,31604,33652,33304,37313,31706,31440,30108,32973,35912,26081,19397,35996
32849,32367,32747,33122,32998,32821,37080,31604,33652,33304,37313,31706,31440,30108,32973,35912,26081,19397,35996
32835,32303,32771,32999,32999,32821,37080,31604,33652,33304,37313,31706,31440,30108,32973,35912,26081,19397,35996
32898,32171,32655,33143,32951,32821,37080,31604,33652,33304,37313,31706,31440,30108,32973,35912,26081,19397,35996
32837,32199,32654,32887,32994,32821,37080,31604,33652,33304,37313,31706,31440,30108,32973,35912,26081,19397,35996
32839,32563,32770,33105,33257,32821,37080,31604,33652,33304,37313,31706,31440,30108,32973,35912,26081,19397,35996
32856,32899,32615,33223,32639,32821,37080,31604,33652,33304,37313,31706,31440,30108,32973,35912,26081,19397,35996
32942,32735,32743,33187,32495,32821,37080,31604,33652,33304,37313,31706,31440,30108,32973,35912,26081,19397,35996
32908,32908,32468,33039,33439,32821,37080,31604,33652,33304,37313,31706,31440,30108,32973,35912,26081,19397,35996
32809,32999,32711,33559,33866,33506,37536,31128,33852,33412,37164,31624,31348,30032,29250,36140,27808,18112,37316
32856,33275,32515,33326,33161,33506,37536,31128,33852,33412,37164,31624,31348,30032,29250,36140,27808,18112,37316
32843,33482,32718,33535,31391,33506,37536,31128,33852,33412,37164,31624,31348,30032,29250,36140,27808,18112,37316
32800,33619,32519,33203,32947,33506,37536,31128,33852,33412,37164,31624,31348,30032,29250,36140,27808,18112,37316
32787,33386,32647,33261,32869,33506,37536,31128,33852,33412,37164,31624,31348,30032,29250,36140,27808,18112,37316
32782,33267,32527,32889,33447,33506,37536,31128,33852,33412,37164,31624,31348,30032,29250,36140,27808,18112,37316
32786,33133,32663,33438,33261,33506,37536,31128,33852,33412,37164,31624,31348,30032,29250,36140,27808,18112,37316
32763,32857,32546,33135,32786,33506,37536,31128,33852,33412,37164,31624,31348,30032,29250,36140,27808,18112,37316
32832,32615,32703,33255,32167,33506,37536,31128,33852,33412,37164,31624,31348,30032,29250,36140,27808,18112,37316
32730,32590,32553,32963,31439,33506,37536,31128,33852,33412,37164,31624,31348,30032,29250,36140,27808,18112,37316
32724,32429,32658,33170,32433,33428,36920,30230,33892,32908,37152,31728,31408,29786,30170,35308,26732,17474,36456
32788,32347,32643,33031,33409,33428,36920,30230,33892,32908,37152,31728,31408,29786,30170,35308,26732,17474,36456
32711,32458,32637,33203,34781,33428,36920,30230,33892,32908,37152,31728,31408,29786,30170,35308,26732,17474,36456
32742,32543,32631,32983,34966,33428,36920,30230,33892,32908,37152,31728,31408,29786,30170,35308,26732,17474,36456
32775,32606,32793,33189,34387,33428,36920,30230,33892,32908,37152,31728,31408,29786,30170,35308,26732,17474,36456
32695,32711,32699,33029,33312,33428,36920,30230,33892,32908,37152,31728,31408,29786,30170,35308,26732,17474,36456
32710,32685,32782,33109,29623,33428,36920,30230,33892,32908,37152,31728,31408,29786,30170,35308,26732,17474,36456
32751,32679,32735,33125,30479,33428,36920,30230,33892,32908,37152,31728,31408,29786,30170,35308,26732,17474,36456
32775,32634,32729,32877,29647,33428,36920,30230,33892,32908,37152,31728,31408,29786,30170,35308,26732,17474,36456
32768,32499,32829,32903,30711,33428,36920,30230,33892,32908,37152,31728,31408,29786,30170,35308,26732,17474,36456
32700,32539,32719,32656,33328,33731,37392,29828,33916,32824,37244,31680,31312,29733,31891,35790,26144,17508,36792
32675,32367,32921,32935,34527,33731,37392,29828,33916,32824,37244,31680,31312,29733,31891,35790,26144,17508,36792
32695,31901,32783,32735,34478,33731,37392,29828,33916,32824,37244,31680,31312,29733,31891,35790,26144,17508,36792
32733,31612,32975,32994,33365,33731,37392,29828,33916,32824,37244,31680,31312,29733,31891,35790,26144,17508,36792
32727,31694,32807,32918,32287,33731,37392,29828,33916,32824,37244,31680,31312,29733,31891,35790,26144,17508,36792
32771,32161,32982,33010,32250,33731,37392,29828,33916,32824,37244,31680,31312,29733,31891,35790,26144,17508,36792
32821,32830,32703,32902,31375,33731,37392,29828,33916,32824,37244,31680,31312,29733,31891,35790,26144,17508,36792
32806,32848,32943,33621,31991,33731,37392,29828,33916,32824,37244,31680,31312,29733,31891,35790,26144,17508,36792
32785,33124,32679,33663,32333,33731,37392,29828,33916,32824,37244,31680,31312,29733,31891,35790,26144,17508,36792
32899,33309,32889,34051,33567,33731,37392,29828,33916,32824,37244,31680,31312,29733,31891,35790,26144,17508,36792
32888,33597,32839,33791,34269,33648,37554,29628,33956,33188,37213,31376,31224,29316,34268,33528,28620,17153,38109
32866,33959,32631,33717,35094,33648,37554,29628,33956,33188,37213,31376,31224,29316,34268,33528,28620,17153,38109
32823,33600,32822,33525,34619,33648,37554,29628,33956,33188,37213,31376,31224,29316,34268,33528,28620,17153,38109
32861,33121,32669,33110,34409,33648,37554,29628,33956,33188,37213,31376,31224,29316,34268,33528,28620,17153,38109
32786,33558,32815,33407,32263,33648,37554,29628,33956,33188,37213,31376,31224,29316,34268,33528,28620,17153,38109
32843,33919,32801,33157,30053,33648,37554,29628,33956,33188,37213,31376,31224,29316,34268,33528,28620,17153,38109
32770,33730,32703,33394,30127,33648,37554,29628,33956,33188,37213,31376,31224,29316,34268,33528,28620,17153,38109
32750,33155,32759,33013,30855,33648,37554,29628,33956,33188,37213,31376,31224,29316,34268,33528,28620,17153,38109
32769,32373,32614,33074,32253,33648,37554,29628,33956,33188,37213,31376,31224,29316,34268,33528,28620,17153,38109
32745,32383,32811,32918,33829,33648,37554,29628,33956,33188,37213,31376,31224,29316,34268,33528,28620,17153,38109
32821,32361,32647,32935,33663,33764,37472,29870,33852,33180,36992,30920,31072,29092,35239,33140,26464,16808,36456
32792,32511,32677,32815,31625,33764,37472,29870,33852,33180,36992,30920,31072,29092,35239,33140,26464,16808,36456
32724,32502,32756,32922,32769,33764,37472,29870,33852,33180,36992,30920,31072,29092,35239,33140,26464,16808,36456
32711,32423,32697,32801,32181,33764,37472,29870,33852,33180,36992,30920,31072,29092,35239,33140,26464,16808,36456
32650,32342,32855,32997,31975,33764,37472,29870,33852,33180,36992,30920,31072,29092,35239,33140,26464,16808,36456
32655,32310,32691,32895,33182,33764,37472,29870,33852,33180,36992,30920,31072,29092,35239,33140,26464,16808,36456
32621,32482,32822,33028,35335,33764,37472,29870,33852,33180,36992,30920,31072,29092,35239,33140,26464,16808,36456
32658,32578,32669,33159,33492,33764,37472,29870,33852,33180,36992,30920,31072,29092,35239,33140,26464,16808,36456
32717,32439,32876,33083,35103,33764,37472,29870,33852,33180,36992,30920,31072,29092,35239,33140,26464,16808,36456
32662,32439,32751,33029,35051,33764,37472,29870,33852,33180,36992,30920,31072,29092,35239,33140,26464,16808,36456
32743,32571,32881,33077,38393,33544,37192,30104,33880,33044,36944,30464,30952,28901,35553,34017,28940,16556,39752
32740,32623,32695,33131,43037,33544,37192,30104,33880,33044,36944,30464,30952,28901,35553,34017,28940,16556,39752
32791,32426,32903,33156,31327,33544,37192,30104,33880,33044,36944,30464,30952,28901,35553,34017,28940,16556,39752
32797,32331,32735,33296,22999,33544,37192,30104,33880,33044,36944,30464,30952,28901,35553,34017,28940,16556,39752
32768,32379,32887,33027,22546,33544,37192,30104,33880,33044,36944,30464,30952,28901,35553,34017,28940,16556,39752
32759,32511,32856,33334,24879,33544,37192,30104,33880,33044,36944,30464,30952,28901,35553,34017,28940,16556,39752
32799,32743,32911,33010,27341,33544,37192,30104,33880,33044,36944,30464,30952,28901,35553,34017,28940,16556,39752
32745,32835,32812,33081,40553,33544,37192,30104,33880,33044,36944,30464,30952,28901,35553,34017,28940,16556,39752
32778,32850,32877,33319,38639,33544,37192,30104,33880,33044,36944,30464,30952,28901,35553,34017,28940,16556,39752
32836,32975,32723,33243,20495,33544,37192,30104,33880,33044,36944,30464,30952,28901,35553,34017,28940,16556,39752
32804,32595,32945,33398,34841,33449,37136,30189,33957,33004,36972,30084,30680,29153,35741,36568,25576,16675,41024
32790,32569,32771,33077,49197,33449,37136,30189,33957,33004,36972,30084,30680,29153,35741,36568,25576,16675,41024
32848,32769,32935,33094,60332,33449,37136,30189,33957,33004,36972,30084,30680,29153,35741,36568,25576,16675,41024
32887,32826,32723,32924,34872,33449,37136,30189,33957,33004,36972,30084,30680,29153,35741,36568,25576,16675,41024
32900,32756,32878,33209,23335,33449,37136,30189,33957,33004,36972,30084,30680,29153,35741,36568,25576,16675,41024
32842,32834,32851,33062,27421,33449,37136,30189,33957,33004,36972,30084,30680,29153,35741,36568,25576,16675,41024
32825,32869,32729,33327,35533,33449,37136,30189,33957,33004,36972,30084,30680,29153,35741,36568,25576,16675,41024
32749,33006,32868,33365,22070,33449,37136,30189,33957,33004,36972,30084,30680,29153,35741,36568,25576,16675,41024
32835,32807,32664,33412,4407,33449,37136,30189,33957,33004,36972,30084,30680,29153,35741,36568,25576,16675,41024
32853,32383,32809,33191,17244,33449,37136,30189,33957,33004,36972,30084,30680,29153,35741,36568,25576,16675,41024
32832,32635,32634,33065,51015,33308,37248,30140,33898,32745,37140,29524,30520,29792,35104,39152,28448,16645,40784
32838,32744,32750,33232,34234,33308,37248,30140,33898,32745,37140,29524,30520,29792,35104,39152,28448,16645,40784
32858,32775,32654,33067,29191,33308,37248,30140,33898,32745,37140,29524,30520,29792,35104,39152,28448,16645,40784
32739,33054,32733,33395,51280,33308,37248,30140,33898,32745,37140,29524,30520,29792,35104,39152,28448,16645,40784
32760,33138,32863,33117,33925,33308,37248,30140,33898,32745,37140,29524,30520,29792,35104,39152,28448,16645,40784
32837,32726,32628,33211,22432,33308,37248,30140,33898,32745,37140,29524,30520,29792,35104,39152,28448,16645,40784
32797,32674,32798,32973,45847,33308,37248,30140,33898,32745,37140,29524,30520,29792,35104,39152,28448,16645,40784
32814,32911,32631,33135,23193,33308,37248,30140,33898,32745,37140,29524,30520,29792,35104,39152,28448,16645,40784
32819,32843,32782,33029,18439,33308,37248,30140,33898,32745,37140,29524,30520,29792,35104,39152,28448,16645,40784
32770,32453,32669,33186,54444,33308,37248,30140,33898,32745,37140,29524,30520,29792,35104,39152,28448,16645,40784
32726,32337,32843,32955,60582,32877,37733,29838,33920,32456,37418,29412,30430,30180,34536,39616,25437,16696,38705
32760,32515,32639,33130,33057,32877,37733,29838,33920,32456,37418,29412,30430,30180,34536,39616,25437,16696,38705
32727,32367,32795,32928,14303,32877,37733,29838,33920,32456,37418,29412,30430,30180,34536,39616,25437,16696,38705
32692,32855,32626,33123,20981,32877,37733,29838,33920,32456,37418,29412,30430,30180,34536,39616,25437,16696,38705
32639,33111,32775,32839,30107,32877,37733,29838,33920,32456,37418,29412,30430,30180,34536,39616,25437,16696,38705
32665,32933,32593,33198,11753,32877,37733,29838,33920,32456,37418,29412,30430,30180,34536,39616,25437,16696,38705
32667,32743,32817,33129,21303,32877,37733,29838,33920,32456,37418,29412,30430,30180,34536,39616,25437,16696,38705
32615,32519,32613,33237,37195,32877,37733,29838,33920,32456,37418,29412,30430,30180,34536,39616,25437,16696,38705
32530,32477,32765,33019,48203,32877,37733,29838,33920,32456,37418,29412,30430,30180,34536,39616,25437,16696,38705
32591,32513,32557,33194,24576,32877,37733,29838,33920,32456,37418,29412,30430,30180,34536,39616,25437,16696,38705
32692,32690,32748,33031,7382,32737,38049,29748,34084,32776,37960,29658,30224,30188,35410,41300,27860,17849,38404
32620,32797,32478,33237,50008,32737,38049,29748,34084,32776,37960,29658,30224,30188,35410,41300,27860,17849,38404
32646,32629,32698,32933,65535,32737,38049,29748,34084,32776,37960,29658,30224,30188,35410,41300,27860,17849,38404
32603,32392,32572,33159,43414,32737,38049,29748,34084,32776,37960,29658,30224,30188,35410,41300,27860,17849,38404
32671,32246,32661,32954,27303,32737,38049,29748,34084,32776,37960,29658,30224,30188,35410,41300,27860,17849,38404
32663,32375,32494,33229,41569,32737,38049,29748,34084,32776,37960,29658,30224,30188,35410,41300,27860,17849,38404
32656,32418,32791,33081,32303,32737,38049,29748,34084,32776,37960,29658,30224,30188,35410,41300,27860,17849,38404
32684,32551,32583,32997,35501,32737,38049,29748,34084,32776,37960,29658,30224,30188,35410,41300,27860,17849,38404
32739,32509,32663,33096,13198,32737,38049,29748,34084,32776,37960,29658,30224,30188,35410,41300,27860,17849,38404
32694,32628,32709,32865,19973,32737,38049,29748,34084,32776,37960,29658,30224,30188,35410,41300,27860,17849,38404
32678,32615,32506,33159,52129,32888,38304,29992,34051,33122,38408,29537,29872,29776,36465,39057,26904,17568,39249
32599,32722,32682,32980,51192,32888,38304,29992,34051,33122,38408,29537,29872,29776,36465,39057,26904,17568,39249
32598,32505,32495,33179,46711,32888,38304,29992,34051,33122,38408,29537,29872,29776,36465,39057,26904,17568,39249
32628,32248,32644,33023,14438,32888,38304,29992,34051,33122,38408,29537,29872,29776,36465,39057,26904,17568,39249
32661,31775,32477,33319,3324,32888,38304,29992,34051,33122,38408,29537,29872,29776,36465,39057,26904,17568,39249
32640,31551,32581,33323,36009,32888,38304,29992,34051,33122,38408,29537,29872,29776,36465,39057,26904,17568,39249
32678,32535,32477,33210,44128,32888,38304,29992,34051,33122,38408,29537,29872,29776,36465,39057,26904,17568,39249
32686,33455,32617,33378,20803,32888,38304,29992,34051,33122,38408,29537,29872,29776,36465,39057,26904,17568,39249
32708,33333,32482,33015,32703,32888,38304,29992,34051,33122,38408,29537,29872,29776,36465,39057,26904,17568,39249
32733,33157,32643,33224,27849,32888,38304,29992,34051,33122,38408,29537,29872,29776,36465,39057,26904,17568,39249
32748,33573,32485,32954,40172,33266,38960,30200,33856,32784,38348,30137,29736,29524,39228,38108,24394,17288,39796
32680,33730,32639,33095,55435,33266,38960,30200,33856,32784,38348,30137,29736,29524,39228,38108,24394,17288,39796
32764,33782,32457,33023,19922,33266,38960,30200,33856,32784,38348,30137,29736,29524,39228,38108,24394,17288,39796
32712,34093,32639,33122,3781,33266,38960,30200,33856,32784,38348,30137,29736,29524,39228,38108,24394,17288,39796
32768,33618,32487,33004,23558,33266,38960,30200,33856,32784,38348,30137,29736,29524,39228,38108,24394,17288,39796
32735,32954,32689,33062,61817,33266,38960,30200,33856,32784,38348,30137,29736,29524,39228,38108,24394,17288,39796
32756,32836,32658,33294,32980,33266,38960,30200,33856,32784,38348,30137,29736,29524,39228,38108,24394,17288,39796
32692,32674,32865,33087,5283,33266,38960,30200,33856,32784,38348,30137,29736,29524,39228,38108,24394,17288,39796
32632,32596,32858,33273,37038,33266,38960,30200,33856,32784,38348,30137,29736,29524,39228,38108,24394,17288,39796
32511,32985,32746,33036,65525,33266,38960,30200,33856,32784,38348,30137,29736,29524,39228,38108,24394,17288,39796
32563,33217,32858,33253,39858,33656,39508,30456,33843,32976,39168,30404,29417,29428,38712,38792,23594,17300,37732
32573,33183,32710,32903,38335,33656,39508,30456,33843,32976,39168,30404,29417,29428,38712,38792,23594,17300,37732
32611,32863,32834,33198,32262,33656,39508,30456,33843,32976,39168,30404,29417,29428,38712,38792,23594,17300,37732
32684,32672,32775,32911,28615,33656,39508,30456,33843,32976,39168,30404,29417,29428,38712,38792,23594,17300,37732
32655,32402,32975,33125,43010,33656,39508,30456,33843,32976,39168,30404,29417,29428,38712,38792,23594,17300,37732
32741,32179,32859,32900,34482,33656,39508,30456,33843,32976,39168,30404,29417,29428,38712,38792,23594,17300,37732
32819,32104,33005,33081,11314,33656,39508,30456,33843,32976,39168,30404,29417,29428,38712,38792,23594,17300,37732
32857,32114,32959,33071,7828,33656,39508,30456,33843,32976,39168,30404,29417,29428,38712,38792,23594,17300,37732
32888,32037,32837,32999,32612,33656,39508,30456,33843,32976,39168,30404,29417,29428,38712,38792,23594,17300,37732
32887,32775,32939,33234,51351,33656,39508,30456,33843,32976,39168,30404,29417,29428,38712,38792,23594,17300,37732
32852,33075,32835,33063,34247,33810,40096,31008,33736,32612,39344,30544,29018,29348,41701,38829,22986,16499,39652
32933,32775,32789,33247,33123,33810,40096,31008,33736,32612,39344,30544,29018,29348,41701,38829,22986,16499,39652
32885,32523,32888,33187,49038,33810,40096,31008,33736,32612,39344,30544,29018,29348,41701,38829,22986,16499,39652
32873,32354,32713,33212,43271,33810,40096,31008,33736,32612,39344,30544,29018,29348,41701,38829,22986,16499,39652
32805,32478,32971,33199,25913,33810,40096,31008,33736,32612,39344,30544,29018,29348,41701,38829,22986,16499,39652
32789,32497,32855,33023,25316,33810,40096,31008,33736,32612,39344,30544,29018,29348,41701,38829,22986,16499,39652
32864,32447,33095,33182,36902,33810,40096,31008,33736,32612,39344,30544,29018,29348,41701,38829,22986,16499,39652
32860,32455,32978,32938,30572,33810,40096,31008,33736,32612,39344,30544,29018,29348,41701,38829,22986,16499,39652
32926,32389,33085,33164,25474,33810,40096,31008,33736,32612,39344,30544,29018,29348,41701,38829,22986,16499,39652
32964,32478,32873,32998,27047,33810,40096,31008,33736,32612,39344,30544,29018,29348,41701,38829,22986,16499,39652
32898,32668,33187,33151,46038,33920,40340,31180,33652,32512,40130,30842,28700,29352,43338,40961,25038,17380,34788
32871,32842,32990,33045,37114,33920,40340,31180,33652,32512,40130,30842,28700,29352,43338,40961,25038,17380,34788
32879,32892,32995,33306,17458,33920,40340,31180,33652,32512,40130,30842,28700,29352,43338,40961,25038,17380,34788
32896,32381,32951,33166,19126,33920,40340,31180,33652,32512,40130,30842,28700,29352,43338,40961,25038,17380,34788
32876,32370,32810,33126,44341,33920,40340,31180,33652,32512,40130,30842,28700,29352,43338,40961,25038,17380,34788
32936,32919,33011,33243,54760,33920,40340,31180,33652,32512,40130,30842,28700,29352,43338,40961,25038,17380,34788
32956,33285,32869,33039,36167,33920,40340,31180,33652,32512,40130,30842,28700,29352,43338,40961,25038,17380,34788
32967,32871,32965,33315,32523,33920,40340,31180,33652,32512,40130,30842,28700,29352,43338,40961,25038,17380,34788
32928,32163,32787,33191,35033,33920,40340,31180,33652,32512,40130,30842,28700,29352,43338,40961,25038,17380,34788
32912,31610,32617,33277,23578,33920,40340,31180,33652,32512,40130,30842,28700,29352,43338,40961,25038,17380,34788
32816,32051,32573,33062,15048,33740,40264,31351,33737,32404,40832,31103,28288,28116,43835,41576,24514,16242,39720
32804,33575,32702,33357,39090,33740,40264,31351,33737,32404,40832,31103,28288,28116,43835,41576,24514,16242,39720
32726,33731,32603,33023,46955,33740,40264,31351,33737,32404,40832,31103,28288,28116,43835,41576,24514,16242,39720
32748,33412,32722,33255,32487,33740,40264,31351,33737,32404,40832,31103,28288,28116,43835,41576,24514,16242,39720
32721,32839,32717,33160,29260,33740,40264,31351,33737,32404,40832,31103,28288,28116,43835,41576,24514,16242,39720
32745,32879,32671,33237,26072,33740,40264,31351,33737,32404,40832,31103,28288,28116,43835,41576,24514,16242,39720
32687,33690,32829,33438,15859,33740,40264,31351,33737,32404,40832,31103,28288,28116,43835,41576,24514,16242,39720
32730,33012,32797,33285,29415,33740,40264,31351,33737,32404,40832,31103,28288,28116,43835,41576,24514,16242,39720
32734,32856,33146,33341,52311,33740,40264,31351,33737,32404,40832,31103,28288,28116,43835,41576,24514,16242,39720
32812,33413,33185,32966,49701,33740,40264,31351,33737,32404,40832,31103,28288,28116,43835,41576,24514,16242,39720
32847,33892,33586,33167,37046,33637,40844,31360,33570,32120,40906,31708,27858,26338,51229,36744,26793,17192,42561
32745,33833,33351,32855,30709,33637,40844,31360,33570,32120,40906,31708,27858,26338,51229,36744,26793,17192,42561
32768,33063,32883,33127,31401,33637,40844,31360,33570,32120,40906,31708,27858,26338,51229,36744,26793,17192,42561
32792,32558,32391,32940,25121,33637,40844,31360,33570,32120,40906,31708,27858,26338,51229,36744,26793,17192,42561
32783,32140,32634,33309,20712,33637,40844,31360,33570,32120,40906,31708,27858,26338,51229,36744,26793,17192,42561
32746,32007,32588,33085,17367,33637,40844,31360,33570,32120,40906,31708,27858,26338,51229,36744,26793,17192,42561
32787,31886,32841,33239,27481,33637,40844,31360,33570,32120,40906,31708,27858,26338,51229,36744,26793,17192,42561
32746,32627,32755,33162,37595,33637,40844,31360,33570,32120,40906,31708,27858,26338,51229,36744,26793,17192,42561
32714,33702,32689,33379,35052,33637,40844,31360,33570,32120,40906,31708,27858,26338,51229,36744,26793,17192,42561
32776,34340,32605,33224,31766,33637,40844,31360,33570,32120,40906,31708,27858,26338,51229,36744,26793,17192,42561
32780,34291,32575,33120,37373,33144,40568,31912,33244,33016,41193,31150,27368,22316,59268,29928,24247,17274,39020
32752,33579,32765,33261,43391,33144,40568,31912,33244,33016,41193,31150,27368,22316,59268,29928,24247,17274,39020
32770,32569,32544,33174,35518,33144,40568,31912,33244,33016,41193,31150,27368,22316,59268,29928,24247,17274,39020
32723,32165,32662,33268,23448,33144,40568,31912,33244,33016,41193,31150,27368,22316,59268,29928,24247,17274,39020
32794,31738,32342,32925,23431,33144,40568,31912,33244,33016,41193,31150,27368,22316,59268,29928,24247,17274,39020
32720,31975,32924,33220,41468,33144,40568,31912,33244,33016,41193,31150,27368,22316,59268,29928,24247,17274,39020
32682,32287,32878,33044,62140,33144,40568,31912,33244,33016,41193,31150,27368,22316,59268,29928,24247,17274,39020
32678,32602,32576,33327,41525,33144,40568,31912,33244,33016,41193,31150,27368,22316,59268,29928,24247,17274,39020
32676,32487,32772,33028,6875,33144,40568,31912,33244,33016,41193,31150,27368,22316,59268,29928,24247,17274,39020
32647,32351,32869,33202,24072,33144,40568,31912,33244,33016,41193,31150,27368,22316,59268,29928,24247,17274,39020
32716,32440,33114,33055,52226,32229,39692,32865,33120,33440,39898,30669,26896,22621,57838,28866,23968,16693,44928
32680,32467,33109,33277,47799,32229,39692,32865,33120,33440,39898,30669,26896,22621,57838,28866,23968,16693,44928
32732,32384,33328,32969,26766,32229,39692,32865,33120,33440,39898,30669,26896,22621,57838,28866,23968,16693,44928
32683,32487,33338,33131,23542,32229,39692,32865,33120,33440,39898,30669,26896,22621,57838,28866,23968,16693,44928
32716,32771,33015,33037,28009,32229,39692,32865,33120,33440,39898,30669,26896,22621,57838,28866,23968,16693,44928
32743,32775,33163,33260,29517,32229,39692,32865,33120,33440,39898,30669,26896,22621,57838,28866,23968,16693,44928
32649,32759,33019,33212,27287,32229,39692,32865,33120,33440,39898,30669,26896,22621,57838,28866,23968,16693,44928
32691,32792,33053,33239,26203,32229,39692,32865,33120,33440,39898,30669,26896,22621,57838,28866,23968,16693,44928
32710,32886,32843,33333,29043,32229,39692,32865,33120,33440,39898,30669,26896,22621,57838,28866,23968,16693,44928
32756,32948,32803,33139,35815,32229,39692,32865,33120,33440,39898,30669,26896,22621,57838,28866,23968,16693,44928
32761,32818,32601,33319,38231,32762,38961,32260,32960,34000,38640,30682,26408,26024,59958,28738,27484,17584,47553
32787,33179,32450,33007,31444,32762,38961,32260,32960,34000,38640,30682,26408,26024,59958,28738,27484,17584,47553
32726,33898,32785,33281,26691,32762,38961,32260,32960,34000,38640,30682,26408,26024,59958,28738,27484,17584,47553
32688,33432,32695,33010,26969,32762,38961,32260,32960,34000,38640,30682,26408,26024,59958,28738,27484,17584,47553
32699,32503,32834,33255,32598,32762,38961,32260,32960,34000,38640,30682,26408,26024,59958,28738,27484,17584,47553
32667,32199,32693,32943,40349,32762,38961,32260,32960,34000,38640,30682,26408,26024,59958,28738,27484,17584,47553
32656,32315,32857,33091,44757,32762,38961,32260,32960,34000,38640,30682,26408,26024,59958,28738,27484,17584,47553
32640,32435,32871,32983,38784,32762,38961,32260,32960,34000,38640,30682,26408,26024,59958,28738,27484,17584,47553
32605,32555,32712,33210,29434,32762,38961,32260,32960,34000,38640,30682,26408,26024,59958,28738,27484,17584,47553
32656,32610,32783,33018,27009,32762,38961,32260,32960,34000,38640,30682,26408,26024,59958,28738,27484,17584,47553
32673,32667,32595,33263,28361,32881,38197,32397,32902,35364,38524,30204,25916,31456,51560,33699,24856,19677,41532
32659,32562,32849,33031,32411,32881,38197,32397,32902,35364,38524,30204,25916,31456,51560,33699,24856,19677,41532
32655,32610,32849,33196,34943,32881,38197,32397,32902,35364,38524,30204,25916,31456,51560,33699,24856,19677,41532
32628,32677,33061,32995,32639,32881,38197,32397,32902,35364,38524,30204,25916,31456,51560,33699,24856,19677,41532
32630,32663,32941,33159,31953,32881,38197,32397,32902,35364,38524,30204,25916,31456,51560,33699,24856,19677,41532
32645,32633,32821,32975,30891,32881,38197,32397,32902,35364,38524,30204,25916,31456,51560,33699,24856,19677,41532
32627,32619,32607,33087,31149,32881,38197,32397,32902,35364,38524,30204,25916,31456,51560,33699,24856,19677,41532
32647,32709,32973,32890,32966,32881,38197,32397,32902,35364,38524,30204,25916,31456,51560,33699,24856,19677,41532
32626,32673,33334,33074,36004,32881,38197,32397,32902,35364,38524,30204,25916,31456,51560,33699,24856,19677,41532
32677,32625,33263,32875,35661,32881,38197,32397,32902,35364,38524,30204,25916,31456,51560,33699,24856,19677,41532
32632,32678,33197,33186,35221,33888,37665,32027,32852,36036,37924,29060,25358,36621,48704,33788,21297,21492,34308
32596,32726,32658,32926,33387,33888,37665,32027,32852,36036,37924,29060,25358,36621,48704,33788,21297,21492,34308
32622,32775,32849,33167,31478,33888,37665,32027,32852,36036,37924,29060,25358,36621,48704,33788,21297,21492,34308
32624,32695,32666,32915,26578,33888,37665,32027,32852,36036,37924,29060,25358,36621,48704,33788,21297,21492,34308
32675,32354,32839,33175,26057,33888,37665,32027,32852,36036,37924,29060,25358,36621,48704,33788,21297,21492,34308
32706,32226,32889,32989,29571,33888,37665,32027,32852,36036,37924,29060,25358,36621,48704,33788,21297,21492,34308
32626,32199,33150,32959,30937,33888,37665,32027,32852,36036,37924,29060,25358,36621,48704,33788,21297,21492,34308
32734,32236,33031,32825,33114,33888,37665,32027,32852,36036,37924,29060,25358,36621,48704,33788,21297,21492,34308
32636,32397,32669,33074,38343,33888,37665,32027,32852,36036,37924,29060,25358,36621,48704,33788,21297,21492,34308
32636,32373,32735,32977,48768,33888,37665,32027,32852,36036,37924,29060,25358,36621,48704,33788,21297,21492,34308
32695,32229,32660,32944,55133,34872,37376,30930,32624,35584,36800,27848,24826,37964,49088,35936,20816,24444,31169
32712,31598,32888,33210,44273,34872,37376,30930,32624,35584,36800,27848,24826,37964,49088,35936,20816,24444,31169
32814,31683,32955,33166,27362,34872,37376,30930,32624,35584,36800,27848,24826,37964,49088,35936,20816,24444,31169
32738,33174,32768,33483,20782,34872,37376,30930,32624,35584,36800,27848,24826,37964,49088,35936,20816,24444,31169
32812,35197,32824,33355,21832,34872,37376,30930,32624,35584,36800,27848,24826,37964,49088,35936,20816,24444,31169
32788,34855,32613,33543,27261,34872,37376,30930,32624,35584,36800,27848,24826,37964,49088,35936,20816,24444,31169
32708,33542,32707,33545,30802,34872,37376,30930,32624,35584,36800,27848,24826,37964,49088,35936,20816,24444,31169
32687,32845,32494,33208,32019,34872,37376,30930,32624,35584,36800,27848,24826,37964,49088,35936,20816,24444,31169
32692,32339,32944,33405,30714,34872,37376,30930,32624,35584,36800,27848,24826,37964,49088,35936,20816,24444,31169
32706,32685,32713,32999,28710,34872,37376,30930,32624,35584,36800,27848,24826,37964,49088,35936,20816,24444,31169
32702,33607,32646,33159,26749,35020,36964,29348,32460,34824,35796,27296,24308,37344,43736,34184,23851,26500,29653
32738,34650,32281,33166,25856,35020,36964,29348,32460,34824,35796,27296,24308,37344,43736,34184,23851,26500,29653
32704,34954,32543,33114,28309,35020,36964,29348,32460,34824,35796,27296,24308,37344,43736,34184,23851,26500,29653
32782,34143,32361,33183,32525,35020,36964,29348,32460,34824,35796,27296,24308,37344,43736,34184,23851,26500,29653
32781,33311,32263,32915,36157,35020,36964,29348,32460,34824,35796,27296,24308,37344,43736,34184,23851,26500,29653
32770,33277,32825,33233,33861,35020,36964,29348,32460,34824,35796,27296,24308,37344,43736,34184,23851,26500,29653
32750,33987,32745,32903,30279,35020,36964,29348,32460,34824,35796,27296,24308,37344,43736,34184,23851,26500,29653
32697,33747,32850,33021,28227,35020,36964,29348,32460,34824,35796,27296,24308,37344,43736,34184,23851,26500,29653
32724,33095,32794,33129,27979,35020,36964,29348,32460,34824,35796,27296,24308,37344,43736,34184,23851,26500,29653
32729,32722,32702,32863,35756,35020,36964,29348,32460,34824,35796,27296,24308,37344,43736,34184,23851,26500,29653
32758,32422,32754,33225,45912,34388,37124,27613,32488,34836,35088,27144,23838,36148,42418,29991,22778,31410,22852
32760,31415,32957,33119,43807,34388,37124,27613,32488,34836,35088,27144,23838,36148,42418,29991,22778,31410,22852
32836,30444,32809,33426,26567,34388,37124,27613,32488,34836,35088,27144,23838,36148,42418,29991,22778,31410,22852
32827,30397,32965,33306,25799,34388,37124,27613,32488,34836,35088,27144,23838,36148,42418,29991,22778,31410,22852
32786,31020,32721,33355,35351,34388,37124,27613,32488,34836,35088,27144,23838,36148,42418,29991,22778,31410,22852
32729,31807,32575,32947,44893,34388,37124,27613,32488,34836,35088,27144,23838,36148,42418,29991,22778,31410,22852
32610,31866,32686,33285,49955,34388,37124,27613,32488,34836,35088,27144,23838,36148,42418,29991,22778,31410,22852
32674,32911,32633,33225,46207,34388,37124,27613,32488,34836,35088,27144,23838,36148,42418,29991,22778,31410,22852
32642,34093,32805,33045,36143,34388,37124,27613,32488,34836,35088,27144,23838,36148,42418,29991,22778,31410,22852
32631,33939,32585,33143,26825,34388,37124,27613,32488,34836,35088,27144,23838,36148,42418,29991,22778,31410,22852
32762,34081,32750,32961,22829,33682,37354,26930,32268,34944,34861,26901,23408,34740,43912,25436,24316,34016,18086
32864,34045,33007,33069,23972,33682,37354,26930,32268,34944,34861,26901,23408,34740,43912,25436,24316,34016,18086
32903,33202,32909,33277,28798,33682,37354,26930,32268,34944,34861,26901,23408,34740,43912,25436,24316,34016,18086
32882,32566,33076,33123,29913,33682,37354,26930,32268,34944,34861,26901,23408,34740,43912,25436,24316,34016,18086
32813,32091,33061,33115,30598,33682,37354,26930,32268,34944,34861,26901,23408,34740,43912,25436,24316,34016,18086
32818,31831,33035,33319,31325,33682,37354,26930,32268,34944,34861,26901,23408,34740,43912,25436,24316,34016,18086
32721,31645,32942,33071,31527,33682,37354,26930,32268,34944,34861,26901,23408,34740,43912,25436,24316,34016,18086
32717,31699,32871,33181,32551,33682,37354,26930,32268,34944,34861,26901,23408,34740,43912,25436,24316,34016,18086
32724,32143,33039,33036,30343,33682,37354,26930,32268,34944,34861,26901,23408,34740,43912,25436,24316,34016,18086
32773,32854,32813,33193,25714,33682,37354,26930,32268,34944,34861,26901,23408,34740,43912,25436,24316,34016,18086
32804,33097,33059,33053,23229,33356,37496,26800,32368,34145,34249,27011,23066,33896,47084,22480,24693,32560,15452
32848,33255,32798,33330,25457,33356,37496,26800,32368,34145,34249,27011,23066,33896,47084,22480,24693,32560,15452
32824,33371,32885,33163,37463,33356,37496,26800,32368,34145,34249,27011,23066,33896,47084,22480,24693,32560,15452
32838,33214,32967,33381,43412,33356,37496,26800,32368,34145,34249,27011,23066,33896,47084,22480,24693,32560,15452
32857,32775,33133,33087,45839,33356,37496,26800,32368,34145,34249,27011,23066,33896,47084,22480,24693,32560,15452
32805,32443,33210,33303,45819,33356,37496,26800,32368,34145,34249,27011,23066,33896,47084,22480,24693,32560,15452
32754,32355,33231,33134,40621,33356,37496,26800,32368,34145,34249,27011,23066,33896,47084,22480,24693,32560,15452
32756,32418,33255,33415,34523,33356,37496,26800,32368,34145,34249,27011,23066,33896,47084,22480,24693,32560,15452
32812,32644,33338,33112,26663,33356,37496,26800,32368,34145,34249,27011,23066,33896,47084,22480,24693,32560,15452
32824,32853,32864,33333,22581,33356,37496,26800,32368,34145,34249,27011,23066,33896,47084,22480,24693,32560,15452
32791,33079,32934,33164,23936,33212,37392,27116,32225,33484,33194,26624,22713,32881,45684,19756,21214,28642,16100
32922,33025,33062,33178,24209,33212,37392,27116,32225,33484,33194,26624,22713,32881,45684,19756,21214,28642,16100
32897,32866,33218,33168,27940,33212,37392,27116,32225,33484,33194,26624,22713,32881,45684,19756,21214,28642,16100
32974,32677,33015,33210,32413,33212,37392,27116,32225,33484,33194,26624,22713,32881,45684,19756,21214,28642,16100
32869,32622,32838,33310,34895,33212,37392,27116,32225,33484,33194,26624,22713,32881,45684,19756,21214,28642,16100
32911,32623,32538,33403,37551,33212,37392,27116,32225,33484,33194,26624,22713,32881,45684,19756,21214,28642,16100
32817,32543,32370,33281,38137,33212,37392,27116,32225,33484,33194,26624,22713,32881,45684,19756,21214,28642,16100
32822,32407,32449,33141,37114,33212,37392,27116,32225,33484,33194,26624,22713,32881,45684,19756,21214,28642,16100
32767,32323,32359,33215,35245,33212,37392,27116,32225,33484,33194,26624,22713,32881,45684,19756,21214,28642,16100
32730,32514,32541,33078,33213,33212,37392,27116,32225,33484,33194,26624,22713,32881,45684,19756,21214,28642,16100
32733,32467,32697,33166,31772,33712,37368,27360,32336,31944,32440,25624,22396,32104,48920,16715,25029,32082,19440
32770,32515,32567,33117,32852,33712,37368,27360,32336,31944,32440,25624,22396,32104,48920,16715,25029,32082,19440
32715,32547,32805,32995,33922,33712,37368,27360,32336,31944,32440,25624,22396,32104,48920,16715,25029,32082,19440
32740,32603,32658,33237,34867,33712,37368,27360,32336,31944,32440,25624,22396,32104,48920,16715,25029,32082,19440
32738,32659,32499,33047,34701,33712,37368,27360,32336,31944,32440,25624,22396,32104,48920,16715,25029,32082,19440
32807,33041,32171,33134,33703,33712,37368,27360,32336,31944,32440,25624,22396,32104,48920,16715,25029,32082,19440
32900,33151,32581,33011,32799,33712,37368,27360,32336,31944,32440,25624,22396,32104,48920,16715,25029,32082,19440
32919,33204,32867,33375,32027,33712,37368,27360,32336,31944,32440,25624,22396,32104,48920,16715,25029,32082,19440
32916,33092,33117,33225,31599,33712,37368,27360,32336,31944,32440,25624,22396,32104,48920,16715,25029,32082,19440
32915,32735,32967,33311,32489,33712,37368,27360,32336,31944,32440,25624,22396,32104,48920,16715,25029,32082,19440
32886,32457,32839,33257,32557,33432,37279,27632,32165,31184,32840,26180,22065,30557,45813,14468,27034,34884,27742
32878,32817,33071,33366,32365,33432,37279,27632,32165,31184,32840,26180,22065,30557,45813,14468,27034,34884,27742
32858,33323,32863,33099,32370,33432,37279,27632,32165,31184,32840,26180,22065,30557,45813,14468,27034,34884,27742
32918,33268,32941,33147,32022,33432,37279,27632,32165,31184,32840,26180,22065,30557,45813,14468,27034,34884,27742
32899,33003,32775,32967,32191,33432,37279,27632,32165,31184,32840,26180,22065,30557,45813,14468,27034,34884,27742
32784,32833,32869,33287,31431,33432,37279,27632,32165,31184,32840,26180,22065,30557,45813,14468,27034,34884,27742
32795,32733,32575,32986,31537,33432,37279,27632,32165,31184,32840,26180,22065,30557,45813,14468,27034,34884,27742
32732,32583,32550,33255,31793,33432,37279,27632,32165,31184,32840,26180,22065,30557,45813,14468,27034,34884,27742
32774,32873,32450,33047,31355,33432,37279,27632,32165,31184,32840,26180,22065,30557,45813,14468,27034,34884,27742
32803,33149,32612,33234,30985,33432,37279,27632,32165,31184,32840,26180,22065,30557,45813,14468,27034,34884,27742
32755,32839,32445,33013,30605,33793,37492,27818,32264,31360,33668,27380,21743,29844,46340,15400,26548,41360,32426
32805,32818,32539,33219,31495,33793,37492,27818,32264,31360,33668,27380,21743,29844,46340,15400,26548,41360,32426
32820,33523,32783,33228,32031,33793,37492,27818,32264,31360,33668,27380,21743,29844,46340,15400,26548,41360,32426
32817,33380,32833,33110,32817,33793,37492,27818,32264,31360,33668,27380,21743,29844,46340,15400,26548,41360,32426
32775,32762,32996,33267,34219,33793,37492,27818,32264,31360,33668,27380,21743,29844,46340,15400,26548,41360,32426
32799,32450,32559,33040,34331,33793,37492,27818,32264,31360,33668,27380,21743,29844,46340,15400,26548,41360,32426
32743,32384,32695,33257,34703,33793,37492,27818,32264,31360,33668,27380,21743,29844,46340,15400,26548,41360,32426
32765,32297,32487,33037,34415,33793,37492,27818,32264,31360,33668,27380,21743,29844,46340,15400,26548,41360,32426
32731,32287,32535,33164,33383,33793,37492,27818,32264,31360,33668,27380,21743,29844,46340,15400,26548,41360,32426
32775,32207,32538,33177,31991,33793,37492,27818,32264,31360,33668,27380,21743,29844,46340,15400,26548,41360,32426
32739,32205,32493,32999,31209,33528,37594,28306,32312,31642,34264,28234,21460,29084,46301,14468,28882,43577,25082
32742,32127,32637,33300,33445,33528,37594,28306,32312,31642,34264,28234,21460,29084,46301,14468,28882,43577,25082
32717,32109,32514,32944,30787,33528,37594,28306,32312,31642,34264,28234,21460,29084,46301,14468,28882,43577,25082
32725,32214,32737,33206,33719,33528,37594,28306,32312,31642,34264,28234,21460,29084,46301,14468,28882,43577,25082
32742,32263,32415,33004,33135,33528,37594,28306,32312,31642,34264,28234,21460,29084,46301,14468,28882,43577,25082
32789,32347,32391,33211,33679,33528,37594,28306,32312,31642,34264,28234,21460,29084,46301,14468,28882,43577,25082
32757,32810,32366,32921,35503,33528,37594,28306,32312,31642,34264,28234,21460,29084,46301,14468,28882,43577,25082
32752,33407,32427,33209,36175,33528,37594,28306,32312,31642,34264,28234,21460,29084,46301,14468,28882,43577,25082
32788,33284,32388,33018,37019,33528,37594,28306,32312,31642,34264,28234,21460,29084,46301,14468,28882,43577,25082
32782,32959,32413,33250,36555,33528,37594,28306,32312,31642,34264,28234,21460,29084,46301,14468,28882,43577,25082
32808,33030,32577,33126,34143,33552,37588,28626,32548,33806,33456,27485,21174,30000,47496,16834,31190,46864,28504
32819,33494,32470,33095,31367,33552,37588,28626,32548,33806,33456,27485,21174,30000,47496,16834,31190,46864,28504
32749,33604,32620,33127,29412,33552,37588,28626,32548,33806,33456,27485,21174,30000,47496,16834,31190,46864,28504
32799,33146,32675,33143,29731,33552,37588,28626,32548,33806,33456,27485,21174,30000,47496,16834,31190,46864,28504
32775,33067,32677,33055,31223,33552,37588,28626,32548,33806,33456,27485,21174,30000,47496,16834,31190,46864,28504
32750,33071,32483,33277,31891,33552,37588,28626,32548,33806,33456,27485,21174,30000,47496,16834,31190,46864,28504
32775,32799,32423,32919,32623,33552,37588,28626,32548,33806,33456,27485,21174,30000,47496,16834,31190,46864,28504
32878,32633,32750,33196,32467,33552,37588,28626,32548,33806,33456,27485,21174,30000,47496,16834,31190,46864,28504
32876,32597,32627,33086,33271,33552,37588,28626,32548,33806,33456,27485,21174,30000,47496,16834,31190,46864,28504
32798,32607,32710,33139,33191,33552,37588,28626,32548,33806,33456,27485,21174,30000,47496,16834,31190,46864,28504
32751,32627,32583,33197,31795,33440,37404,28576,32417,34048,33208,28056,20946,30150,45364,16978,26812,48072,23294
32740,32638,32300,32929,32667,33440,37404,28576,32417,34048,33208,28056,20946,30150,45364,16978,26812,48072,23294
32741,32639,32263,33266,31603,33440,37404,28576,32417,34048,33208,28056,20946,30150,45364,16978,26812,48072,23294
32690,32671,32039,32889,29524,33440,37404,28576,32417,34048,33208,28056,20946,30150,45364,16978,26812,48072,23294
32638,32701,31987,33135,30359,33440,37404,28576,32417,34048,33208,28056,20946,30150,45364,16978,26812,48072,23294
32752,32695,32292,33009,31098,33440,37404,28576,32417,34048,33208,28056,20946,30150,45364,16978,26812,48072,23294
32809,32690,33190,33191,32786,33440,37404,28576,32417,34048,33208,28056,20946,30150,45364,16978,26812,48072,23294
32839,32563,33335,33234,34958,33440,37404,28576,32417,34048,33208,28056,20946,30150,45364,16978,26812,48072,23294
32737,32527,32887,33063,36857,33440,37404,28576,32417,34048,33208,28056,20946,30150,45364,16978,26812,48072,23294
32751,32549,33294,33351,35686,33440,37404,28576,32417,34048,33208,28056,20946,30150,45364,16978,26812,48072,23294
32773,32611,32879,33051,35177,33640,37100,28420,32544,34552,32898,27952,20840,30432,43876,16605,27273,51440,15126
32826,32587,32815,33262,32765,33640,37100,28420,32544,34552,32898,27952,20840,30432,43876,16605,27273,51440,15126
32732,32659,32499,32973,29989,33640,37100,28420,32544,34552,32898,27952,20840,30432,43876,16605,27273,51440,15126
32770,32659,32659,33223,29451,33640,37100,28420,32544,34552,32898,27952,20840,30432,43876,16605,27273,51440,15126
32784,32655,32837,33181,30191,33640,37100,28420,32544,34552,32898,27952,20840,30432,43876,16605,27273,51440,15126
32843,32671,32618,33175,32078,33640,37100,28420,32544,34552,32898,27952,20840,30432,43876,16605,27273,51440,15126
32758,32687,32699,33287,34267,33640,37100,28420,32544,34552,32898,27952,20840,30432,43876,16605,27273,51440,15126
32774,32645,32276,33029,35239,33640,37100,28420,32544,34552,32898,27952,20840,30432,43876,16605,27273,51440,15126
32724,32677,32275,33143,33485,33640,37100,28420,32544,34552,32898,27952,20840,30432,43876,16605,27273,51440,15126
32743,32711,32445,32999,35435,33640,37100,28420,32544,34552,32898,27952,20840,30432,43876,16605,27273,51440,15126
32720,32693,32782,33252,34023,33969,36928,28100,32644,34194,32808,27832,20712,30636,42581,13788,25216,54614,12666
32726,32765,32483,32909,32847,33969,36928,28100,32644,34194,32808,27832,20712,30636,42581,13788,25216,54614,12666
32736,32685,32455,33147,32722,33969,36928,28100,32644,34194,32808,27832,20712,30636,42581,13788,25216,54614,12666
32756,32719,32135,32821,31993,33969,36928,28100,32644,34194,32808,27832,20712,30636,42581,13788,25216,54614,12666
32759,32768,32013,33109,31399,33969,36928,28100,32644,34194,32808,27832,20712,30636,42581,13788,25216,54614,12666
32805,32845,31378,32761,31197,33969,36928,28100,32644,34194,32808,27832,20712,30636,42581,13788,25216,54614,12666
32743,32691,32406,33191,31209,33969,36928,28100,32644,34194,32808,27832,20712,30636,42581,13788,25216,54614,12666
32783,32771,33093,33100,30757,33969,36928,28100,32644,34194,32808,27832,20712,30636,42581,13788,25216,54614,12666
32828,32730,33876,33129,31750,33969,36928,28100,32644,34194,32808,27832,20712,30636,42581,13788,25216,54614,12666
32850,32846,33773,33186,31658,33969,36928,28100,32644,34194,32808,27832,20712,30636,42581,13788,25216,54614,12666
32787,32822,33442,33028,32926,33922,36760,27914,32656,33890,32418,27968,20730,30756,41761,11306,25796,55400,14298
32716,32763,32861,33191,33303,33922,36760,27914,32656,33890,32418,27968,20730,30756,41761,11306,25796,55400,14298
32685,32774,32997,32945,33187,33922,36760,27914,32656,33890,32418,27968,20730,30756,41761,11306,25796,55400,14298
32781,32761,32754,33181,32987,33922,36760,27914,32656,33890,32418,27968,20730,30756,41761,11306,25796,55400,14298
32807,32759,32487,32993,33522,33922,36760,27914,32656,33890,32418,27968,20730,30756,41761,11306,25796,55400,14298
32748,32775,31950,33125,33403,33922,36760,27914,32656,33890,32418,27968,20730,30756,41761,11306,25796,55400,14298
32702,32832,31551,32739,33129,33922,36760,27914,32656,33890,32418,27968,20730,30756,41761,11306,25796,55400,14298
32676,32743,32338,33095,32775,33922,36760,27914,32656,33890,32418,27968,20730,30756,41761,11306,25796,55400,14298
32717,32774,32765,33003,33366,33922,36760,27914,32656,33890,32418,27968,20730,30756,41761,11306,25796,55400,14298
32729,32740,33159,33188,32903,33922,36760,27914,32656,33890,32418,27968,20730,30756,41761,11306,25796,55400,14298
32730,32731,32623,33054,33029,33804,36344,27948,32696,33593,32242,27764,20658,31080,39568,11464,25370,56812,13819
32761,32749,33221,33122,32891,33804,36344,27948,32696,33593,32242,27764,20658,31080,39568,11464,25370,56812,13819
32699,32713,33191,33243,32683,33804,36344,27948,32696,33593,32242,27764,20658,31080,39568,11464,25370,56812,13819
32754,32721,33219,33029,32518,33804,36344,27948,32696,33593,32242,27764,20658,31080,39568,11464,25370,56812,13819
32702,32719,32930,33057,33120,33804,36344,27948,32696,33593,32242,27764,20658,31080,39568,11464,25370,56812,13819
32748,32663,33031,33187,32395,33804,36344,27948,32696,33593,32242,27764,20658,31080,39568,11464,25370,56812,13819
32765,32631,32815,33233,33083,33804,36344,27948,32696,33593,32242,27764,20658,31080,39568,11464,25370,56812,13819
32758,32542,32759,33225,33095,33804,36344,27948,32696,33593,32242,27764,20658,31080,39568,11464,25370,56812,13819
32792,32545,32132,32983,33239,33804,36344,27948,32696,33593,32242,27764,20658,31080,39568,11464,25370,56812,13819
32855,32525,32336,33215,33607,33804,36344,27948,32696,33593,32242,27764,20658,31080,39568,11464,25370,56812,13819
32740,32543,32512,33119,33233,33702,36240,28048,32718,33482,32148,27689,20754,30945,39092,10660,26228,57566,14897
32771,32589,32352,33229,33146,33702,36240,28048,32718,33482,32148,27689,20754,30945,39092,10660,26228,57566,14897
32750,32534,32263,32954,32742,33702,36240,28048,32718,33482,32148,27689,20754,30945,39092,10660,26228,57566,14897
32741,32551,31815,32983,31561,33702,36240,28048,32718,33482,32148,27689,20754,30945,39092,10660,26228,57566,14897
32741,32655,31609,33207,32099,33702,36240,28048,32718,33482,32148,27689,20754,30945,39092,10660,26228,57566,14897
32768,32703,32457,32973,32214,33702,36240,28048,32718,33482,32148,27689,20754,30945,39092,10660,26228,57566,14897
32779,32310,33575,33217,32913,33702,36240,28048,32718,33482,32148,27689,20754,30945,39092,10660,26228,57566,14897
32772,32357,32743,33020,32613,33702,36240,28048,32718,33482,32148,27689,20754,30945,39092,10660,26228,57566,14897
32775,32871,32917,33329,32943,33702,36240,28048,32718,33482,32148,27689,20754,30945,39092,10660,26228,57566,14897
32822,33300,33063,33129,33543,33702,36240,28048,32718,33482,32148,27689,20754,30945,39092,10660,26228,57566,14897
32843,33381,33117,33228,33445,33757,36032,28092,32792,33144,32224,28122,20832,30445,37580,9244,29258,60840,15445
32808,32955,33050,33123,33767,33757,36032,28092,32792,33144,32224,28122,20832,30445,37580,9244,29258,60840,15445
32784,32594,32873,33159,33107,33757,36032,28092,32792,33144,32224,28122,20832,30445,37580,9244,29258,60840,15445
32804,32549,32851,33245,33517,33757,36032,28092,32792,33144,32224,28122,20832,30445,37580,9244,29258,60840,15445
32733,32695,32071,32909,33301,33757,36032,28092,32792,33144,32224,28122,20832,30445,37580,9244,29258,60840,15445
32784,32911,32196,33225,32752,33757,36032,28092,32792,33144,32224,28122,20832,30445,37580,9244,29258,60840,15445
32747,33077,32931,33037,32514,33757,36032,28092,32792,33144,32224,28122,20832,30445,37580,9244,29258,60840,15445
32732,33277,32702,33223,32263,33757,36032,28092,32792,33144,32224,28122,20832,30445,37580,9244,29258,60840,15445
32715,33109,33083,32975,32498,33757,36032,28092,32792,33144,32224,28122,20832,30445,37580,9244,29258,60840,15445
32722,32859,32503,33189,32999,33757,36032,28092,32792,33144,32224,28122,20832,30445,37580,9244,29258,60840,15445
32659,32711,32441,32962,32827,33528,35620,28161,32832,33072,32288,28281,20976,29534,36044,7737,26589,63135,14189
32642,32637,32630,33189,32673,33528,35620,28161,32832,33072,32288,28281,20976,29534,36044,7737,26589,63135,14189
32614,32537,32501,33014,32756,33528,35620,28161,32832,33072,32288,28281,20976,29534,36044,7737,26589,63135,14189
32623,32611,32637,33133,32791,33528,35620,28161,32832,33072,32288,28281,20976,29534,36044,7737,26589,63135,14189
32644,32551,32423,32994,32116,33528,35620,28161,32832,33072,32288,28281,20976,29534,36044,7737,26589,63135,14189
32677,32661,32527,33085,32135,33528,35620,28161,32832,33072,32288,28281,20976,29534,36044,7737,26589,63135,14189
32604,32695,32343,32961,32578,33528,35620,28161,32832,33072,32288,28281,20976,29534,36044,7737,26589,63135,14189
32677,32690,32402,33159,32655,33528,35620,28161,32832,33072,32288,28281,20976,29534,36044,7737,26589,63135,14189
32696,32707,32559,33027,33195,33528,35620,28161,32832,33072,32288,28281,20976,29534,36044,7737,26589,63135,14189
32710,32751,32599,33123,32325,33528,35620,28161,32832,33072,32288,28281,20976,29534,36044,7737,26589,63135,14189
32725,32741,32753,33238,32519,33120,35176,28385,32673,33040,32148,28272,21122,28617,34552,7440,26601,64960,12672
32837,32838,32901,33211,32533,33120,35176,28385,32673,33040,32148,28272,21122,28617,34552,7440,26601,64960,12672
32842,32739,33159,32925,32135,33120,35176,28385,32673,33040,32148,28272,21122,28617,34552,7440,26601,64960,12672
32794,32739,32923,33249,32107,33120,35176,28385,32673,33040,32148,28272,21122,28617,34552,7440,26601,64960,12672
32766,32823,33179,32967,32721,33120,35176,28385,32673,33040,32148,28272,21122,28617,34552,7440,26601,64960,12672
32879,32839,33505,33263,32311,33120,35176,28385,32673,33040,32148,28272,21122,28617,34552,7440,26601,64960,12672
32950,32743,33271,33015,33253,33120,35176,28385,32673,33040,32148,28272,21122,28617,34552,7440,26601,64960,12672
32903,32775,33152,33281,33129,33120,35176,28385,32673,33040,32148,28272,21122,28617,34552,7440,26601,64960,12672
32910,32839,32745,33015,32310,33120,35176,28385,32673,33040,32148,28272,21122,28617,34552,7440,26601,64960,12672
32802,32919,32812,33261,31620,33120,35176,28385,32673,33040,32148,28272,21122,28617,34552,7440,26601,64960,12672
32850,32821,32647,32999,33382,32648,34856,28544,32848,32812,32080,28065,21278,28496,32860,8812,25994,65413,10821
32804,32765,32863,33255,33585,32648,34856,28544,32848,32812,32080,28065,21278,28496,32860,8812,25994,65413,10821
32842,32775,32666,33002,33503,32648,34856,28544,32848,32812,32080,28065,21278,28496,32860,8812,25994,65413,10821
32898,32739,32831,33233,33371,32648,34856,28544,32848,32812,32080,28065,21278,28496,32860,8812,25994,65413,10821
32826,32731,32659,32949,33523,32648,34856,28544,32848,32812,32080,28065,21278,28496,32860,8812,25994,65413,10821
32717,32687,32878,33255,33473,32648,34856,28544,32848,32812,32080,28065,21278,28496,32860,8812,25994,65413,10821
32613,32660,32705,33019,33781,32648,34856,28544,32848,32812,32080,28065,21278,28496,32860,8812,25994,65413,10821
32544,32751,32811,33160,32219,32648,34856,28544,32848,32812,32080,28065,21278,28496,32860,8812,25994,65413,10821
32548,32681,32684,32933,32707,32648,34856,28544,32848,32812,32080,28065,21278,28496,32860,8812,25994,65413,10821
32524,32775,32511,33231,33146,32648,34856,28544,32848,32812,32080,28065,21278,28496,32860,8812,25994,65413,10821
32540,32663,32631,33039,32926,32224,34513,28720,32798,32630,31928,28168,21532,27636,30656,10328,28096,65424,11720
32664,32677,32698,33239,32547,32224,34513,28720,32798,32630,31928,28168,21532,27636,30656,10328,28096,65424,11720
32775,32655,33303,33090,32351,32224,34513,28720,32798,32630,31928,28168,21532,27636,30656,10328,28096,65424,11720
32704,32467,33181,33326,32347,32224,34513,28720,32798,32630,31928,28168,21532,27636,30656,10328,28096,65424,11720
32589,32301,33017,33171,32335,32224,34513,28720,32798,32630,31928,28168,21532,27636,30656,10328,28096,65424,11720
32531,32156,32959,33183,32629,32224,34513,28720,32798,32630,31928,28168,21532,27636,30656,10328,28096,65424,11720
32608,31803,33047,33374,32740,32224,34513,28720,32798,32630,31928,28168,21532,27636,30656,10328,28096,65424,11720
32725,31581,32851,33028,32575,32224,34513,28720,32798,32630,31928,28168,21532,27636,30656,10328,28096,65424,11720
32786,32225,33112,33111,32903,32224,34513,28720,32798,32630,31928,28168,21532,27636,30656,10328,28096,65424,11720
32831,32949,32789,32962,32647,32224,34513,28720,32798,32630,31928,28168,21532,27636,30656,10328,28096,65424,11720
32820,33068,32967,33175,31741,31922,34292,28973,32696,32248,31992,28280,21789,26776,28813,11425,26924,65412,12164
32751,32855,32669,32919,32226,31922,34292,28973,32696,32248,31992,28280,21789,26776,28813,11425,26924,65412,12164
32657,33935,32603,33233,32451,31922,34292,28973,32696,32248,31992,28280,21789,26776,28813,11425,26924,65412,12164
32648,34799,32671,33022,32571,31922,34292,28973,32696,32248,31992,28280,21789,26776,28813,11425,26924,65412,12164
32514,34126,32925,33281,32873,31922,34292,28973,32696,32248,31992,28280,21789,26776,28813,11425,26924,65412,12164
32476,33565,32812,33175,32732,31922,34292,28973,32696,32248,31992,28280,21789,26776,28813,11425,26924,65412,12164
32366,33638,33107,33145,32814,31922,34292,28973,32696,32248,31992,28280,21789,26776,28813,11425,26924,65412,12164
32402,33758,32815,33154,32676,31922,34292,28973,32696,32248,31992,28280,21789,26776,28813,11425,26924,65412,12164
32712,33423,32815,33183,31569,31922,34292,28973,32696,32248,31992,28280,21789,26776,28813,11425,26924,65412,12164
32901,33013,32647,33062,31394,31922,34292,28973,32696,32248,31992,28280,21789,26776,28813,11425,26924,65412,12164
32868,32346,32707,32901,31372,31568,33968,29244,32628,32152,32184,28340,22114,26204,25837,13484,31148,65424,13728
32866,31303,32557,33190,31919,31568,33968,29244,32628,32152,32184,28340,22114,26204,25837,13484,31148,65424,13728
32922,31331,32839,33090,31829,31568,33968,29244,32628,32152,32184,28340,22114,26204,25837,13484,31148,65424,13728
33036,32039,33063,33171,32775,31568,33968,29244,32628,32152,32184,28340,22114,26204,25837,13484,31148,65424,13728
32994,32719,32634,32966,33895,31568,33968,29244,32628,32152,32184,28340,22114,26204,25837,13484,31148,65424,13728
32879,33367,32195,33159,34705,31568,33968,29244,32628,32152,32184,28340,22114,26204,25837,13484,31148,65424,13728
32818,32935,32074,32922,35104,31568,33968,29244,32628,32152,32184,28340,22114,26204,25837,13484,31148,65424,13728
32963,32167,32663,33127,34699,31568,33968,29244,32628,32152,32184,28340,22114,26204,25837,13484,31148,65424,13728
33132,32042,33263,32965,34761,31568,33968,29244,32628,32152,32184,28340,22114,26204,25837,13484,31148,65424,13728
33104,31722,33862,33333,34407,31568,33968,29244,32628,32152,32184,28340,22114,26204,25837,13484,31148,65424,13728
32984,31703,33775,33217,34311,31204,33792,29544,32484,32228,32500,28336,22470,25869,23696,14769,32328,65416,13903
33018,31954,33255,33439,34717,31204,33792,29544,32484,32228,32500,28336,22470,25869,23696,14769,32328,65416,13903
32850,32159,32799,33221,34351,31204,33792,29544,32484,32228,32500,28336,22470,25869,23696,14769,32328,65416,13903
32738,32459,32421,33191,35055,31204,33792,29544,32484,32228,32500,28336,22470,25869,23696,14769,32328,65416,13903
32854,32070,32570,33167,35267,31204,33792,29544,32484,32228,32500,28336,22470,25869,23696,14769,32328,65416,13903
32778,32085,32550,32850,33817,31204,33792,29544,32484,32228,32500,28336,22470,25869,23696,14769,32328,65416,13903
32674,32579,32692,33086,32971,31204,33792,29544,32484,32228,32500,28336,22470,25869,23696,14769,32328,65416,13903
32673,33069,32450,32838,30331,31204,33792,29544,32484,32228,32500,28336,22470,25869,23696,14769,32328,65416,13903
32650,33799,32613,33140,28509,31204,33792,29544,32484,32228,32500,28336,22470,25869,23696,14769,32328,65416,13903
32818,34351,32475,33149,28790,31204,33792,29544,32484,32228,32500,28336,22470,25869,23696,14769,32328,65416,13903
32697,34265,32603,33247,31780,31060,33866,29842,32720,32292,32700,28194,22888,26277,22348,16854,30892,65417,14583
32546,33783,32503,33047,34551,31060,33866,29842,32720,32292,32700,28194,22888,26277,22348,16854,30892,65417,14583
32460,33305,32621,33167,35403,31060,33866,29842,32720,32292,32700,28194,22888,26277,22348,16854,30892,65417,14583
32294,33171,32613,32967,33631,31060,33866,29842,32720,32292,32700,28194,22888,26277,22348,16854,30892,65417,14583
32174,33023,32593,33327,30100,31060,33866,29842,32720,32292,32700,28194,22888,26277,22348,16854,30892,65417,14583
32134,32165,32519,33005,28671,31060,33866,29842,32720,32292,32700,28194,22888,26277,22348,16854,30892,65417,14583
32087,32428,32483,33135,28859,31060,33866,29842,32720,32292,32700,28194,22888,26277,22348,16854,30892,65417,14583
32100,32877,32342,33059,29921,31060,33866,29842,32720,32292,32700,28194,22888,26277,22348,16854,30892,65417,14583
32075,32654,32484,33020,31567,31060,33866,29842,32720,32292,32700,28194,22888,26277,22348,16854,30892,65417,14583
32163,32614,32402,33092,33040,31060,33866,29842,32720,32292,32700,28194,22888,26277,22348,16854,30892,65417,14583
32260,32797,32727,32911,34363,30896,33828,29827,32764,32216,32876,27976,23302,26884,21239,19288,33210,65413,15588
32425,32726,32827,33228,32879,30896,33828,29827,32764,32216,32876,27976,23302,26884,21239,19288,33210,65413,15588
32626,32666,33325,32977,33327,30896,33828,29827,32764,32216,32876,27976,23302,26884,21239,19288,33210,65413,15588
32681,32635,33358,33206,33174,30896,33828,29827,32764,32216,32876,27976,23302,26884,21239,19288,33210,65413,15588
32724,32782,33118,33143,32813,30896,33828,29827,32764,32216,32876,27976,23302,26884,21239,19288,33210,65413,15588
32700,32832,33020,33177,31659,30896,33828,29827,32764,32216,32876,27976,23302,26884,21239,19288,33210,65413,15588
32720,32823,32733,33183,30675,30896,33828,29827,32764,32216,32876,27976,23302,26884,21239,19288,33210,65413,15588
32664,33058,32797,33030,31005,30896,33828,29827,32764,32216,32876,27976,23302,26884,21239,19288,33210,65413,15588
32667,32671,32663,33251,32841,30896,33828,29827,32764,32216,32876,27976,23302,26884,21239,19288,33210,65413,15588
32676,32321,32892,33008,34268,30896,33828,29827,32764,32216,32876,27976,23302,26884,21239,19288,33210,65413,15588
32650,32567,33063,33159,35948,30670,33652,29660,32801,32287,33192,27809,23824,27600,19804,22196,34666,65417,16389
32689,32575,32922,32951,36557,30670,33652,29660,32801,32287,33192,27809,23824,27600,19804,22196,34666,65417,16389
32579,33051,32903,33205,36423,30670,33652,29660,32801,32287,33192,27809,23824,27600,19804,22196,34666,65417,16389
32572,33335,32711,32983,35500,30670,33652,29660,32801,32287,33192,27809,23824,27600,19804,22196,34666,65417,16389
32503,33263,32746,33213,34311,30670,33652,29660,32801,32287,33192,27809,23824,27600,19804,22196,34666,65417,16389
32477,33132,32431,32938,33174,30670,33652,29660,32801,32287,33192,27809,23824,27600,19804,22196,34666,65417,16389
32379,33200,32515,33085,32723,30670,33652,29660,32801,32287,33192,27809,23824,27600,19804,22196,34666,65417,16389
32438,33158,32445,32946,31343,30670,33652,29660,32801,32287,33192,27809,23824,27600,19804,22196,34666,65417,16389
32489,33355,32333,33359,29530,30670,33652,29660,32801,32287,33192,27809,23824,27600,19804,22196,34666,65417,16389
32612,33868,32495,33260,32135,30670,33652,29660,32801,32287,33192,27809,23824,27600,19804,22196,34666,65417,16389
32592,33135,32391,33466,30139,30800,33516,29752,32837,32117,33428,27824,24352,28448,19313,24369,35424,65420,17301
32692,30025,32903,33488,29627,30800,33516,29752,32837,32117,33428,27824,24352,28448,19313,24369,35424,65420,17301
32796,29331,33303,33164,28551,30800,33516,29752,32837,32117,33428,27824,24352,28448,19313,24369,35424,65420,17301
32752,30359,33071,33239,28078,30800,33516,29752,32837,32117,33428,27824,24352,28448,19313,24369,35424,65420,17301
32790,32150,33015,33029,31917,30800,33516,29752,32837,32117,33428,27824,24352,28448,19313,24369,35424,65420,17301
32763,32999,32583,32991,38573,30800,33516,29752,32837,32117,33428,27824,24352,28448,19313,24369,35424,65420,17301
32677,33537,32711,32818,41326,30800,33516,29752,32837,32117,33428,27824,24352,28448,19313,24369,35424,65420,17301
32749,33360,32633,33096,41603,30800,33516,29752,32837,32117,33428,27824,24352,28448,19313,24369,35424,65420,17301
32745,33235,32677,33039,38023,30800,33516,29752,32837,32117,33428,27824,24352,28448,19313,24369,35424,65420,17301
32843,33062,32713,33418,32563,30800,33516,29752,32837,32117,33428,27824,24352,28448,19313,24369,35424,65420,17301
32833,32859,32661,33107,31207,30856,33630,29797,32906,32132,34026,27682,24873,28276,19204,24057,34526,65408,17616
32799,32143,32788,33242,31631,30856,33630,29797,32906,32132,34026,27682,24873,28276,19204,24057,34526,65408,17616
32820,31529,32951,33219,27582,30856,33630,29797,32906,32132,34026,27682,24873,28276,19204,24057,34526,65408,17616
32897,31338,32807,33090,28951,30856,33630,29797,32906,32132,34026,27682,24873,28276,19204,24057,34526,65408,17616
32807,31409,32643,32857,33345,30856,33630,29797,32906,32132,34026,27682,24873,28276,19204,24057,34526,65408,17616
32818,31561,32813,33206,29638,30856,33630,29797,32906,32132,34026,27682,24873,28276,19204,24057,34526,65408,17616
32773,31962,32522,33023,24187,30856,33630,29797,32906,32132,34026,27682,24873,28276,19204,24057,34526,65408,17616
32819,32550,32755,33253,23114,30856,33630,29797,32906,32132,34026,27682,24873,28276,19204,24057,34526,65408,17616
33020,33051,32698,33113,30277,30856,33630,29797,32906,32132,34026,27682,24873,28276,19204,24057,34526,65408,17616
33061,33364,33100,33441,41300,30856,33630,29797,32906,32132,34026,27682,24873,28276,19204,24057,34526,65408,17616
33080,34391,33220,33354,47045,31201,33460,29690,33044,32182,34400,27492,25428,27262,18220,22004,33781,65408,17349
32895,35611,33055,33313,41735,31201,33460,29690,33044,32182,34400,27492,25428,27262,18220,22004,33781,65408,17349
32649,35303,33049,33527,30654,31201,33460,29690,33044,32182,34400,27492,25428,27262,18220,22004,33781,65408,17349
32410,32742,32644,33367,24727,31201,33460,29690,33044,32182,34400,27492,25428,27262,18220,22004,33781,65408,17349
32497,31521,32811,33281,25681,31201,33460,29690,33044,32182,34400,27492,25428,27262,18220,22004,33781,65408,17349
32825,31595,32498,33169,29028,31201,33460,29690,33044,32182,34400,27492,25428,27262,18220,22004,33781,65408,17349
32864,32931,32547,33193,33828,31201,33460,29690,33044,32182,34400,27492,25428,27262,18220,22004,33781,65408,17349
32910,34273,32550,33439,35949,31201,33460,29690,33044,32182,34400,27492,25428,27262,18220,22004,33781,65408,17349
32841,33778,32921,33235,36507,31201,33460,29690,33044,32182,34400,27492,25428,27262,18220,22004,33781,65408,17349
32902,34373,32806,33310,37141,31201,33460,29690,33044,32182,34400,27492,25428,27262,18220,22004,33781,65408,17349
33086,35725,32995,33123,37807,31468,33580,29264,33353,32388,34948,27524,25969,26841,17360,21326,34914,65412,16246
33093,35267,32919,33439,37434,31468,33580,29264,33353,32388,34948,27524,25969,26841,17360,21326,34914,65412,16246
33093,35031,33197,32964,35411,31468,33580,29264,33353,32388,34948,27524,25969,26841,17360,21326,34914,65412,16246
33170,33855,32823,33227,31775,31468,33580,29264,33353,32388,34948,27524,25969,26841,17360,21326,34914,65412,16246
33351,32583,32775,32915,29459,31468,33580,29264,33353,32388,34948,27524,25969,26841,17360,21326,34914,65412,16246
33398,31874,32443,33227,28502,31468,33580,29264,33353,32388,34948,27524,25969,26841,17360,21326,34914,65412,16246
33524,31744,32703,32955,29925,31468,33580,29264,33353,32388,34948,27524,25969,26841,17360,21326,34914,65412,16246
33199,31689,32527,33237,31145,31468,33580,29264,33353,32388,34948,27524,25969,26841,17360,21326,34914,65412,16246
32959,31737,32387,33206,29311,31468,33580,29264,33353,32388,34948,27524,25969,26841,17360,21326,34914,65412,16246
32899,31697,32581,32903,26404,31468,33580,29264,33353,32388,34948,27524,25969,26841,17360,21326,34914,65412,16246
32921,31828,32336,33191,26927,31668,34164,29256,33488,32600,35492,27666,26517,25557,16998,22137,35584,61209,14429
32911,32114,32541,33013,31510,31668,34164,29256,33488,32600,35492,27666,26517,25557,16998,22137,35584,61209,14429
32882,32215,32530,33269,37379,31668,34164,29256,33488,32600,35492,27666,26517,25557,16998,22137,35584,61209,14429
32812,31789,32683,32978,39391,31668,34164,29256,33488,32600,35492,27666,26517,25557,16998,22137,35584,61209,14429
32778,31650,32750,33311,36133,31668,34164,29256,33488,32600,35492,27666,26517,25557,16998,22137,35584,61209,14429
32694,31687,32681,33023,31565,31668,34164,29256,33488,32600,35492,27666,26517,25557,16998,22137,35584,61209,14429
32406,31763,32774,33183,30747,31668,34164,29256,33488,32600,35492,27666,26517,25557,16998,22137,35584,61209,14429
32256,32103,32530,32967,32467,31668,34164,29256,33488,32600,35492,27666,26517,25557,16998,22137,35584,61209,14429
32230,32398,32557,33239,35739,31668,34164,29256,33488,32600,35492,27666,26517,25557,16998,22137,35584,61209,14429
32253,32467,32613,33022,36406,31668,34164,29256,33488,32600,35492,27666,26517,25557,16998,22137,35584,61209,14429
32527,32019,32538,33188,34989,31948,35128,29904,33572,32608,36214,28248,27101,25785,16218,23205,38204,58200,11782
32759,31645,32667,33091,32631,31948,35128,29904,33572,32608,36214,28248,27101,25785,16218,23205,38204,58200,11782
32596,31677,32242,32949,31348,31948,35128,29904,33572,32608,36214,28248,27101,25785,16218,23205,38204,58200,11782
32198,31835,32227,33150,31682,31948,35128,29904,33572,32608,36214,28248,27101,25785,16218,23205,38204,58200,11782
32328,31959,32527,32919,32510,31948,35128,29904,33572,32608,36214,28248,27101,25785,16218,23205,38204,58200,11782
32768,31858,33711,33155,33591,31948,35128,29904,33572,32608,36214,28248,27101,25785,16218,23205,38204,58200,11782
33007,32114,33186,32918,33624,31948,35128,29904,33572,32608,36214,28248,27101,25785,16218,23205,38204,58200,11782
32951,32597,33367,33134,32762,31948,35128,29904,33572,32608,36214,28248,27101,25785,16218,23205,38204,58200,11782
32962,33090,32797,33271,32317,31948,35128,29904,33572,32608,36214,28248,27101,25785,16218,23205,38204,58200,11782
32912,34351,32722,33134,31334,31948,35128,29904,33572,32608,36214,28248,27101,25785,16218,23205,38204,58200,11782
32709,34458,32907,33591,30749,32162,36280,30820,33612,32496,36266,29470,27626,25813,16052,24050,32890,58068,16656
32523,34430,33090,33423,30279,32162,36280,30820,33612,32496,36266,29470,27626,25813,16052,24050,32890,58068,16656
32358,35026,32939,33318,30765,32162,36280,30820,33612,32496,36266,29470,27626,25813,16052,24050,32890,58068,16656
32414,34523,32549,33284,30556,32162,36280,30820,33612,32496,36266,29470,27626,25813,16052,24050,32890,58068,16656
32852,34045,32707,32970,30910,32162,36280,30820,33612,32496,36266,29470,27626,25813,16052,24050,32890,58068,16656
33078,33753,32864,33151,31231,32162,36280,30820,33612,32496,36266,29470,27626,25813,16052,24050,32890,58068,16656
33204,34245,32821,33180,31310,32162,36280,30820,33612,32496,36266,29470,27626,25813,16052,24050,32890,58068,16656
33203,33287,32252,32824,32031,32162,36280,30820,33612,32496,36266,29470,27626,25813,16052,24050,32890,58068,16656
33129,31409,33364,33255,36095,32162,36280,30820,33612,32496,36266,29470,27626,25813,16052,24050,32890,58068,16656
33186,31234,33423,32940,36642,32162,36280,30820,33612,32496,36266,29470,27626,25813,16052,24050,32890,58068,16656
33115,32146,33743,33107,36101,31980,37106,32184,34020,34044,37096,29840,28038,25940,18686,21684,32221,51360,13407
33170,32951,33629,33015,33855,31980,37106,32184,34020,34044,37096,29840,28038,25940,18686,21684,32221,51360,13407
33324,33187,33063,33299,32213,31980,37106,32184,34020,34044,37096,29840,28038,25940,18686,21684,32221,51360,13407
33251,33222,32686,33307,33249,31980,37106,32184,34020,34044,37096,29840,28038,25940,18686,21684,32221,51360,13407
33053,32359,32788,33376,33705,31980,37106,32184,34020,34044,37096,29840,28038,25940,18686,21684,32221,51360,13407
32601,30815,32095,33316,34503,31980,37106,32184,34020,34044,37096,29840,28038,25940,18686,21684,32221,51360,13407
32468,31363,33203,33070,32843,31980,37106,32184,34020,34044,37096,29840,28038,25940,18686,21684,32221,51360,13407
32352,32421,33360,33251,32263,31980,37106,32184,34020,34044,37096,29840,28038,25940,18686,21684,32221,51360,13407
32613,30574,33692,32954,32061,31980,37106,32184,34020,34044,37096,29840,28038,25940,18686,21684,32221,51360,13407
32834,28006,34552,32826,31214,31980,37106,32184,34020,34044,37096,29840,28038,25940,18686,21684,32221,51360,13407
33039,28052,32935,32839,32575,32210,38220,33396,34148,33644,36986,29932,28344,25841,31233,18008,32277,48425,16519
33019,30627,31914,32998,32855,32210,38220,33396,34148,33644,36986,29932,28344,25841,31233,18008,32277,48425,16519
32926,31730,31202,32588,32687,32210,38220,33396,34148,33644,36986,29932,28344,25841,31233,18008,32277,48425,16519
32662,32848,31735,33091,32363,32210,38220,33396,34148,33644,36986,29932,28344,25841,31233,18008,32277,48425,16519
32635,34555,32005,33018,32590,32210,38220,33396,34148,33644,36986,29932,28344,25841,31233,18008,32277,48425,16519
32806,34724,32103,33315,32678,32210,38220,33396,34148,33644,36986,29932,28344,25841,31233,18008,32277,48425,16519
33338,34039,31618,33019,33163,32210,38220,33396,34148,33644,36986,29932,28344,25841,31233,18008,32277,48425,16519
33856,34351,30325,33123,33964,32210,38220,33396,34148,33644,36986,29932,28344,25841,31233,18008,32277,48425,16519
34106,34915,31557,33103,34133,32210,38220,33396,34148,33644,36986,29932,28344,25841,31233,18008,32277,48425,16519
33981,36124,32561,33573,33741,32210,38220,33396,34148,33644,36986,29932,28344,25841,31233,18008,32277,48425,16519
33776,37071,33210,33206,33483,32366,39960,34658,34433,32674,36629,30232,28752,26046,27704,18592,34048,41720,19957
33475,37383,33466,33583,35463,32366,39960,34658,34433,32674,36629,30232,28752,26046,27704,18592,34048,41720,19957
32752,36063,33894,33247,34070,32366,39960,34658,34433,32674,36629,30232,28752,26046,27704,18592,34048,41720,19957
32217,34255,33426,33238,32039,32366,39960,34658,34433,32674,36629,30232,28752,26046,27704,18592,34048,41720,19957
31847,33391,33631,33013,30455,32366,39960,34658,34433,32674,36629,30232,28752,26046,27704,18592,34048,41720,19957
31877,32634,33234,33175,30557,32366,39960,34658,34433,32674,36629,30232,28752,26046,27704,18592,34048,41720,19957
32010,32487,33227,32863,31968,32366,39960,34658,34433,32674,36629,30232,28752,26046,27704,18592,34048,41720,19957
32558,32175,32898,33079,32871,32366,39960,34658,34433,32674,36629,30232,28752,26046,27704,18592,34048,41720,19957
32871,32235,32839,32867,33466,32366,39960,34658,34433,32674,36629,30232,28752,26046,27704,18592,34048,41720,19957
32930,32249,32870,33133,33415,32366,39960,34658,34433,32674,36629,30232,28752,26046,27704,18592,34048,41720,19957
33241,31707,33063,33017,33077,31504,39257,35868,34656,31888,36288,30953,29012,26552,30324,17525,34948,36408,23500
33266,31533,32740,33249,32466,31504,39257,35868,34656,31888,36288,30953,29012,26552,30324,17525,34948,36408,23500
32959,31730,32969,32951,31772,31504,39257,35868,34656,31888,36288,30953,29012,26552,30324,17525,34948,36408,23500
33150,31823,33101,33105,32023,31504,39257,35868,34656,31888,36288,30953,29012,26552,30324,17525,34948,36408,23500
32966,31941,32943,32854,32868,31504,39257,35868,34656,31888,36288,30953,29012,26552,30324,17525,34948,36408,23500
33064,32051,33071,33023,33079,31504,39257,35868,34656,31888,36288,30953,29012,26552,30324,17525,34948,36408,23500
33211,32099,32473,32935,33514,31504,39257,35868,34656,31888,36288,30953,29012,26552,30324,17525,34948,36408,23500
33538,32191,32436,33123,33819,31504,39257,35868,34656,31888,36288,30953,29012,26552,30324,17525,34948,36408,23500
34085,31703,32394,32889,34079,31504,39257,35868,34656,31888,36288,30953,29012,26552,30324,17525,34948,36408,23500
34170,31347,32654,33101,33735,31504,39257,35868,34656,31888,36288,30953,29012,26552,30324,17525,34948,36408,23500
33802,30830,32572,32829,33573,31568,41072,37224,34904,32164,36360,31656,29354,29864,34657,31798,37716,34424,26210
33362,30935,32164,33010,32549,31568,41072,37224,34904,32164,36360,31656,29354,29864,34657,31798,37716,34424,26210
33098,31182,32247,32740,36393,31568,41072,37224,34904,32164,36360,31656,29354,29864,34657,31798,37716,34424,26210
33020,31580,32327,32958,35890,31568,41072,37224,34904,32164,36360,31656,29354,29864,34657,31798,37716,34424,26210
32847,32164,31852,33079,24191,31568,41072,37224,34904,32164,36360,31656,29354,29864,34657,31798,37716,34424,26210
32612,32814,33135,33079,35591,31568,41072,37224,34904,32164,36360,31656,29354,29864,34657,31798,37716,34424,26210
32546,34024,35037,33334,38594,31568,41072,37224,34904,32164,36360,31656,29354,29864,34657,31798,37716,34424,26210
32295,34326,33873,33335,27728,31568,41072,37224,34904,32164,36360,31656,29354,29864,34657,31798,37716,34424,26210
31916,34476,32461,33664,32945,31568,41072,37224,34904,32164,36360,31656,29354,29864,34657,31798,37716,34424,26210
32029,36281,32396,33323,35706,31568,41072,37224,34904,32164,36360,31656,29354,29864,34657,31798,37716,34424,26210
32186,34719,32866,33458,32370,29804,40776,38684,35192,32312,35986,32152,29609,33076,29356,30756,38971,27915,28685
32308,32447,32567,32971,33431,29804,40776,38684,35192,32312,35986,32152,29609,33076,29356,30756,38971,27915,28685
32406,32183,32687,33159,31122,29804,40776,38684,35192,32312,35986,32152,29609,33076,29356,30756,38971,27915,28685
32627,32483,32694,33015,31084,29804,40776,38684,35192,32312,35986,32152,29609,33076,29356,30756,38971,27915,28685
32805,32675,32875,33391,32166,29804,40776,38684,35192,32312,35986,32152,29609,33076,29356,30756,38971,27915,28685
32944,32975,33039,33335,32698,29804,40776,38684,35192,32312,35986,32152,29609,33076,29356,30756,38971,27915,28685
33052,32759,32798,33230,32762,29804,40776,38684,35192,32312,35986,32152,29609,33076,29356,30756,38971,27915,28685
33051,32569,33047,33229,32893,29804,40776,38684,35192,32312,35986,32152,29609,33076,29356,30756,38971,27915,28685
33103,32925,33127,33007,32319,29804,40776,38684,35192,32312,35986,32152,29609,33076,29356,30756,38971,27915,28685
32961,32775,32844,33031,31166,29804,40776,38684,35192,32312,35986,32152,29609,33076,29356,30756,38971,27915,28685
32761,32617,32843,32951,31926,31496,39976,37636,35176,32834,35425,32540,29825,36772,28008,38604,39257,22420,29508
32666,32561,32515,33123,33097,31496,39976,37636,35176,32834,35425,32540,29825,36772,28008,38604,39257,22420,29508
32611,32385,32683,32915,34077,31496,39976,37636,35176,32834,35425,32540,29825,36772,28008,38604,39257,22420,29508
32674,32403,32809,32832,34491,31496,39976,37636,35176,32834,35425,32540,29825,36772,28008,38604,39257,22420,29508
32562,32636,32631,33233,34439,31496,39976,37636,35176,32834,35425,32540,29825,36772,28008,38604,39257,22420,29508
32608,32679,32798,33010,32689,31496,39976,37636,35176,32834,35425,32540,29825,36772,28008,38604,39257,22420,29508
32661,32609,32878,33391,31605,31496,39976,37636,35176,32834,35425,32540,29825,36772,28008,38604,39257,22420,29508
32711,32375,32839,33560,31406,31496,39976,37636,35176,32834,35425,32540,29825,36772,28008,38604,39257,22420,29508
32313,32370,33017,33183,31331,31496,39976,37636,35176,32834,35425,32540,29825,36772,28008,38604,39257,22420,29508
31755,32622,33211,33232,32199,31496,39976,37636,35176,32834,35425,32540,29825,36772,28008,38604,39257,22420,29508
31367,32566,33055,32951,32772,32090,39184,37032,35242,33509,35568,33747,29996,39432,26017,42000,35596,16698,33196
32310,32605,33117,33029,33318,32090,39184,37032,35242,33509,35568,33747,29996,39432,26017,42000,35596,16698,33196
32979,33239,33135,33280,33155,32090,39184,37032,35242,33509,35568,33747,29996,39432,26017,42000,35596,16698,33196
33371,33155,33139,33070,33263,32090,39184,37032,35242,33509,35568,33747,29996,39432,26017,42000,35596,16698,33196
33313,32391,32925,33103,33260,32090,39184,37032,35242,33509,35568,33747,29996,39432,26017,42000,35596,16698,33196
32863,31469,33045,33155,33283,32090,39184,37032,35242,33509,35568,33747,29996,39432,26017,42000,35596,16698,33196
32428,31118,33076,33095,33877,32090,39184,37032,35242,33509,35568,33747,29996,39432,26017,42000,35596,16698,33196
32172,30959,32879,32823,33755,32090,39184,37032,35242,33509,35568,33747,29996,39432,26017,42000,35596,16698,33196
32310,30860,32662,32878,33692,32090,39184,37032,35242,33509,35568,33747,29996,39432,26017,42000,35596,16698,33196
32790,31259,32655,32811,33517,32090,39184,37032,35242,33509,35568,33747,29996,39432,26017,42000,35596,16698,33196
33074,31682,32597,33015,32915,33208,38828,36104,35332,33832,35516,33541,30053,39696,24334,43888,38532,11226,33012
32854,32507,32494,33359,32941,33208,38828,36104,35332,33832,35516,33541,30053,39696,24334,43888,38532,11226,33012
32692,32279,32755,33090,33159,33208,38828,36104,35332,33832,35516,33541,30053,39696,24334,43888,38532,11226,33012
32594,31367,32833,33391,33090,33208,38828,36104,35332,33832,35516,33541,30053,39696,24334,43888,38532,11226,33012
32539,31157,32642,33373,32804,33208,38828,36104,35332,33832,35516,33541,30053,39696,24334,43888,38532,11226,33012
32545,35935,32658,33361,32646,33208,38828,36104,35332,33832,35516,33541,30053,39696,24334,43888,38532,11226,33012
33090,39955,32663,33999,32301,33208,38828,36104,35332,33832,35516,33541,30053,39696,24334,43888,38532,11226,33012
33395,38193,32647,33683,32487,33208,38828,36104,35332,33832,35516,33541,30053,39696,24334,43888,38532,11226,33012
33175,34149,32839,33301,32137,33208,38828,36104,35332,33832,35516,33541,30053,39696,24334,43888,38532,11226,33012
32992,32143,32807,33359,31343,33208,38828,36104,35332,33832,35516,33541,30053,39696,24334,43888,38532,11226,33012
32687,32341,32719,33264,31155,34269,38530,35186,35180,33776,35544,32729,30120,40804,20920,45820,37878,7251,35601
32505,34167,32931,33483,31161,34269,38530,35186,35180,33776,35544,32729,30120,40804,20920,45820,37878,7251,35601
32406,32783,32951,33309,30840,34269,38530,35186,35180,33776,35544,32729,30120,40804,20920,45820,37878,7251,35601
32471,31597,32843,33127,31923,34269,38530,35186,35180,33776,35544,32729,30120,40804,20920,45820,37878,7251,35601
32549,32397,33061,33277,32979,34269,38530,35186,35180,33776,35544,32729,30120,40804,20920,45820,37878,7251,35601
32829,32303,32985,33145,33383,34269,38530,35186,35180,33776,35544,32729,30120,40804,20920,45820,37878,7251,35601
32919,32476,32667,33027,33483,34269,38530,35186,35180,33776,35544,32729,30120,40804,20920,45820,37878,7251,35601
32983,32615,32754,33315,33762,34269,38530,35186,35180,33776,35544,32729,30120,40804,20920,45820,37878,7251,35601
32916,32548,32690,33101,33894,34269,38530,35186,35180,33776,35544,32729,30120,40804,20920,45820,37878,7251,35601
32734,32159,32634,33284,33654,34269,38530,35186,35180,33776,35544,32729,30120,40804,20920,45820,37878,7251,35601
32936,33041,32630,33015,33507,34562,38224,34240,35336,33720,35632,31784,30100,38088,20736,43548,37322,4887,33326
33354,32159,32567,32918,33565,34562,38224,34240,35336,33720,35632,31784,30100,38088,20736,43548,37322,4887,33326
34068,34566,32418,33402,33489,34562,38224,34240,35336,33720,35632,31784,30100,38088,20736,43548,37322,4887,33326
34113,36337,32571,33479,33206,34562,38224,34240,35336,33720,35632,31784,30100,38088,20736,43548,37322,4887,33326
33236,33976,32610,33789,32890,34562,38224,34240,35336,33720,35632,31784,30100,38088,20736,43548,37322,4887,33326
32510,30543,32622,33624,32820,34562,38224,34240,35336,33720,35632,31784,30100,38088,20736,43548,37322,4887,33326
31610,30548,32807,33207,32879,34562,38224,34240,35336,33720,35632,31784,30100,38088,20736,43548,37322,4887,33326
31570,31735,32507,32958,33646,34562,38224,34240,35336,33720,35632,31784,30100,38088,20736,43548,37322,4887,33326
31872,32630,32814,32838,32235,34562,38224,34240,35336,33720,35632,31784,30100,38088,20736,43548,37322,4887,33326
32314,32681,32651,32830,32039,34562,38224,34240,35336,33720,35632,31784,30100,38088,20736,43548,37322,4887,33326
32365,32502,32743,32554,31461,34410,37552,33418,35160,33538,35542,31128,30048,36896,19361,43884,34158,3052,34600
32602,33127,32691,32683,31254,34410,37552,33418,35160,33538,35542,31128,30048,36896,19361,43884,34158,3052,34600
32873,33303,32585,32735,31855,34410,37552,33418,35160,33538,35542,31128,30048,36896,19361,43884,34158,3052,34600
33041,34098,32719,32887,32887,34410,37552,33418,35160,33538,35542,31128,30048,36896,19361,43884,34158,3052,34600
32625,34508,32667,32713,33379,34410,37552,33418,35160,33538,35542,31128,30048,36896,19361,43884,34158,3052,34600
32370,34047,32925,32905,33135,34410,37552,33418,35160,33538,35542,31128,30048,36896,19361,43884,34158,3052,34600
32253,33413,32734,32775,32647,34410,37552,33418,35160,33538,35542,31128,30048,36896,19361,43884,34158,3052,34600
32332,32619,32828,32973,32885,34410,37552,33418,35160,33538,35542,31128,30048,36896,19361,43884,34158,3052,34600
32396,32199,32674,32867,32941,34410,37552,33418,35160,33538,35542,31128,30048,36896,19361,43884,34158,3052,34600
32125,31871,32805,32927,33127,34410,37552,33418,35160,33538,35542,31128,30048,36896,19361,43884,34158,3052,34600
32034,31942,32685,32711,32559,34128,37168,32898,35208,33320,35348,30680,29968,35624,19504,41470,32892,1295,32554
32415,32053,32555,32953,32309,34128,37168,32898,35208,33320,35348,30680,29968,35624,19504,41470,32892,1295,32554
32905,32215,32659,32908,32637,34128,37168,32898,35208,33320,35348,30680,29968,35624,19504,41470,32892,1295,32554
33131,32398,32415,33475,32691,34128,37168,32898,35208,33320,35348,30680,29968,35624,19504,41470,32892,1295,32554
33165,32450,32464,33315,32909,34128,37168,32898,35208,33320,35348,30680,29968,35624,19504,41470,32892,1295,32554
33231,32532,32250,33453,33351,34128,37168,32898,35208,33320,35348,30680,29968,35624,19504,41470,32892,1295,32554
33190,32610,32428,33126,33123,34128,37168,32898,35208,33320,35348,30680,29968,35624,19504,41470,32892,1295,32554
33319,32468,32453,33287,33627,34128,37168,32898,35208,33320,35348,30680,29968,35624,19504,41470,32892,1295,32554
33395,32271,32675,33197,33830,34128,37168,32898,35208,33320,35348,30680,29968,35624,19504,41470,32892,1295,32554
33314,32367,32901,33617,33663,34128,37168,32898,35208,33320,35348,30680,29968,35624,19504,41470,32892,1295,32554
33186,32418,32761,33206,33819,34008,36700,32324,34940,33134,35328,30112,29880,34933,19649,42764,32840,223,32704
33126,32169,32892,32927,33224,34008,36700,32324,34940,33134,35328,30112,29880,34933,19649,42764,32840,223,32704
33022,32365,32829,32911,33031,34008,36700,32324,34940,33134,35328,30112,29880,34933,19649,42764,32840,223,32704
33044,32803,33011,33078,32742,34008,36700,32324,34940,33134,35328,30112,29880,34933,19649,42764,32840,223,32704
33561,32913,32957,32613,32809,34008,36700,32324,34940,33134,35328,30112,29880,34933,19649,42764,32840,223,32704
33594,33075,32775,32939,32914,34008,36700,32324,34940,33134,35328,30112,29880,34933,19649,42764,32840,223,32704
33219,33029,32953,32459,32574,34008,36700,32324,34940,33134,35328,30112,29880,34933,19649,42764,32840,223,32704
32660,33091,32717,32918,33559,34008,36700,32324,34940,33134,35328,30112,29880,34933,19649,42764,32840,223,32704
32192,32982,32775,33101,32918,34008,36700,32324,34940,33134,35328,30112,29880,34933,19649,42764,32840,223,32704
32099,32893,32861,32838,32898,34008,36700,32324,34940,33134,35328,30112,29880,34933,19649,42764,32840,223,32704
32198,32671,32683,33026,32658,33484,36000,31016,34812,32872,36620,30492,29596,34524,18344,42248,35232,5656,33653
32283,32705,32723,32983,32626,33484,36000,31016,34812,32872,36620,30492,29596,34524,18344,42248,35232,5656,33653
32428,32749,32845,33287,32154,33484,36000,31016,34812,32872,36620,30492,29596,34524,18344,42248,35232,5656,33653
32532,32735,32567,33117,32255,33484,36000,31016,34812,32872,36620,30492,29596,34524,18344,42248,35232,5656,33653
32560,32663,32631,33067,31827,33484,36000,31016,34812,32872,36620,30492,29596,34524,18344,42248,35232,5656,33653
32572,32578,32611,33176,32187,33484,36000,31016,34812,32872,36620,30492,29596,34524,18344,42248,35232,5656,33653
32812,32418,32458,32893,32191,33484,36000,31016,34812,32872,36620,30492,29596,34524,18344,42248,35232,5656,33653
33703,32554,32641,33173,32195,33484,36000,31016,34812,32872,36620,30492,29596,34524,18344,42248,35232,5656,33653
33929,32583,32540,32919,32189,33484,36000,31016,34812,32872,36620,30492,29596,34524,18344,42248,35232,5656,33653
33620,32537,32607,33047,32421,33484,36000,31016,34812,32872,36620,30492,29596,34524,18344,42248,35232,5656,33653
32941,32660,32406,32929,33041,32968,35812,29920,34704,32228,39240,30450,29452,33652,21780,39952,32704,12067,32688
32636,32783,32502,33095,33207,32968,35812,29920,34704,32228,39240,30450,29452,33652,21780,39952,32704,12067,32688
32540,32877,32571,32959,32991,32968,35812,29920,34704,32228,39240,30450,29452,33652,21780,39952,32704,12067,32688
32594,32820,32402,33212,32347,32968,35812,29920,34704,32228,39240,30450,29452,33652,21780,39952,32704,12067,32688
32816,32830,32505,33007,32120,32968,35812,29920,34704,32228,39240,30450,29452,33652,21780,39952,32704,12067,32688
32694,32955,32367,33303,32864,32968,35812,29920,34704,32228,39240,30450,29452,33652,21780,39952,32704,12067,32688
32305,33166,32635,33043,33087,32968,35812,29920,34704,32228,39240,30450,29452,33652,21780,39952,32704,12067,32688
32350,32963,32689,33295,33439,32968,35812,29920,34704,32228,39240,30450,29452,33652,21780,39952,32704,12067,32688
32455,32724,32534,33175,33287,32968,35812,29920,34704,32228,39240,30450,29452,33652,21780,39952,32704,12067,32688
32426,32701,32725,33146,33282,32968,35812,29920,34704,32228,39240,30450,29452,33652,21780,39952,32704,12067,32688
32466,32831,32601,33170,33722,33196,37414,29960,34734,31873,40468,31288,29400,32015,25944,37924,30169,15150,27262
32596,32859,32746,33089,33243,33196,37414,29960,34734,31873,40468,31288,29400,32015,25944,37924,30169,15150,27262
32532,32814,32709,33166,33218,33196,37414,29960,34734,31873,40468,31288,29400,32015,25944,37924,30169,15150,27262
32767,32806,32603,32948,32767,33196,37414,29960,34734,31873,40468,31288,29400,32015,25944,37924,30169,15150,27262
32762,32717,32714,33251,33159,33196,37414,29960,34734,31873,40468,31288,29400,32015,25944,37924,30169,15150,27262
32994,32719,32573,33005,32398,33196,37414,29960,34734,31873,40468,31288,29400,32015,25944,37924,30169,15150,27262
33020,32695,32775,33191,32525,33196,37414,29960,34734,31873,40468,31288,29400,32015,25944,37924,30169,15150,27262
33133,32707,32727,33047,32923,33196,37414,29960,34734,31873,40468,31288,29400,32015,25944,37924,30169,15150,27262
33031,32695,33004,33247,32761,33196,37414,29960,34734,31873,40468,31288,29400,32015,25944,37924,30169,15150,27262
32877,32611,32839,33183,32841,33196,37414,29960,34734,31873,40468,31288,29400,32015,25944,37924,30169,15150,27262
32980,32590,32767,33245,32956,32970,37412,30027,34552,31768,39948,31540,29236,29221,21776,33856,27849,14817,19501
33197,32607,32967,33249,32717,32970,37412,30027,34552,31768,39948,31540,29236,29221,21776,33856,27849,14817,19501
33029,32642,32831,33487,32954,32970,37412,30027,34552,31768,39948,31540,29236,29221,21776,33856,27849,14817,19501
32728,32771,32987,33368,33207,32970,37412,30027,34552,31768,39948,31540,29236,29221,21776,33856,27849,14817,19501
32575,32716,32807,33255,32553,32970,37412,30027,34552,31768,39948,31540,29236,29221,21776,33856,27849,14817,19501
32791,32763,32906,32963,32178,32970,37412,30027,34552,31768,39948,31540,29236,29221,21776,33856,27849,14817,19501
32841,32775,33095,32665,33053,32970,37412,30027,34552,31768,39948,31540,29236,29221,21776,33856,27849,14817,19501
32762,32817,32883,32784,32327,32970,37412,30027,34552,31768,39948,31540,29236,29221,21776,33856,27849,14817,19501
32583,32846,32893,33044,32523,32970,37412,30027,34552,31768,39948,31540,29236,29221,21776,33856,27849,14817,19501
32490,33011,32999,33257,33175,32970,37412,30027,34552,31768,39948,31540,29236,29221,21776,33856,27849,14817,19501
32492,32926,32849,33260,32963,33253,37568,29464,34166,32642,38410,31713,29194,26966,28540,26687,27520,8386,18152
32996,32870,32931,32973,34359,33253,37568,29464,34166,32642,38410,31713,29194,26966,28540,26687,27520,8386,18152
33119,32630,32941,33319,32903,33253,37568,29464,34166,32642,38410,31713,29194,26966,28540,26687,27520,8386,18152
33082,32615,32749,33176,31895,33253,37568,29464,34166,32642,38410,31713,29194,26966,28540,26687,27520,8386,18152
32852,32771,32819,32827,31959,33253,37568,29464,34166,32642,38410,31713,29194,26966,28540,26687,27520,8386,18152
32145,32813,32943,32825,31835,33253,37568,29464,34166,32642,38410,31713,29194,26966,28540,26687,27520,8386,18152
31891,32773,32685,32749,32387,33253,37568,29464,34166,32642,38410,31713,29194,26966,28540,26687,27520,8386,18152
32378,32733,32811,33278,33625,33253,37568,29464,34166,32642,38410,31713,29194,26966,28540,26687,27520,8386,18152
32781,32814,32655,33175,32745,33253,37568,29464,34166,32642,38410,31713,29194,26966,28540,26687,27520,8386,18152
32724,32867,32485,33381,32845,33253,37568,29464,34166,32642,38410,31713,29194,26966,28540,26687,27520,8386,18152
32219,32762,32811,33157,33836,33864,39856,30872,33938,31727,38100,31152,29120,24644,32694,18988,25186,8124,19618
32334,32735,32687,33339,33285,33864,39856,30872,33938,31727,38100,31152,29120,24644,32694,18988,25186,8124,19618
32829,32803,32885,33221,31571,33864,39856,30872,33938,31727,38100,31152,29120,24644,32694,18988,25186,8124,19618
32903,32802,32735,33083,33374,33864,39856,30872,33938,31727,38100,31152,29120,24644,32694,18988,25186,8124,19618
33034,32806,32831,33202,32410,33864,39856,30872,33938,31727,38100,31152,29120,24644,32694,18988,25186,8124,19618
33308,32715,32751,33202,33591,33864,39856,30872,33938,31727,38100,31152,29120,24644,32694,18988,25186,8124,19618
33166,32558,32617,33433,32930,33864,39856,30872,33938,31727,38100,31152,29120,24644,32694,18988,25186,8124,19618
32964,32449,32899,33378,32466,33864,39856,30872,33938,31727,38100,31152,29120,24644,32694,18988,25186,8124,19618
32775,32416,32873,33828,32495,33864,39856,30872,33938,31727,38100,31152,29120,24644,32694,18988,25186,8124,19618
32615,32477,32786,34055,32457,33864,39856,30872,33938,31727,38100,31152,29120,24644,32694,18988,25186,8124,19618
32526,32547,32867,33251,31983,34386,41341,31996,33800,31224,38790,29869,29012,21304,30312,17796,27348,6316,25034
32672,32587,32892,32581,33198,34386,41341,31996,33800,31224,38790,29869,29012,21304,30312,17796,27348,6316,25034
32662,32575,32647,31991,33518,34386,41341,31996,33800,31224,38790,29869,29012,21304,30312,17796,27348,6316,25034
32655,32710,32815,32130,33363,34386,41341,31996,33800,31224,38790,29869,29012,21304,30312,17796,27348,6316,25034
32705,33149,32758,33269,33329,34386,41341,31996,33800,31224,38790,29869,29012,21304,30312,17796,27348,6316,25034
32701,33181,32769,33433,33459,34386,41341,31996,33800,31224,38790,29869,29012,21304,30312,17796,27348,6316,25034
32774,32949,32842,33271,32814,34386,41341,31996,33800,31224,38790,29869,29012,21304,30312,17796,27348,6316,25034
32731,32703,32767,32655,32015,34386,41341,31996,33800,31224,38790,29869,29012,21304,30312,17796,27348,6316,25034
32681,32790,32967,33147,31751,34386,41341,31996,33800,31224,38790,29869,29012,21304,30312,17796,27348,6316,25034
32700,32838,32809,33299,32875,34386,41341,31996,33800,31224,38790,29869,29012,21304,30312,17796,27348,6316,25034
32667,32705,32954,34157,34119,34176,41084,31930,33892,31297,38000,29664,28872,19685,27284,17316,28637,5802,32944
32708,32495,32885,33997,32903,34176,41084,31930,33892,31297,38000,29664,28872,19685,27284,17316,28637,5802,32944
32694,32463,32775,33199,32636,34176,41084,31930,33892,31297,38000,29664,28872,19685,27284,17316,28637,5802,32944
32669,32822,32886,32740,33241,34176,41084,31930,33892,31297,38000,29664,28872,19685,27284,17316,28637,5802,32944
32722,33245,32846,32751,33026,34176,41084,31930,33892,31297,38000,29664,28872,19685,27284,17316,28637,5802,32944
32677,33255,32730,33703,33022,34176,41084,31930,33892,31297,38000,29664,28872,19685,27284,17316,28637,5802,32944
32716,32957,32878,33538,32587,34176,41084,31930,33892,31297,38000,29664,28872,19685,27284,17316,28637,5802,32944
32698,32735,32655,33675,33031,34176,41084,31930,33892,31297,38000,29664,28872,19685,27284,17316,28637,5802,32944
32680,32742,32898,32859,32301,34176,41084,31930,33892,31297,38000,29664,28872,19685,27284,17316,28637,5802,32944
32688,32563,32839,32207,33141,34176,41084,31930,33892,31297,38000,29664,28872,19685,27284,17316,28637,5802,32944
32677,32479,32659,32614,33982,33644,39672,31353,33840,31816,37592,29532,28896,19629,22234,20112,29044,6038,32833
32671,32662,32887,32927,32621,33644,39672,31353,33840,31816,37592,29532,28896,19629,22234,20112,29044,6038,32833
32742,32621,32910,33693,32231,33644,39672,31353,33840,31816,37592,29532,28896,19629,22234,20112,29044,6038,32833
32692,32935,32749,33487,31535,33644,39672,31353,33840,31816,37592,29532,28896,19629,22234,20112,29044,6038,32833
32713,33217,32911,32972,31279,33644,39672,31353,33840,31816,37592,29532,28896,19629,22234,20112,29044,6038,32833
32731,33103,32687,33074,31453,33644,39672,31353,33840,31816,37592,29532,28896,19629,22234,20112,29044,6038,32833
32764,33095,32723,33298,31263,33644,39672,31353,33840,31816,37592,29532,28896,19629,22234,20112,29044,6038,32833
32715,32881,32791,34045,32006,33644,39672,31353,33840,31816,37592,29532,28896,19629,22234,20112,29044,6038,32833
32718,32790,32601,33262,33191,33644,39672,31353,33840,31816,37592,29532,28896,19629,22234,20112,29044,6038,32833
32726,32824,32790,32960,32558,33644,39672,31353,33840,31816,37592,29532,28896,19629,22234,20112,29044,6038,32833
32740,32803,32822,32799,32437,32262,37708,31268,33657,33308,37060,28506,28776,24487,18058,27411,31762,6882,34821
32750,32745,32673,32500,31983,32262,37708,31268,33657,33308,37060,28506,28776,24487,18058,27411,31762,6882,34821
32663,32567,32845,33287,33392,32262,37708,31268,33657,33308,37060,28506,28776,24487,18058,27411,31762,6882,34821
32724,32495,32879,33335,34195,32262,37708,31268,33657,33308,37060,28506,28776,24487,18058,27411,31762,6882,34821
32710,32635,32625,33583,33114,32262,37708,31268,33657,33308,37060,28506,28776,24487,18058,27411,31762,6882,34821
32694,32707,32811,33102,33112,32262,37708,31268,33657,33308,37060,28506,28776,24487,18058,27411,31762,6882,34821
32691,32719,32630,33586,33719,32262,37708,31268,33657,33308,37060,28506,28776,24487,18058,27411,31762,6882,34821
32572,32694,32821,33447,32775,32262,37708,31268,33657,33308,37060,28506,28776,24487,18058,27411,31762,6882,34821
32575,32582,32727,33371,33714,32262,37708,31268,33657,33308,37060,28506,28776,24487,18058,27411,31762,6882,34821
32676,32402,32662,33497,32374,32262,37708,31268,33657,33308,37060,28506,28776,24487,18058,27411,31762,6882,34821
32748,32507,32864,32943,32717,31552,35108,30520,33833,33462,35874,28189,28656,29583,14647,34132,28196,8972,34804
32591,32519,32681,31821,32612,31552,35108,30520,33833,33462,35874,28189,28656,29583,14647,34132,28196,8972,34804
32596,32658,32829,31207,33061,31552,35108,30520,33833,33462,35874,28189,28656,29583,14647,34132,28196,8972,34804
32610,32813,32666,32023,32679,31552,35108,30520,33833,33462,35874,28189,28656,29583,14647,34132,28196,8972,34804
32628,32935,32845,33105,33015,31552,35108,30520,33833,33462,35874,28189,28656,29583,14647,34132,28196,8972,34804
32686,32879,32863,33351,33175,31552,35108,30520,33833,33462,35874,28189,28656,29583,14647,34132,28196,8972,34804
32793,32741,32709,33463,32870,31552,35108,30520,33833,33462,35874,28189,28656,29583,14647,34132,28196,8972,34804
32753,32501,32892,32937,32399,31552,35108,30520,33833,33462,35874,28189,28656,29583,14647,34132,28196,8972,34804
32815,32523,32747,32359,32471,31552,35108,30520,33833,33462,35874,28189,28656,29583,14647,34132,28196,8972,34804
32732,32643,32775,31899,32973,31552,35108,30520,33833,33462,35874,28189,28656,29583,14647,34132,28196,8972,34804
32786,32615,32952,31727,33060,30432,32413,28792,33856,33518,35450,28672,28728,31597,16056,39924,28242,10287,32600
32840,32773,32807,32622,33227,30432,32413,28792,33856,33518,35450,28672,28728,31597,16056,39924,28242,10287,32600
32853,32953,33055,34418,33053,30432,32413,28792,33856,33518,35450,28672,28728,31597,16056,39924,28242,10287,32600
32842,32893,33049,34631,33071,30432,32413,28792,33856,33518,35450,28672,28728,31597,16056,39924,28242,10287,32600
32654,32770,32898,32142,33179,30432,32413,28792,33856,33518,35450,28672,28728,31597,16056,39924,28242,10287,32600
32614,32918,33010,32774,32735,30432,32413,28792,33856,33518,35450,28672,28728,31597,16056,39924,28242,10287,32600
32673,33082,32934,33835,32595,30432,32413,28792,33856,33518,35450,28672,28728,31597,16056,39924,28242,10287,32600
32606,32937,32858,34050,33133,30432,32413,28792,33856,33518,35450,28672,28728,31597,16056,39924,28242,10287,32600
32558,32825,33039,34535,32961,30432,32413,28792,33856,33518,35450,28672,28728,31597,16056,39924,28242,10287,32600
32632,32687,32951,34374,31840,30432,32413,28792,33856,33518,35450,28672,28728,31597,16056,39924,28242,10287,32600
32643,32583,32775,33935,32031,30120,32854,28368,33686,33316,34876,28736,28580,32603,16585,42496,29934,12752,37560
32737,32605,32963,33202,32143,30120,32854,28368,33686,33316,34876,28736,28580,32603,16585,42496,29934,12752,37560
32774,32437,32809,33022,33063,30120,32854,28368,33686,33316,34876,28736,28580,32603,16585,42496,29934,12752,37560
32710,32422,32747,33799,32183,30120,32854,28368,33686,33316,34876,28736,28580,32603,16585,42496,29934,12752,37560
32679,32549,32925,33263,32390,30120,32854,28368,33686,33316,34876,28736,28580,32603,16585,42496,29934,12752,37560
32683,32687,32879,31283,33476,30120,32854,28368,33686,33316,34876,28736,28580,32603,16585,42496,29934,12752,37560
32771,32903,32816,32967,34228,30120,32854,28368,33686,33316,34876,28736,28580,32603,16585,42496,29934,12752,37560
32960,33151,32960,33615,33991,30120,32854,28368,33686,33316,34876,28736,28580,32603,16585,42496,29934,12752,37560
32983,33296,32687,33186,33695,30120,32854,28368,33686,33316,34876,28736,28580,32603,16585,42496,29934,12752,37560
33033,33191,32827,33101,33524,30120,32854,28368,33686,33316,34876,28736,28580,32603,16585,42496,29934,12752,37560
33045,32959,32627,32962,34183,30812,34408,29355,33657,32432,35004,28738,28424,34344,16628,41176,30533,15076,40549
33006,32791,32615,32263,33958,30812,34408,29355,33657,32432,35004,28738,28424,34344,16628,41176,30533,15076,40549
32954,32683,32769,31717,32687,30812,34408,29355,33657,32432,35004,28738,28424,34344,16628,41176,30533,15076,40549
32766,32737,32519,32824,31611,30812,34408,29355,33657,32432,35004,28738,28424,34344,16628,41176,30533,15076,40549
32724,32820,32666,33039,32151,30812,34408,29355,33657,32432,35004,28738,28424,34344,16628,41176,30533,15076,40549
32653,32807,32742,33011,31991,30812,34408,29355,33657,32432,35004,28738,28424,34344,16628,41176,30533,15076,40549
32712,32747,32569,33005,31853,30812,34408,29355,33657,32432,35004,28738,28424,34344,16628,41176,30533,15076,40549
32703,32816,32722,32736,32415,30812,34408,29355,33657,32432,35004,28738,28424,34344,16628,41176,30533,15076,40549
32641,32805,32681,33043,32475,30812,34408,29355,33657,32432,35004,28738,28424,34344,16628,41176,30533,15076,40549
32562,32695,32517,32908,32231,30812,34408,29355,33657,32432,35004,28738,28424,34344,16628,41176,30533,15076,40549
32656,32646,32679,33090,32239,31648,35616,30060,33892,32081,35576,28829,28464,34952,15138,44853,33484,16530,48128
32824,32666,32667,33331,32231,31648,35616,30060,33892,32081,35576,28829,28464,34952,15138,44853,33484,16530,48128
33115,32719,32492,33019,32273,31648,35616,30060,33892,32081,35576,28829,28464,34952,15138,44853,33484,16530,48128
33384,32575,32727,33451,32481,31648,35616,30060,33892,32081,35576,28829,28464,34952,15138,44853,33484,16530,48128
33472,32502,32571,33439,33091,31648,35616,30060,33892,32081,35576,28829,28464,34952,15138,44853,33484,16530,48128
33664,32525,32407,33591,32971,31648,35616,30060,33892,32081,35576,28829,28464,34952,15138,44853,33484,16530,48128
33627,32711,32620,33645,33593,31648,35616,30060,33892,32081,35576,28829,28464,34952,15138,44853,33484,16530,48128
33476,32485,32468,32617,32893,31648,35616,30060,33892,32081,35576,28829,28464,34952,15138,44853,33484,16530,48128
33218,32228,32615,31421,33475,31648,35616,30060,33892,32081,35576,28829,28464,34952,15138,44853,33484,16530,48128
33043,32594,32559,32583,34027,31648,35616,30060,33892,32081,35576,28829,28464,34952,15138,44853,33484,16530,48128
33124,33054,32505,33438,33508,32340,35906,29842,33693,31432,36194,29386,28344,33812,13999,42172,35378,18022,41656
33065,33316,32564,33735,33191,32340,35906,29842,33693,31432,36194,29386,28344,33812,13999,42172,35378,18022,41656
32922,33095,32687,33143,32983,32340,35906,29842,33693,31432,36194,29386,28344,33812,13999,42172,35378,18022,41656
32642,32703,32560,33815,32843,32340,35906,29842,33693,31432,36194,29386,28344,33812,13999,42172,35378,18022,41656
32276,32731,32747,33799,32731,32340,35906,29842,33693,31432,36194,29386,28344,33812,13999,42172,35378,18022,41656
32052,32915,32823,33447,32177,32340,35906,29842,33693,31432,36194,29386,28344,33812,13999,42172,35378,18022,41656
32134,33041,32811,32079,32562,32340,35906,29842,33693,31432,36194,29386,28344,33812,13999,42172,35378,18022,41656
32229,32865,32923,32033,32636,32340,35906,29842,33693,31432,36194,29386,28344,33812,13999,42172,35378,18022,41656
32375,32794,32679,33373,32887,32340,35906,29842,33693,31432,36194,29386,28344,33812,13999,42172,35378,18022,41656
32647,32834,32602,32722,32469,32340,35906,29842,33693,31432,36194,29386,28344,33812,13999,42172,35378,18022,41656
32755,32927,32775,31994,32555,32976,36368,29316,33736,33048,37024,29276,28397,32364,14567,42408,34740,18322,44842
32553,32946,32639,33001,32079,32976,36368,29316,33736,33048,37024,29276,28397,32364,14567,42408,34740,18322,44842
32640,32703,32770,33159,32748,32976,36368,29316,33736,33048,37024,29276,28397,32364,14567,42408,34740,18322,44842
32910,32518,32743,33403,32440,32976,36368,29316,33736,33048,37024,29276,28397,32364,14567,42408,34740,18322,44842
33113,32409,32571,33199,32151,32976,36368,29316,33736,33048,37024,29276,28397,32364,14567,42408,34740,18322,44842
33130,32618,32658,33141,32027,32976,36368,29316,33736,33048,37024,29276,28397,32364,14567,42408,34740,18322,44842
33065,32963,32677,33247,31851,32976,36368,29316,33736,33048,37024,29276,28397,32364,14567,42408,34740,18322,44842
32942,33015,32574,33019,32705,32976,36368,29316,33736,33048,37024,29276,28397,32364,14567,42408,34740,18322,44842
32846,32791,32709,33574,32229,32976,36368,29316,33736,33048,37024,29276,28397,32364,14567,42408,34740,18322,44842
32758,32551,32771,33463,31842,32976,36368,29316,33736,33048,37024,29276,28397,32364,14567,42408,34740,18322,44842
32781,32443,32655,33321,32943,33868,36912,29184,33825,33964,37120,29513,28376,31400,16162,41132,33736,19012,43684
32674,32337,32774,33063,32805,33868,36912,29184,33825,33964,37120,29513,28376,31400,16162,41132,33736,19012,43684
32719,32499,32637,32506,32162,33868,36912,29184,33825,33964,37120,29513,28376,31400,16162,41132,33736,19012,43684
32644,32679,32947,31535,33163,33868,36912,29184,33825,33964,37120,29513,28376,31400,16162,41132,33736,19012,43684
32624,32684,32826,32087,33134,33868,36912,29184,33825,33964,37120,29513,28376,31400,16162,41132,33736,19012,43684
32644,32647,32967,32976,33140,33868,36912,29184,33825,33964,37120,29513,28376,31400,16162,41132,33736,19012,43684
32714,32813,32871,33211,32854,33868,36912,29184,33825,33964,37120,29513,28376,31400,16162,41132,33736,19012,43684
32751,32771,32615,32946,33281,33868,36912,29184,33825,33964,37120,29513,28376,31400,16162,41132,33736,19012,43684
32762,32855,32607,33198,33655,33868,36912,29184,33825,33964,37120,29513,28376,31400,16162,41132,33736,19012,43684
32875,33255,32567,33458,33159,33868,36912,29184,33825,33964,37120,29513,28376,31400,16162,41132,33736,19012,43684
32820,33375,32451,33071,32058,34408,37284,29760,33744,34200,37065,30018,28436,30740,17377,39660,36609,19920,39780
32880,33318,32531,33355,33023,34408,37284,29760,33744,34200,37065,30018,28436,30740,17377,39660,36609,19920,39780
32799,32911,32727,35596,33580,34408,37284,29760,33744,34200,37065,30018,28436,30740,17377,39660,36609,19920,39780
32760,32483,32611,35934,32369,34408,37284,29760,33744,34200,37065,30018,28436,30740,17377,39660,36609,19920,39780
32709,32402,32828,34854,32679,34408,37284,29760,33744,34200,37065,30018,28436,30740,17377,39660,36609,19920,39780
32675,32463,32861,33213,33023,34408,37284,29760,33744,34200,37065,30018,28436,30740,17377,39660,36609,19920,39780
32729,32514,32597,31378,32723,34408,37284,29760,33744,34200,37065,30018,28436,30740,17377,39660,36609,19920,39780
32775,32515,32711,31674,32885,34408,37284,29760,33744,34200,37065,30018,28436,30740,17377,39660,36609,19920,39780
32726,32502,32839,32368,32871,34408,37284,29760,33744,34200,37065,30018,28436,30740,17377,39660,36609,19920,39780
32774,32693,32773,32693,33034,34408,37284,29760,33744,34200,37065,30018,28436,30740,17377,39660,36609,19920,39780
32726,33229,32719,33335,32551,34740,37136,30320,33680,33853,37088,30428,28456,29148,19029,37916,33399,20755,38380
32754,33414,32886,33155,32678,34740,37136,30320,33680,33853,37088,30428,28456,29148,19029,37916,33399,20755,38380
32784,33210,32711,32767,32427,34740,37136,30320,33680,33853,37088,30428,28456,29148,19029,37916,33399,20755,38380
32761,33138,32807,32317,32457,34740,37136,30320,33680,33853,37088,30428,28456,29148,19029,37916,33399,20755,38380
32851,32670,32895,32151,32547,34740,37136,30320,33680,33853,37088,30428,28456,29148,19029,37916,33399,20755,38380
32853,32262,32724,32947,32575,34740,37136,30320,33680,33853,37088,30428,28456,29148,19029,37916,33399,20755,38380
32683,31959,32677,33436,31983,34740,37136,30320,33680,33853,37088,30428,28456,29148,19029,37916,33399,20755,38380
32736,32413,32807,33547,31927,34740,37136,30320,33680,33853,37088,30428,28456,29148,19029,37916,33399,20755,38380
32876,33029,32717,33531,32313,34740,37136,30320,33680,33853,37088,30428,28456,29148,19029,37916,33399,20755,38380
32868,33759,32748,32514,32447,34740,37136,30320,33680,33853,37088,30428,28456,29148,19029,37916,33399,20755,38380
32719,33638,32861,32681,32737,34956,36700,30484,33512,33776,36552,30468,28402,27868,19852,34610,31664,20804,40884
32760,33023,32647,33365,33075,34956,36700,30484,33512,33776,36552,30468,28402,27868,19852,34610,31664,20804,40884
32706,32589,32828,33399,32999,34956,36700,30484,33512,33776,36552,30468,28402,27868,19852,34610,31664,20804,40884
32690,32613,32835,33340,32923,34956,36700,30484,33512,33776,36552,30468,28402,27868,19852,34610,31664,20804,40884
32672,32757,32642,33134,32848,34956,36700,30484,33512,33776,36552,30468,28402,27868,19852,34610,31664,20804,40884
32724,32813,32847,33577,32935,34956,36700,30484,33512,33776,36552,30468,28402,27868,19852,34610,31664,20804,40884
32764,32627,32799,33245,32839,34956,36700,30484,33512,33776,36552,30468,28402,27868,19852,34610,31664,20804,40884
32645,32421,32647,32653,32879,34956,36700,30484,33512,33776,36552,30468,28402,27868,19852,34610,31664,20804,40884
32717,32425,32799,32977,32487,34956,36700,30484,33512,33776,36552,30468,28402,27868,19852,34610,31664,20804,40884
32714,32551,32806,33391,32579,34956,36700,30484,33512,33776,36552,30468,28402,27868,19852,34610,31664,20804,40884
32720,32681,32743,33085,32738,34776,36536,30532,33421,33688,36450,30456,28530,26168,21073,30789,32600,20324,37876
32704,32799,32887,31668,32823,34776,36536,30532,33421,33688,36450,30456,28530,26168,21073,30789,32600,20324,37876
32690,32771,32783,33564,32809,34776,36536,30532,33421,33688,36450,30456,28530,26168,21073,30789,32600,20324,37876
32674,32850,32785,32599,33063,34776,36536,30532,33421,33688,36450,30456,28530,26168,21073,30789,32600,20324,37876
32690,32839,32921,32225,33077,34776,36536,30532,33421,33688,36450,30456,28530,26168,21073,30789,32600,20324,37876
32699,32848,32733,32960,32992,34776,36536,30532,33421,33688,36450,30456,28530,26168,21073,30789,32600,20324,37876
32677,32726,33015,32743,32769,34776,36536,30532,33421,33688,36450,30456,28530,26168,21073,30789,32600,20324,37876
32585,32675,32793,33751,32399,34776,36536,30532,33421,33688,36450,30456,28530,26168,21073,30789,32600,20324,37876
32672,32692,32667,34123,32562,34776,36536,30532,33421,33688,36450,30456,28530,26168,21073,30789,32600,20324,37876
32710,32815,32785,33082,32735,34776,36536,30532,33421,33688,36450,30456,28530,26168,21073,30789,32600,20324,37876
32688,32767,32615,32615,32907,34276,36588,30578,33588,33474,36476,30392,28472,25206,21397,28809,29110,20308,35936
32732,32703,32831,32844,33883,34276,36588,30578,33588,33474,36476,30392,28472,25206,21397,28809,29110,20308,35936
32702,32751,32693,33613,32487,34276,36588,30578,33588,33474,36476,30392,28472,25206,21397,28809,29110,20308,35936
32684,32653,32873,33436,32233,34276,36588,30578,33588,33474,36476,30392,28472,25206,21397,28809,29110,20308,35936
32751,32642,32827,33410,32383,34276,36588,30578,33588,33474,36476,30392,28472,25206,21397,28809,29110,20308,35936
32750,32582,32655,33287,32381,34276,36588,30578,33588,33474,36476,30392,28472,25206,21397,28809,29110,20308,35936
32688,32709,32799,32767,32694,34276,36588,30578,33588,33474,36476,30392,28472,25206,21397,28809,29110,20308,35936
32687,32756,32666,33015,32971,34276,36588,30578,33588,33474,36476,30392,28472,25206,21397,28809,29110,20308,35936
32614,32599,32770,33255,32871,34276,36588,30578,33588,33474,36476,30392,28472,25206,21397,28809,29110,20308,35936
32666,32573,32791,33097,32863,34276,36588,30578,33588,33474,36476,30392,28472,25206,21397,28809,29110,20308,35936
32673,32660,32622,33146,32567,33673,36720,30624,33548,33322,36600,30312,28556,24700,21668,27460,27881,20181,33852
32706,32882,32787,33629,32315,33673,36720,30624,33548,33322,36600,30312,28556,24700,21668,27460,27881,20181,33852
32742,32929,32603,33207,32417,33673,36720,30624,33548,33322,36600,30312,28556,24700,21668,27460,27881,20181,33852
32760,32831,32837,33023,32439,33673,36720,30624,33548,33322,36600,30312,28556,24700,21668,27460,27881,20181,33852
32690,32722,32911,32943,32615,33673,36720,30624,33548,33322,36600,30312,28556,24700,21668,27460,27881,20181,33852
32732,32691,32759,32886,32565,33673,36720,30624,33548,33322,36600,30312,28556,24700,21668,27460,27881,20181,33852
32725,32573,32853,32877,32640,33673,36720,30624,33548,33322,36600,30312,28556,24700,21668,27460,27881,20181,33852
32588,32515,32796,32979,32998,33673,36720,30624,33548,33322,36600,30312,28556,24700,21668,27460,27881,20181,33852
32654,32601,32797,33585,32954,33673,36720,30624,33548,33322,36600,30312,28556,24700,21668,27460,27881,20181,33852
32702,32563,32879,32823,33117,33673,36720,30624,33548,33322,36600,30312,28556,24700,21668,27460,27881,20181,33852
32770,32518,32718,32953,33070,33430,36694,30634,33488,33208,36704,30264,28600,24848,21264,27341,28812,20224,32928
32840,32631,32873,32903,33233,33430,36694,30634,33488,33208,36704,30264,28600,24848,21264,27341,28812,20224,32928
32861,32755,32589,33163,33398,33430,36694,30634,33488,33208,36704,30264,28600,24848,21264,27341,28812,20224,32928
32861,32859,32659,33671,33356,33430,36694,30634,33488,33208,36704,30264,28600,24848,21264,27341,28812,20224,32928
32866,32607,32787,33437,32957,33430,36694,30634,33488,33208,36704,30264,28600,24848,21264,27341,28812,20224,32928
32828,32947,32731,33097,33401,33430,36694,30634,33488,33208,36704,30264,28600,24848,21264,27341,28812,20224,32928
32696,33683,32783,33262,33090,33430,36694,30634,33488,33208,36704,30264,28600,24848,21264,27341,28812,20224,32928
32567,33373,32954,32914,32998,33430,36694,30634,33488,33208,36704,30264,28600,24848,21264,27341,28812,20224,32928
32486,32607,32748,33191,32658,33430,36694,30634,33488,33208,36704,30264,28600,24848,21264,27341,28812,20224,32928
32543,32165,32808,33149,32503,33430,36694,30634,33488,33208,36704,30264,28600,24848,21264,27341,28812,20224,32928
32639,32380,32863,33086,32507,33241,36573,30450,33672,33325,36552,30090,28572,25489,20417,28810,29601,20880,33212
32877,32761,32678,33188,32372,33241,36573,30450,33672,33325,36552,30090,28572,25489,20417,28810,29601,20880,33212
32916,32697,32829,33035,32679,33241,36573,30450,33672,33325,36552,30090,28572,25489,20417,28810,29601,20880,33212
32908,32446,32679,33144,32729,33241,36573,30450,33672,33325,36552,30090,28572,25489,20417,28810,29601,20880,33212
32991,32423,32833,32803,32677,33241,36573,30450,33672,33325,36552,30090,28572,25489,20417,28810,29601,20880,33212
33117,32549,32943,33111,32854,33241,36573,30450,33672,33325,36552,30090,28572,25489,20417,28810,29601,20880,33212
33140,32857,32751,33037,32921,33241,36573,30450,33672,33325,36552,30090,28572,25489,20417,28810,29601,20880,33212
33271,33093,32879,33229,32999,33241,36573,30450,33672,33325,36552,30090,28572,25489,20417,28810,29601,20880,33212
33301,33159,32620,33078,32667,33241,36573,30450,33672,33325,36552,30090,28572,25489,20417,28810,29601,20880,33212
33293,33170,32787,33319,32559,33241,36573,30450,33672,33325,36552,30090,28572,25489,20417,28810,29601,20880,33212
33039,33459,32793,33366,32593,33114,36590,30446,33576,33370,36686,30040,28711,26656,19416,31277,27428,21394,36241
32782,33447,32735,33415,32506,33114,36590,30446,33576,33370,36686,30040,28711,26656,19416,31277,27428,21394,36241
32678,32787,32862,33585,32643,33114,36590,30446,33576,33370,36686,30040,28711,26656,19416,31277,27428,21394,36241
32566,32378,32729,32896,32719,33114,36590,30446,33576,33370,36686,30040,28711,26656,19416,31277,27428,21394,36241
32518,32443,32775,32834,32566,33114,36590,30446,33576,33370,36686,30040,28711,26656,19416,31277,27428,21394,36241
32505,32495,32775,32191,32598,33114,36590,30446,33576,33370,36686,30040,28711,26656,19416,31277,27428,21394,36241
32490,32460,32728,31611,32727,33114,36590,30446,33576,33370,36686,30040,28711,26656,19416,31277,27428,21394,36241
32551,32175,32965,31032,32675,33114,36590,30446,33576,33370,36686,30040,28711,26656,19416,31277,27428,21394,36241
32567,32263,32925,32223,32643,33114,36590,30446,33576,33370,36686,30040,28711,26656,19416,31277,27428,21394,36241
32587,32581,32822,34774,33147,33114,36590,30446,33576,33370,36686,30040,28711,26656,19416,31277,27428,21394,36241
32622,32675,32897,35607,33046,32912,36632,30560,33625,33092,36904,30258,28764,26692,20168,31365,29056,22351,38836
32745,32605,32711,33711,33089,32912,36632,30560,33625,33092,36904,30258,28764,26692,20168,31365,29056,22351,38836
32828,32756,32749,33063,32853,32912,36632,30560,33625,33092,36904,30258,28764,26692,20168,31365,29056,22351,38836
32868,33087,32725,31019,32803,32912,36632,30560,33625,33092,36904,30258,28764,26692,20168,31365,29056,22351,38836
32928,33140,32575,32863,32927,32912,36632,30560,33625,33092,36904,30258,28764,26692,20168,31365,29056,22351,38836
32888,33047,32736,33167,33157,32912,36632,30560,33625,33092,36904,30258,28764,26692,20168,31365,29056,22351,38836
32917,32951,32591,32528,32999,32912,36632,30560,33625,33092,36904,30258,28764,26692,20168,31365,29056,22351,38836
32852,32922,32782,33863,33059,32912,36632,30560,33625,33092,36904,30258,28764,26692,20168,31365,29056,22351,38836
32800,32748,32685,34217,33058,32912,36632,30560,33625,33092,36904,30258,28764,26692,20168,31365,29056,22351,38836
32712,32694,32884,34409,32900,32912,36632,30560,33625,33092,36904,30258,28764,26692,20168,31365,29056,22351,38836
32722,32861,32711,33963,32763,32872,36846,30808,33800,32948,36704,30300,28828,27693,19937,33236,31224,24347,39753
32750,33004,32865,34356,32786,32872,36846,30808,33800,32948,36704,30300,28828,27693,19937,33236,31224,24347,39753
32743,33054,32642,33322,32567,32872,36846,30808,33800,32948,36704,30300,28828,27693,19937,33236,31224,24347,39753
32879,32883,32833,33159,32525,32872,36846,30808,33800,32948,36704,30300,28828,27693,19937,33236,31224,24347,39753
32716,32735,32786,33115,32757,32872,36846,30808,33800,32948,36704,30300,28828,27693,19937,33236,31224,24347,39753
32756,32679,32883,33183,32509,32872,36846,30808,33800,32948,36704,30300,28828,27693,19937,33236,31224,24347,39753
32724,32661,32919,32261,32227,32872,36846,30808,33800,32948,36704,30300,28828,27693,19937,33236,31224,24347,39753
32690,32505,32873,32711,32406,32872,36846,30808,33800,32948,36704,30300,28828,27693,19937,33236,31224,24347,39753
32704,32343,32952,32923,32588,32872,36846,30808,33800,32948,36704,30300,28828,27693,19937,33236,31224,24347,39753
32756,32275,32837,32785,32823,32872,36846,30808,33800,32948,36704,30300,28828,27693,19937,33236,31224,24347,39753
32742,32291,32930,32059,32947,32841,36696,30708,33796,33362,36676,30250,28896,28508,19841,34702,33821,24285,37444
32788,32655,32724,32535,32703,32841,36696,30708,33796,33362,36676,30250,28896,28508,19841,34702,33821,24285,37444
32798,32987,32782,33323,32683,32841,36696,30708,33796,33362,36676,30250,28896,28508,19841,34702,33821,24285,37444
32761,32991,32883,33599,32728,32841,36696,30708,33796,33362,36676,30250,28896,28508,19841,34702,33821,24285,37444
32772,33045,32731,32823,32612,32841,36696,30708,33796,33362,36676,30250,28896,28508,19841,34702,33821,24285,37444
32768,32804,32709,32955,32610,32841,36696,30708,33796,33362,36676,30250,28896,28508,19841,34702,33821,24285,37444
32697,32787,32809,32871,32863,32841,36696,30708,33796,33362,36676,30250,28896,28508,19841,34702,33821,24285,37444
32668,32723,32654,33007,32978,32841,36696,30708,33796,33362,36676,30250,28896,28508,19841,34702,33821,24285,37444
32734,32717,32806,33030,32839,32841,36696,30708,33796,33362,36676,30250,28896,28508,19841,34702,33821,24285,37444
32719,32651,32769,33234,32661,32841,36696,30708,33796,33362,36676,30250,28896,28508,19841,34702,33821,24285,37444
32751,32530,32602,33111,32273,33160,36628,30409,33705,33240,36804,30227,28957,28593,19837,36972,31421,24478,38784
32743,32415,32738,33383,32292,33160,36628,30409,33705,33240,36804,30227,28957,28593,19837,36972,31421,24478,38784
32820,32401,32487,32729,33053,33160,36628,30409,33705,33240,36804,30227,28957,28593,19837,36972,31421,24478,38784
32825,32627,32699,32871,32865,33160,36628,30409,33705,33240,36804,30227,28957,28593,19837,36972,31421,24478,38784
32839,32954,32745,33039,32871,33160,36628,30409,33705,33240,36804,30227,28957,28593,19837,36972,31421,24478,38784
32854,32959,32623,33237,33229,33160,36628,30409,33705,33240,36804,30227,28957,28593,19837,36972,31421,24478,38784
32774,32767,32775,33470,33007,33160,36628,30409,33705,33240,36804,30227,28957,28593,19837,36972,31421,24478,38784
32774,32679,32576,33245,33020,33160,36628,30409,33705,33240,36804,30227,28957,28593,19837,36972,31421,24478,38784
32727,32623,32791,33420,33132,33160,36628,30409,33705,33240,36804,30227,28957,28593,19837,36972,31421,24478,38784
32765,32651,32783,33179,33214,33160,36628,30409,33705,33240,36804,30227,28957,28593,19837,36972,31421,24478,38784
32818,32479,32647,33044,32929,33348,36716,30172,33610,33389,36930,30260,28948,28296,19993,37900,29784,26460,35140
32852,32399,32799,32595,32527,33348,36716,30172,33610,33389,36930,30260,28948,28296,19993,37900,29784,26460,35140
32775,32623,32637,33323,32377,33348,36716,30172,33610,33389,36930,30260,28948,28296,19993,37900,29784,26460,35140
32843,32767,32898,33129,32199,33348,36716,30172,33610,33389,36930,30260,28948,28296,19993,37900,29784,26460,35140
32719,32751,32775,33079,32199,33348,36716,30172,33610,33389,36930,30260,28948,28296,19993,37900,29784,26460,35140
32775,32659,32865,32553,32786,33348,36716,30172,33610,33389,36930,30260,28948,28296,19993,37900,29784,26460,35140
32813,32717,32765,32797,32428,33348,36716,30172,33610,33389,36930,30260,28948,28296,19993,37900,29784,26460,35140
32827,33043,32689,32918,32717,33348,36716,30172,33610,33389,36930,30260,28948,28296,19993,37900,29784,26460,35140
32843,33505,32835,33022,32849,33348,36716,30172,33610,33389,36930,30260,28948,28296,19993,37900,29784,26460,35140
32864,33463,32771,33584,32837,33348,36716,30172,33610,33389,36930,30260,28948,28296,19993,37900,29784,26460,35140
32838,33143,32690,33501,33317,33328,36690,30281,33560,33224,36914,30312,29112,27824,20734,37417,28872,25060,34036
32793,32854,32817,33555,33167,33328,36690,30281,33560,33224,36914,30312,29112,27824,20734,37417,28872,25060,34036
32726,32663,32715,33215,33175,33328,36690,30281,33560,33224,36914,30312,29112,27824,20734,37417,28872,25060,34036
32685,32651,32655,32447,32717,33328,36690,30281,33560,33224,36914,30312,29112,27824,20734,37417,28872,25060,34036
32754,32698,32825,32371,32839,33328,36690,30281,33560,33224,36914,30312,29112,27824,20734,37417,28872,25060,34036
32761,32735,32627,32699,32766,33328,36690,30281,33560,33224,36914,30312,29112,27824,20734,37417,28872,25060,34036
32775,32697,32804,32879,32388,33328,36690,30281,33560,33224,36914,30312,29112,27824,20734,37417,28872,25060,34036
32788,32705,32719,32487,32287,33328,36690,30281,33560,33224,36914,30312,29112,27824,20734,37417,28872,25060,34036
32730,32639,32743,33647,32479,33328,36690,30281,33560,33224,36914,30312,29112,27824,20734,37417,28872,25060,34036
32739,32579,32867,33653,33263,33328,36690,30281,33560,33224,36914,30312,29112,27824,20734,37417,28872,25060,34036
32833,32514,32719,34299,33346,33396,36792,30792,33656,33187,36696,30264,29192,27552,20720,36138,29276,26564,35456
32771,32427,32932,33723,32804,33396,36792,30792,33656,33187,36696,30264,29192,27552,20720,36138,29276,26564,35456
32794,32203,32715,33776,32533,33396,36792,30792,33656,33187,36696,30264,29192,27552,20720,36138,29276,26564,35456
32733,32386,32917,33261,32349,33396,36792,30792,33656,33187,36696,30264,29192,27552,20720,36138,29276,26564,35456
32612,32435,32903,32993,32455,33396,36792,30792,33656,33187,36696,30264,29192,27552,20720,36138,29276,26564,35456
32804,32595,32687,33311,32789,33396,36792,30792,33656,33187,36696,30264,29192,27552,20720,36138,29276,26564,35456
32962,32477,32847,33187,33174,33396,36792,30792,33656,33187,36696,30264,29192,27552,20720,36138,29276,26564,35456
32805,32579,32663,33200,33145,33396,36792,30792,33656,33187,36696,30264,29192,27552,20720,36138,29276,26564,35456
32853,32818,32846,33223,32933,33396,36792,30792,33656,33187,36696,30264,29192,27552,20720,36138,29276,26564,35456
32921,33305,32699,33543,32415,33396,36792,30792,33656,33187,36696,30264,29192,27552,20720,36138,29276,26564,35456
32976,33255,32745,33156,32614,33274,36480,30724,33554,33016,36466,30466,29290,27456,20259,34945,28264,24672,34568
32901,33239,32823,32591,32871,33274,36480,30724,33554,33016,36466,30466,29290,27456,20259,34945,28264,24672,34568
32916,33007,32695,32953,32855,33274,36480,30724,33554,33016,36466,30466,29290,27456,20259,34945,28264,24672,34568
32898,32941,32860,33333,32314,33274,36480,30724,33554,33016,36466,30466,29290,27456,20259,34945,28264,24672,34568
32826,32782,32789,32451,33583,33274,36480,30724,33554,33016,36466,30466,29290,27456,20259,34945,28264,24672,34568
32780,32647,32731,32303,32998,33274,36480,30724,33554,33016,36466,30466,29290,27456,20259,34945,28264,24672,34568
32662,32746,32825,32459,33017,33274,36480,30724,33554,33016,36466,30466,29290,27456,20259,34945,28264,24672,34568
32679,32799,32619,33380,32881,33274,36480,30724,33554,33016,36466,30466,29290,27456,20259,34945,28264,24672,34568
32714,33025,32758,33618,32541,33274,36480,30724,33554,33016,36466,30466,29290,27456,20259,34945,28264,24672,34568
32608,32871,32731,33083,32239,33274,36480,30724,33554,33016,36466,30466,29290,27456,20259,34945,28264,24672,34568
32599,32689,32783,33073,32375,33018,36388,30603,33628,32920,36624,30480,29396,27532,20849,35334,29610,25386,33828
32587,32625,32843,33121,33061,33018,36388,30603,33628,32920,36624,30480,29396,27532,20849,35334,29610,25386,33828
32621,32567,32671,33407,32943,33018,36388,30603,33628,32920,36624,30480,29396,27532,20849,35334,29610,25386,33828
32668,32511,32925,32995,32767,33018,36388,30603,33628,32920,36624,30480,29396,27532,20849,35334,29610,25386,33828
32620,32583,32845,33415,32391,33018,36388,30603,33628,32920,36624,30480,29396,27532,20849,35334,29610,25386,33828
32520,32655,32747,32871,32519,33018,36388,30603,33628,32920,36624,30480,29396,27532,20849,35334,29610,25386,33828
32568,32715,32959,32283,32669,33018,36388,30603,33628,32920,36624,30480,29396,27532,20849,35334,29610,25386,33828
32652,32667,32723,32553,32842,33018,36388,30603,33628,32920,36624,30480,29396,27532,20849,35334,29610,25386,33828
32662,32647,32619,32279,32979,33018,36388,30603,33628,32920,36624,30480,29396,27532,20849,35334,29610,25386,33828
32713,32770,32816,31771,32975,33018,36388,30603,33628,32920,36624,30480,29396,27532,20849,35334,29610,25386,33828
32662,32637,32775,33239,32921,32788,36576,30596,33540,32952,36660,30338,29408,27560,21294,34785,28133,26384,30593
32620,32645,32651,34482,32819,32788,36576,30596,33540,32952,36660,30338,29408,27560,21294,34785,28133,26384,30593
32502,32794,32679,34125,32858,32788,36576,30596,33540,32952,36660,30338,29408,27560,21294,34785,28133,26384,30593
32509,33004,32785,31680,33255,32788,36576,30596,33540,32952,36660,30338,29408,27560,21294,34785,28133,26384,30593
32456,32762,32729,33381,33089,32788,36576,30596,33540,32952,36660,30338,29408,27560,21294,34785,28133,26384,30593
32628,32515,32679,34114,32911,32788,36576,30596,33540,32952,36660,30338,29408,27560,21294,34785,28133,26384,30593
32756,32605,32884,33467,32707,32788,36576,30596,33540,32952,36660,30338,29408,27560,21294,34785,28133,26384,30593
32820,32759,32610,33565,32621,32788,36576,30596,33540,32952,36660,30338,29408,27560,21294,34785,28133,26384,30593
33141,32767,32802,32727,32839,32788,36576,30596,33540,32952,36660,30338,29408,27560,21294,34785,28133,26384,30593
33301,32575,32593,32746,32825,32788,36576,30596,33540,32952,36660,30338,29408,27560,21294,34785,28133,26384,30593
33253,32591,32719,32711,33087,32721,36408,30634,33540,33045,36532,30170,29520,28036,21288,35908,27594,28116,29282
33350,32569,32687,33479,33547,32721,36408,30634,33540,33045,36532,30170,29520,28036,21288,35908,27594,28116,29282
33251,32623,32796,33643,33199,32721,36408,30634,33540,33045,36532,30170,29520,28036,21288,35908,27594,28116,29282
33139,32647,32891,33358,33095,32721,36408,30634,33540,33045,36532,30170,29520,28036,21288,35908,27594,28116,29282
33200,32785,32703,32759,32661,32721,36408,30634,33540,33045,36532,30170,29520,28036,21288,35908,27594,28116,29282
33024,33061,32845,33453,32763,32721,36408,30634,33540,33045,36532,30170,29520,28036,21288,35908,27594,28116,29282
32751,33103,32639,33115,32775,32721,36408,30634,33540,33045,36532,30170,29520,28036,21288,35908,27594,28116,29282
32575,33047,32843,32545,32781,32721,36408,30634,33540,33045,36532,30170,29520,28036,21288,35908,27594,28116,29282
32500,33087,32711,32233,32647,32721,36408,30634,33540,33045,36532,30170,29520,28036,21288,35908,27594,28116,29282
32469,32692,32871,32247,32308,32721,36408,30634,33540,33045,36532,30170,29520,28036,21288,35908,27594,28116,29282
32417,32543,32804,32330,31935,32591,36124,30444,33664,33274,36240,30072,29530,28237,21492,35205,27546,25744,32714
32422,32723,32729,32903,31991,32591,36124,30444,33664,33274,36240,30072,29530,28237,21492,35205,27546,25744,32714
32487,32799,32813,33383,32227,32591,36124,30444,33664,33274,36240,30072,29530,28237,21492,35205,27546,25744,32714
32496,32707,32639,34259,32294,32591,36124,30444,33664,33274,36240,30072,29530,28237,21492,35205,27546,25744,32714
32559,32551,32807,33580,32319,32591,36124,30444,33664,33274,36240,30072,29530,28237,21492,35205,27546,25744,32714
32621,32723,32495,31583,32623,32591,36124,30444,33664,33274,36240,30072,29530,28237,21492,35205,27546,25744,32714
32733,33079,32530,33781,33191,32591,36124,30444,33664,33274,36240,30072,29530,28237,21492,35205,27546,25744,32714
32782,32983,32447,33335,33039,32591,36124,30444,33664,33274,36240,30072,29530,28237,21492,35205,27546,25744,32714
32697,32951,32647,32763,33182,32591,36124,30444,33664,33274,36240,30072,29530,28237,21492,35205,27546,25744,32714
32654,33167,32724,29655,33295,32591,36124,30444,33664,33274,36240,30072,29530,28237,21492,35205,27546,25744,32714
32687,32950,32711,32075,33191,32784,36128,30224,33560,33161,36128,30060,29604,28104,21760,34444,29704,27528,31929
32662,32788,32871,34227,33363,32784,36128,30224,33560,33161,36128,30060,29604,28104,21760,34444,29704,27528,31929
32640,32646,32663,33917,33083,32784,36128,30224,33560,33161,36128,30060,29604,28104,21760,34444,29704,27528,31929
32738,32517,32826,33346,32930,32784,36128,30224,33560,33161,36128,30060,29604,28104,21760,34444,29704,27528,31929
32798,32607,32606,34896,32505,32784,36128,30224,33560,33161,36128,30060,29604,28104,21760,34444,29704,27528,31929
32740,32543,32672,33791,32966,32784,36128,30224,33560,33161,36128,30060,29604,28104,21760,34444,29704,27528,31929
32784,32434,32851,34145,33001,32784,36128,30224,33560,33161,36128,30060,29604,28104,21760,34444,29704,27528,31929
32735,32174,32663,33283,32693,32784,36128,30224,33560,33161,36128,30060,29604,28104,21760,34444,29704,27528,31929
32704,32355,32939,32575,32671,32784,36128,30224,33560,33161,36128,30060,29604,28104,21760,34444,29704,27528,31929
32696,32685,32759,32271,32527,32784,36128,30224,33560,33161,36128,30060,29604,28104,21760,34444,29704,27528,31929
32664,32805,32935,34202,32581,32968,36261,30068,33476,33176,36448,30099,29802,28260,22274,32818,27530,25892,30368
32740,32757,32786,34281,32539,32968,36261,30068,33476,33176,36448,30099,29802,28260,22274,32818,27530,25892,30368
32747,32690,32896,34173,32333,32968,36261,30068,33476,33176,36448,30099,29802,28260,22274,32818,27530,25892,30368
32742,32839,32759,33223,32614,32968,36261,30068,33476,33176,36448,30099,29802,28260,22274,32818,27530,25892,30368
32784,33230,32718,33395,32613,32968,36261,30068,33476,33176,36448,30099,29802,28260,22274,32818,27530,25892,30368
32775,33525,32866,33287,32647,32968,36261,30068,33476,33176,36448,30099,29802,28260,22274,32818,27530,25892,30368
32817,33386,32603,33026,32703,32968,36261,30068,33476,33176,36448,30099,29802,28260,22274,32818,27530,25892,30368
32839,33093,32765,30295,32869,32968,36261,30068,33476,33176,36448,30099,29802,28260,22274,32818,27530,25892,30368
32839,33021,32687,30722,32567,32968,36261,30068,33476,33176,36448,30099,29802,28260,22274,32818,27530,25892,30368
32778,33057,32802,32927,32955,32968,36261,30068,33476,33176,36448,30099,29802,28260,22274,32818,27530,25892,30368
32800,32931,32694,32863,32909,33058,36325,29964,33605,33146,36592,30072,29796,28309,22764,31533,27844,26745,31508
32814,32785,32819,34075,32957,33058,36325,29964,33605,33146,36592,30072,29796,28309,22764,31533,27844,26745,31508
32837,32635,32729,31654,33239,33058,36325,29964,33605,33146,36592,30072,29796,28309,22764,31533,27844,26745,31508
32746,32583,32658,29757,33120,33058,36325,29964,33605,33146,36592,30072,29796,28309,22764,31533,27844,26745,31508
33032,32279,32815,30480,33023,33058,36325,29964,33605,33146,36592,30072,29796,28309,22764,31533,27844,26745,31508
32930,31810,32662,33253,33078,33058,36325,29964,33605,33146,36592,30072,29796,28309,22764,31533,27844,26745,31508
32744,31486,32910,34231,33095,33058,36325,29964,33605,33146,36592,30072,29796,28309,22764,31533,27844,26745,31508
32700,31575,33031,34306,32479,33058,36325,29964,33605,33146,36592,30072,29796,28309,22764,31533,27844,26745,31508
32672,32175,32994,33714,32400,33058,36325,29964,33605,33146,36592,30072,29796,28309,22764,31533,27844,26745,31508
32757,32995,33065,33719,32819,33058,36325,29964,33605,33146,36592,30072,29796,28309,22764,31533,27844,26745,31508
32798,33078,32962,33457,32879,33176,36393,29968,33518,33192,36536,30066,30016,27955,23712,30425,27992,28447,29416
32740,32802,32789,32818,32759,33176,36393,29968,33518,33192,36536,30066,30016,27955,23712,30425,27992,28447,29416
32937,33603,32830,33856,32893,33176,36393,29968,33518,33192,36536,30066,30016,27955,23712,30425,27992,28447,29416
32648,34166,32502,33322,32751,33176,36393,29968,33518,33192,36536,30066,30016,27955,23712,30425,27992,28447,29416
32661,33814,32703,33572,32519,33176,36393,29968,33518,33192,36536,30066,30016,27955,23712,30425,27992,28447,29416
32748,33631,32698,33353,33148,33176,36393,29968,33518,33192,36536,30066,30016,27955,23712,30425,27992,28447,29416
32912,33492,32629,31663,32979,33176,36393,29968,33518,33192,36536,30066,30016,27955,23712,30425,27992,28447,29416
32918,33061,32749,33251,33074,33176,36393,29968,33518,33192,36536,30066,30016,27955,23712,30425,27992,28447,29416
33166,32611,32587,33607,33171,33176,36393,29968,33518,33192,36536,30066,30016,27955,23712,30425,27992,28447,29416
33158,32349,32826,33785,33587,33176,36393,29968,33518,33192,36536,30066,30016,27955,23712,30425,27992,28447,29416
32988,32491,32519,32775,32410,33301,36568,30032,33532,33604,36562,30105,30084,27360,24264,28756,28325,25791,31096
32786,32583,32775,31437,32826,33301,36568,30032,33532,33604,36562,30105,30084,27360,24264,28756,28325,25791,31096
32735,32866,32735,32303,32541,33301,36568,30032,33532,33604,36562,30105,30084,27360,24264,28756,28325,25791,31096
32765,32935,32692,32410,32329,33301,36568,30032,33532,33604,36562,30105,30084,27360,24264,28756,28325,25791,31096
32615,32503,32911,31523,32410,33301,36568,30032,33532,33604,36562,30105,30084,27360,24264,28756,28325,25791,31096
32562,32147,32819,31458,32415,33301,36568,30032,33532,33604,36562,30105,30084,27360,24264,28756,28325,25791,31096
32518,32135,33009,32674,32403,33301,36568,30032,33532,33604,36562,30105,30084,27360,24264,28756,28325,25791,31096
32541,32332,33031,33461,32573,33301,36568,30032,33532,33604,36562,30105,30084,27360,24264,28756,28325,25791,31096
32616,32779,32945,33086,32751,33301,36568,30032,33532,33604,36562,30105,30084,27360,24264,28756,28325,25791,31096
32607,33043,32994,32880,32814,33301,36568,30032,33532,33604,36562,30105,30084,27360,24264,28756,28325,25791,31096
32689,33110,32711,32981,32750,33322,36536,30217,33468,32918,36568,30312,30064,26534,25386,28696,28148,26493,30897
32769,33285,32775,34183,32966,33322,36536,30217,33468,32918,36568,30312,30064,26534,25386,28696,28148,26493,30897
32767,33223,32539,33565,33050,33322,36536,30217,33468,32918,36568,30312,30064,26534,25386,28696,28148,26493,30897
32805,32966,32431,31471,33234,33322,36536,30217,33468,32918,36568,30312,30064,26534,25386,28696,28148,26493,30897
32837,32551,32561,33991,32973,33322,36536,30217,33468,32918,36568,30312,30064,26534,25386,28696,28148,26493,30897
32797,32311,32447,35771,32946,33322,36536,30217,33468,32918,36568,30312,30064,26534,25386,28696,28148,26493,30897
32765,32166,32771,35333,32731,33322,36536,30217,33468,32918,36568,30312,30064,26534,25386,28696,28148,26493,30897
32708,32116,32718,34582,32546,33322,36536,30217,33468,32918,36568,30312,30064,26534,25386,28696,28148,26493,30897
32694,31839,32902,33984,32531,33322,36536,30217,33468,32918,36568,30312,30064,26534,25386,28696,28148,26493,30897
32710,31873,32797,33500,32867,33322,36536,30217,33468,32918,36568,30312,30064,26534,25386,28696,28148,26493,30897
32762,32157,32800,32679,32590,33260,36544,30612,33528,33276,36700,30561,30244,26372,26860,27507,29920,26070,30912
32855,32590,32837,31923,32835,33260,36544,30612,33528,33276,36700,30561,30244,26372,26860,27507,29920,26070,30912
32830,33273,32629,33281,32811,33260,36544,30612,33528,33276,36700,30561,30244,26372,26860,27507,29920,26070,30912
32794,34339,32829,36229,32932,33260,36544,30612,33528,33276,36700,30561,30244,26372,26860,27507,29920,26070,30912
32740,34349,32731,34844,32703,33260,36544,30612,33528,33276,36700,30561,30244,26372,26860,27507,29920,26070,30912
32756,33885,32806,36403,32831,33260,36544,30612,33528,33276,36700,30561,30244,26372,26860,27507,29920,26070,30912
32774,33357,32877,34036,32947,33260,36544,30612,33528,33276,36700,30561,30244,26372,26860,27507,29920,26070,30912
32790,32984,32701,30066,32775,33260,36544,30612,33528,33276,36700,30561,30244,26372,26860,27507,29920,26070,30912
32810,32681,32806,27943,32621,33260,36544,30612,33528,33276,36700,30561,30244,26372,26860,27507,29920,26070,30912
32728,32751,32799,28079,32775,33260,36544,30612,33528,33276,36700,30561,30244,26372,26860,27507,29920,26070,30912
32714,32812,32684,31031,32379,33168,36432,30786,33474,33026,36580,31008,30224,26561,27701,27732,29489,27183,31820
32768,32618,32935,31975,31782,33168,36432,30786,33474,33026,36580,31008,30224,26561,27701,27732,29489,27183,31820
32756,32705,32752,32257,33377,33168,36432,30786,33474,33026,36580,31008,30224,26561,27701,27732,29489,27183,31820
32791,32839,32838,32848,32629,33168,36432,30786,33474,33026,36580,31008,30224,26561,27701,27732,29489,27183,31820
32765,32530,32907,32806,32827,33168,36432,30786,33474,33026,36580,31008,30224,26561,27701,27732,29489,27183,31820
32749,32535,32829,32471,33183,33168,36432,30786,33474,33026,36580,31008,30224,26561,27701,27732,29489,27183,31820
32758,32391,32959,32572,32892,33168,36432,30786,33474,33026,36580,31008,30224,26561,27701,27732,29489,27183,31820
32806,32250,32883,32340,33060,33168,36432,30786,33474,33026,36580,31008,30224,26561,27701,27732,29489,27183,31820
32821,32641,33182,33531,32935,33168,36432,30786,33474,33026,36580,31008,30224,26561,27701,27732,29489,27183,31820
32741,32809,33061,34551,32959,33168,36432,30786,33474,33026,36580,31008,30224,26561,27701,27732,29489,27183,31820
32764,32745,33125,34023,32758,32928,36408,31043,33488,33184,36458,31268,30352,27404,27509,28297,30044,26109,32720
32741,32339,33164,34755,32613,32928,36408,31043,33488,33184,36458,31268,30352,27404,27509,28297,30044,26109,32720
32720,31911,32943,33501,32903,32928,36408,31043,33488,33184,36458,31268,30352,27404,27509,28297,30044,26109,32720
32789,31743,33001,34001,32790,32928,36408,31043,33488,33184,36458,31268,30352,27404,27509,28297,30044,26109,32720
32941,31671,32741,33363,32795,32928,36408,31043,33488,33184,36458,31268,30352,27404,27509,28297,30044,26109,32720
32967,31942,32549,28969,33141,32928,36408,31043,33488,33184,36458,31268,30352,27404,27509,28297,30044,26109,32720
33023,32550,32639,28903,32949,32928,36408,31043,33488,33184,36458,31268,30352,27404,27509,28297,30044,26109,32720
32997,33389,32439,33921,33052,32928,36408,31043,33488,33184,36458,31268,30352,27404,27509,28297,30044,26109,32720
32987,33746,32610,37836,32933,32928,36408,31043,33488,33184,36458,31268,30352,27404,27509,28297,30044,26109,32720
32910,33526,32495,40127,32757,32928,36408,31043,33488,33184,36458,31268,30352,27404,27509,28297,30044,26109,32720
32903,33355,32495,35898,32589,32812,36162,31220,33498,33198,36484,31472,30316,28361,27729,28820,26773,24942,32997
32794,33229,32637,28859,32622,32812,36162,31220,33498,33198,36484,31472,30316,28361,27729,28820,26773,24942,32997
32752,33026,32575,27621,32589,32812,36162,31220,33498,33198,36484,31472,30316,28361,27729,28820,26773,24942,32997
32714,33195,32751,30012,32611,32812,36162,31220,33498,33198,36484,31472,30316,28361,27729,28820,26773,24942,32997
32640,33287,32632,33199,32791,32812,36162,31220,33498,33198,36484,31472,30316,28361,27729,28820,26773,24942,32997
32607,33282,32813,32504,32931,32812,36162,31220,33498,33198,36484,31472,30316,28361,27729,28820,26773,24942,32997
32653,33469,32761,32787,33126,32812,36162,31220,33498,33198,36484,31472,30316,28361,27729,28820,26773,24942,32997
32656,33243,32775,33478,32998,32812,36162,31220,33498,33198,36484,31472,30316,28361,27729,28820,26773,24942,32997
32733,32762,32854,32979,32879,32812,36162,31220,33498,33198,36484,31472,30316,28361,27729,28820,26773,24942,32997
32744,32535,32735,32247,32802,32812,36162,31220,33498,33198,36484,31472,30316,28361,27729,28820,26773,24942,32997
32726,32742,32903,33117,32873,32780,36240,31280,33522,33384,36468,31510,30500,29046,27324,30620,26837,26384,29132
32758,32929,32711,33655,32599,32780,36240,31280,33522,33384,36468,31510,30500,29046,27324,30620,26837,26384,29132
32822,32854,32995,31975,32481,32780,36240,31280,33522,33384,36468,31510,30500,29046,27324,30620,26837,26384,29132
32764,32696,32838,31647,32301,32780,36240,31280,33522,33384,36468,31510,30500,29046,27324,30620,26837,26384,29132
32798,32363,32808,32943,32594,32780,36240,31280,33522,33384,36468,31510,30500,29046,27324,30620,26837,26384,29132
32873,31972,32901,33748,32439,32780,36240,31280,33522,33384,36468,31510,30500,29046,27324,30620,26837,26384,29132
32843,31954,32815,32861,32843,32780,36240,31280,33522,33384,36468,31510,30500,29046,27324,30620,26837,26384,29132
32767,32101,32903,31659,32880,32780,36240,31280,33522,33384,36468,31510,30500,29046,27324,30620,26837,26384,29132
32729,32516,32619,32510,33159,32780,36240,31280,33522,33384,36468,31510,30500,29046,27324,30620,26837,26384,29132
32736,32947,32842,35485,33347,32780,36240,31280,33522,33384,36468,31510,30500,29046,27324,30620,26837,26384,29132
32724,33191,32546,35975,31237,32781,36508,31136,33680,33301,36508,31400,30578,29152,27786,31608,29956,24549,30328
32707,33218,32703,34801,32039,32781,36508,31136,33680,33301,36508,31400,30578,29152,27786,31608,29956,24549,30328
32736,33151,32679,35045,32021,32781,36508,31136,33680,33301,36508,31400,30578,29152,27786,31608,29956,24549,30328
32724,32955,32596,33784,34092,32781,36508,31136,33680,33301,36508,31400,30578,29152,27786,31608,29956,24549,30328
32743,32851,32741,32175,33345,32781,36508,31136,33680,33301,36508,31400,30578,29152,27786,31608,29956,24549,30328
32765,32837,32683,30091,30539,32781,36508,31136,33680,33301,36508,31400,30578,29152,27786,31608,29956,24549,30328
32832,33036,32703,30606,30529,32781,36508,31136,33680,33301,36508,31400,30578,29152,27786,31608,29956,24549,30328
32752,33047,32879,32002,31182,32781,36508,31136,33680,33301,36508,31400,30578,29152,27786,31608,29956,24549,30328
32797,32953,32745,32239,31703,32781,36508,31136,33680,33301,36508,31400,30578,29152,27786,31608,29956,24549,30328
32843,32932,32988,32925,32570,32781,36508,31136,33680,33301,36508,31400,30578,29152,27786,31608,29956,24549,30328
32839,32807,32871,33061,34638,32652,37010,30898,33732,33220,36824,31424,30476,29304,28777,32880,29548,24313,32628
32856,32615,32741,33317,33935,32652,37010,30898,33732,33220,36824,31424,30476,29304,28777,32880,29548,24313,32628
32898,32759,32871,33296,34237,32652,37010,30898,33732,33220,36824,31424,30476,29304,28777,32880,29548,24313,32628
32868,32767,32875,33387,33815,32652,37010,30898,33732,33220,36824,31424,30476,29304,28777,32880,29548,24313,32628
32854,32601,32695,33743,33267,32652,37010,30898,33732,33220,36824,31424,30476,29304,28777,32880,29548,24313,32628
32786,32439,32869,33479,32418,32652,37010,30898,33732,33220,36824,31424,30476,29304,28777,32880,29548,24313,32628
32728,32331,32835,33709,32207,32652,37010,30898,33732,33220,36824,31424,30476,29304,28777,32880,29548,24313,32628
32785,32423,32807,33275,32726,32652,37010,30898,33732,33220,36824,31424,30476,29304,28777,32880,29548,24313,32628
32786,32459,32925,31509,32055,32652,37010,30898,33732,33220,36824,31424,30476,29304,28777,32880,29548,24313,32628
32741,32707,32866,30402,32358,32652,37010,30898,33732,33220,36824,31424,30476,29304,28777,32880,29548,24313,32628
32746,33061,32903,32341,32727,32804,37136,30792,33530,32960,37240,31460,30528,30036,29166,35056,31544,25994,34400
32754,33295,32944,32995,33053,32804,37136,30792,33530,32960,37240,31460,30528,30036,29166,35056,31544,25994,34400
32775,33002,32870,33211,32827,32804,37136,30792,33530,32960,37240,31460,30528,30036,29166,35056,31544,25994,34400
32753,32822,32821,33525,32167,32804,37136,30792,33530,32960,37240,31460,30528,30036,29166,35056,31544,25994,34400
32684,32625,32791,34047,32379,32804,37136,30792,33530,32960,37240,31460,30528,30036,29166,35056,31544,25994,34400
32752,32740,32903,33653,32867,32804,37136,30792,33530,32960,37240,31460,30528,30036,29166,35056,31544,25994,34400
32798,32735,32705,33430,32887,32804,37136,30792,33530,32960,37240,31460,30528,30036,29166,35056,31544,25994,34400
32797,32655,32933,33529,32255,32804,37136,30792,33530,32960,37240,31460,30528,30036,29166,35056,31544,25994,34400
32877,32627,32733,33209,33394,32804,37136,30792,33530,32960,37240,31460,30528,30036,29166,35056,31544,25994,34400
32893,32655,32736,33375,33655,32804,37136,30792,33530,32960,37240,31460,30528,30036,29166,35056,31544,25994,34400
32824,32651,32833,33135,33144,33245,36906,30538,33560,33280,37208,31545,30600,31396,28766,37489,29036,25557,37732
32813,32729,32574,33334,33011,33245,36906,30538,33560,33280,37208,31545,30600,31396,28766,37489,29036,25557,37732
32792,32663,32662,33329,32831,33245,36906,30538,33560,33280,37208,31545,30600,31396,28766,37489,29036,25557,37732
32804,32645,32580,33243,32213,33245,36906,30538,33560,33280,37208,31545,30600,31396,28766,37489,29036,25557,37732
32815,32689,32431,33287,33057,33245,36906,30538,33560,33280,37208,31545,30600,31396,28766,37489,29036,25557,37732
32750,32723,32658,32898,32823,33245,36906,30538,33560,33280,37208,31545,30600,31396,28766,37489,29036,25557,37732
32787,32705,32725,33167,33454,33245,36906,30538,33560,33280,37208,31545,30600,31396,28766,37489,29036,25557,37732
32729,32717,32719,33151,33589,33245,36906,30538,33560,33280,37208,31545,30600,31396,28766,37489,29036,25557,37732
32750,32654,32783,33124,33102,33245,36906,30538,33560,33280,37208,31545,30600,31396,28766,37489,29036,25557,37732
32770,32751,32919,33060,33003,33245,36906,30538,33560,33280,37208,31545,30600,31396,28766,37489,29036,25557,37732
32741,32764,32892,33242,32723,33941,36916,30252,33752,33602,37228,31496,30520,31656,28704,38872,27985,25969,35352
32744,32876,32730,33032,34685,33941,36916,30252,33752,33602,37228,31496,30520,31656,28704,38872,27985,25969,35352
32804,32717,32898,33041,34671,33941,36916,30252,33752,33602,37228,31496,30520,31656,28704,38872,27985,25969,35352
32836,32722,32855,33202,32213,33941,36916,30252,33752,33602,37228,31496,30520,31656,28704,38872,27985,25969,35352
32804,32815,32629,32915,31567,33941,36916,30252,33752,33602,37228,31496,30520,31656,28704,38872,27985,25969,35352
32827,32875,32799,33177,33415,33941,36916,30252,33752,33602,37228,31496,30520,31656,28704,38872,27985,25969,35352
32780,32834,32895,33091,32599,33941,36916,30252,33752,33602,37228,31496,30520,31656,28704,38872,27985,25969,35352
32681,32834,32665,32886,32807,33941,36916,30252,33752,33602,37228,31496,30520,31656,28704,38872,27985,25969,35352
32766,32719,32719,33137,32547,33941,36916,30252,33752,33602,37228,31496,30520,31656,28704,38872,27985,25969,35352
32765,32707,32841,33075,32328,33941,36916,30252,33752,33602,37228,31496,30520,31656,28704,38872,27985,25969,35352
32728,32687,32620,33155,32215,34100,36932,30212,33624,33644,36916,31248,30584,30776,29410,34908,27572,23017,36256
32745,32731,32551,33355,32435,34100,36932,30212,33624,33644,36916,31248,30584,30776,29410,34908,27572,23017,36256
32631,32692,32641,33098,32743,34100,36932,30212,33624,33644,36916,31248,30584,30776,29410,34908,27572,23017,36256
32540,32699,32397,33228,33897,34100,36932,30212,33624,33644,36916,31248,30584,30776,29410,34908,27572,23017,36256
32539,32724,32610,33131,32775,34100,36932,30212,33624,33644,36916,31248,30584,30776,29410,34908,27572,23017,36256
32592,32738,32469,33275,32963,34100,36932,30212,33624,33644,36916,31248,30584,30776,29410,34908,27572,23017,36256
32641,32811,32607,33233,33089,34100,36932,30212,33624,33644,36916,31248,30584,30776,29410,34908,27572,23017,36256
32704,32771,32555,33031,32679,34100,36932,30212,33624,33644,36916,31248,30584,30776,29410,34908,27572,23017,36256
32702,32726,32755,33202,32775,34100,36932,30212,33624,33644,36916,31248,30584,30776,29410,34908,27572,23017,36256
32717,32738,32769,33206,32359,34100,36932,30212,33624,33644,36916,31248,30584,30776,29410,34908,27572,23017,36256
32677,32691,32908,33210,32207,34136,36984,30336,33532,33786,36672,31068,30546,30210,30209,34056,30736,23556,35396
32744,32759,33006,33125,32329,34136,36984,30336,33532,33786,36672,31068,30546,30210,30209,34056,30736,23556,35396
32831,32708,32993,33251,32623,34136,36984,30336,33532,33786,36672,31068,30546,30210,30209,34056,30736,23556,35396
32928,32759,33253,32940,33050,34136,36984,30336,33532,33786,36672,31068,30546,30210,30209,34056,30736,23556,35396
33090,32804,33220,33187,33365,34136,36984,30336,33532,33786,36672,31068,30546,30210,30209,34056,30736,23556,35396
33098,32662,32923,33206,33479,34136,36984,30336,33532,33786,36672,31068,30546,30210,30209,34056,30736,23556,35396
33140,32662,33095,33033,33767,34136,36984,30336,33532,33786,36672,31068,30546,30210,30209,34056,30736,23556,35396
33141,32689,32849,33198,33611,34136,36984,30336,33532,33786,36672,31068,30546,30210,30209,34056,30736,23556,35396
33035,32792,32819,33126,33273,34136,36984,30336,33532,33786,36672,31068,30546,30210,30209,34056,30736,23556,35396
32974,32863,32900,33343,32999,34136,36984,30336,33532,33786,36672,31068,30546,30210,30209,34056,30736,23556,35396
32969,32741,32639,33295,32559,34005,36864,30420,33606,33658,36664,30856,30539,29568,30964,33312,30401,22100,31904
32894,32811,32720,33083,32507,34005,36864,30420,33606,33658,36664,30856,30539,29568,30964,33312,30401,22100,31904
32800,32711,32690,33318,32507,34005,36864,30420,33606,33658,36664,30856,30539,29568,30964,33312,30401,22100,31904
32810,32667,32479,33114,32472,34005,36864,30420,33606,33658,36664,30856,30539,29568,30964,33312,30401,22100,31904
32670,32770,32630,33115,32489,34005,36864,30420,33606,33658,36664,30856,30539,29568,30964,33312,30401,22100,31904
32683,32726,32511,33173,32615,34005,36864,30420,33606,33658,36664,30856,30539,29568,30964,33312,30401,22100,31904
32685,32801,32567,32935,32663,34005,36864,30420,33606,33658,36664,30856,30539,29568,30964,33312,30401,22100,31904
32681,32846,32615,33163,33101,34005,36864,30420,33606,33658,36664,30856,30539,29568,30964,33312,30401,22100,31904
32645,32743,32598,32990,33043,34005,36864,30420,33606,33658,36664,30856,30539,29568,30964,33312,30401,22100,31904
32549,32719,32639,33235,32759,34005,36864,30420,33606,33658,36664,30856,30539,29568,30964,33312,30401,22100,31904
32541,32739,32550,33053,32658,33832,36884,30172,33648,33480,36596,30614,30468,28740,31983,32710,27600,21461,32792
32583,32789,32751,33165,32185,33832,36884,30172,33648,33480,36596,30614,30468,28740,31983,32710,27600,21461,32792
32608,32717,32575,33006,32303,33832,36884,30172,33648,33480,36596,30614,30468,28740,31983,32710,27600,21461,32792
32651,32577,32789,33268,32295,33832,36884,30172,33648,33480,36596,30614,30468,28740,31983,32710,27600,21461,32792
32654,32717,32626,32999,32310,33832,36884,30172,33648,33480,36596,30614,30468,28740,31983,32710,27600,21461,32792
32754,32623,32876,33227,32971,33832,36884,30172,33648,33480,36596,30614,30468,28740,31983,32710,27600,21461,32792
32893,32631,32710,33039,33101,33832,36884,30172,33648,33480,36596,30614,30468,28740,31983,32710,27600,21461,32792
32909,32641,32919,33271,33388,33832,36884,30172,33648,33480,36596,30614,30468,28740,31983,32710,27600,21461,32792
32893,32727,32715,32943,35093,33832,36884,30172,33648,33480,36596,30614,30468,28740,31983,32710,27600,21461,32792
32899,32799,32909,33159,32133,33832,36884,30172,33648,33480,36596,30614,30468,28740,31983,32710,27600,21461,32792
32900,32899,32748,32967,32917,33612,36811,30168,33588,33414,36672,30570,30276,28161,32808,32413,29220,22505,34256
32903,32953,32855,33363,32805,33612,36811,30168,33588,33414,36672,30570,30276,28161,32808,32413,29220,22505,34256
32858,32983,32739,33053,32662,33612,36811,30168,33588,33414,36672,30570,30276,28161,32808,32413,29220,22505,34256
32805,32833,32751,33287,32309,33612,36811,30168,33588,33414,36672,30570,30276,28161,32808,32413,29220,22505,34256
32869,32855,32861,33191,34283,33612,36811,30168,33588,33414,36672,30570,30276,28161,32808,32413,29220,22505,34256
32846,32759,32689,33055,32868,33612,36811,30168,33588,33414,36672,30570,30276,28161,32808,32413,29220,22505,34256
32848,32745,32914,33239,33191,33612,36811,30168,33588,33414,36672,30570,30276,28161,32808,32413,29220,22505,34256
32873,32583,32754,33045,33414,33612,36811,30168,33588,33414,36672,30570,30276,28161,32808,32413,29220,22505,34256
32921,32712,32695,33242,32925,33612,36811,30168,33588,33414,36672,30570,30276,28161,32808,32413,29220,22505,34256
32813,32887,32748,33175,32631,33612,36811,30168,33588,33414,36672,30570,30276,28161,32808,32413,29220,22505,34256
32676,32846,32434,33077,33143,33384,36828,30180,33668,33452,36752,30549,30316,27912,33505,31960,27434,22034,31796
32596,32903,32370,33338,33287,33384,36828,30180,33668,33452,36752,30549,30316,27912,33505,31960,27434,22034,31796
32522,32754,32510,33095,33658,33384,36828,30180,33668,33452,36752,30549,30316,27912,33505,31960,27434,22034,31796
32518,32645,32302,33281,32726,33384,36828,30180,33668,33452,36752,30549,30316,27912,33505,31960,27434,22034,31796
32493,32722,32479,32967,32418,33384,36828,30180,33668,33452,36752,30549,30316,27912,33505,31960,27434,22034,31796
32469,32775,32314,33283,32070,33384,36828,30180,33668,33452,36752,30549,30316,27912,33505,31960,27434,22034,31796
32455,32711,32591,33095,31580,33384,36828,30180,33668,33452,36752,30549,30316,27912,33505,31960,27434,22034,31796
32439,32728,32587,33023,31461,33384,36828,30180,33668,33452,36752,30549,30316,27912,33505,31960,27434,22034,31796
32577,32719,32784,33110,32205,33384,36828,30180,33668,33452,36752,30549,30316,27912,33505,31960,27434,22034,31796
32724,32791,33139,33069,32287,33384,36828,30180,33668,33452,36752,30549,30316,27912,33505,31960,27434,22034,31796
32954,32723,33219,33269,32977,33210,36952,30234,33738,33158,36632,30472,30202,27765,34496,31781,29322,20732,32640
33006,32692,33431,33022,35181,33210,36952,30234,33738,33158,36632,30472,30202,27765,34496,31781,29322,20732,32640
33039,32717,33327,33170,36713,33210,36952,30234,33738,33158,36632,30472,30202,27765,34496,31781,29322,20732,32640
33060,32657,33409,32998,36749,33210,36952,30234,33738,33158,36632,30472,30202,27765,34496,31781,29322,20732,32640
33076,32678,33197,33061,34901,33210,36952,30234,33738,33158,36632,30472,30202,27765,34496,31781,29322,20732,32640
33068,32731,33195,33138,33287,33210,36952,30234,33738,33158,36632,30472,30202,27765,34496,31781,29322,20732,32640
33070,32879,33127,33127,31401,33210,36952,30234,33738,33158,36632,30472,30202,27765,34496,31781,29322,20732,32640
32999,32915,32994,33211,30053,33210,36952,30234,33738,33158,36632,30472,30202,27765,34496,31781,29322,20732,32640
32834,32807,32729,32991,29003,33210,36952,30234,33738,33158,36632,30472,30202,27765,34496,31781,29322,20732,32640
32790,32762,32572,33231,29684,33210,36952,30234,33738,33158,36632,30472,30202,27765,34496,31781,29322,20732,32640
32664,32662,32665,32962,29572,33097,36976,30564,33520,32968,36544,30408,30000,27920,34332,32344,30385,20253,35440
32730,32585,32575,33253,31087,33097,36976,30564,33520,32968,36544,30408,30000,27920,34332,32344,30385,20253,35440
32726,33107,32761,32979,31116,33097,36976,30564,33520,32968,36544,30408,30000,27920,34332,32344,30385,20253,35440
32728,33261,32566,33287,32327,33097,36976,30564,33520,32968,36544,30408,30000,27920,34332,32344,30385,20253,35440
32799,32939,32687,33088,32711,33097,36976,30564,33520,32968,36544,30408,30000,27920,34332,32344,30385,20253,35440
32852,32775,32699,33039,33415,33097,36976,30564,33520,32968,36544,30408,30000,27920,34332,32344,30385,20253,35440
32795,32711,32714,33131,33774,33097,36976,30564,33520,32968,36544,30408,30000,27920,34332,32344,30385,20253,35440
32797,32703,32638,33279,34147,33097,36976,30564,33520,32968,36544,30408,30000,27920,34332,32344,30385,20253,35440
32803,32619,32766,33210,34261,33097,36976,30564,33520,32968,36544,30408,30000,27920,34332,32344,30385,20253,35440
32655,32689,32793,33081,34359,33097,36976,30564,33520,32968,36544,30408,30000,27920,34332,32344,30385,20253,35440
32669,32741,32563,33211,34099,32964,37058,30792,33600,32450,36388,30402,29888,28139,35180,33204,26084,19443,35448
32639,32696,32715,32981,34333,32964,37058,30792,33600,32450,36388,30402,29888,28139,35180,33204,26084,19443,35448
32742,32757,32775,33303,33820,32964,37058,30792,33600,32450,36388,30402,29888,28139,35180,33204,26084,19443,35448
32802,32729,32672,33127,32923,32964,37058,30792,33600,32450,36388,30402,29888,28139,35180,33204,26084,19443,35448
32818,32695,32831,33111,31339,32964,37058,30792,33600,32450,36388,30402,29888,28139,35180,33204,26084,19443,35448
32775,32775,32711,33055,30789,32964,37058,30792,33600,32450,36388,30402,29888,28139,35180,33204,26084,19443,35448
32746,32749,32919,33092,31133,32964,37058,30792,33600,32450,36388,30402,29888,28139,35180,33204,26084,19443,35448
32715,32741,32715,33225,29474,32964,37058,30792,33600,32450,36388,30402,29888,28139,35180,33204,26084,19443,35448
32765,32775,32821,33010,31801,32964,37058,30792,33600,32450,36388,30402,29888,28139,35180,33204,26084,19443,35448
32752,32847,32775,33221,35693,32964,37058,30792,33600,32450,36388,30402,29888,28139,35180,33204,26084,19443,35448
32725,32827,32611,33081,37103,32862,37288,30700,33505,32968,36624,30112,29843,28160,36824,34196,29201,18896,37914
32746,32811,32831,33250,36598,32862,37288,30700,33505,32968,36624,30112,29843,28160,36824,34196,29201,18896,37914
32646,32775,32505,33170,32743,32862,37288,30700,33505,32968,36624,30112,29843,28160,36824,34196,29201,18896,37914
32674,32647,32674,33095,28199,32862,37288,30700,33505,32968,36624,30112,29843,28160,36824,34196,29201,18896,37914
32675,32609,32445,33221,28780,32862,37288,30700,33505,32968,36624,30112,29843,28160,36824,34196,29201,18896,37914
32714,32583,32647,33055,33114,32862,37288,30700,33505,32968,36624,30112,29843,28160,36824,34196,29201,18896,37914
32735,32604,32387,33191,28729,32862,37288,30700,33505,32968,36624,30112,29843,28160,36824,34196,29201,18896,37914
32760,32443,32453,32973,32697,32862,37288,30700,33505,32968,36624,30112,29843,28160,36824,34196,29201,18896,37914
32726,32511,32277,33203,45417,32862,37288,30700,33505,32968,36624,30112,29843,28160,36824,34196,29201,18896,37914
32709,32594,32478,32996,29207,32862,37288,30700,33505,32968,36624,30112,29843,28160,36824,34196,29201,18896,37914
32695,32580,32428,33234,31559,32768,37636,30392,33640,32585,36922,30234,29717,28552,37076,36926,28496,19260,37852
32707,32513,32694,33015,46699,32768,37636,30392,33640,32585,36922,30234,29717,28552,37076,36926,28496,19260,37852
32662,32481,32637,33245,36698,32768,37636,30392,33640,32585,36922,30234,29717,28552,37076,36926,28496,19260,37852
32688,32519,32820,33263,24669,32768,37636,30392,33640,32585,36922,30234,29717,28552,37076,36926,28496,19260,37852
32624,32851,32907,33179,25446,32768,37636,30392,33640,32585,36922,30234,29717,28552,37076,36926,28496,19260,37852
32744,32614,32847,33526,29518,32768,37636,30392,33640,32585,36922,30234,29717,28552,37076,36926,28496,19260,37852
32718,33347,33136,33240,39647,32768,37636,30392,33640,32585,36922,30234,29717,28552,37076,36926,28496,19260,37852
32772,33938,33151,33332,45383,32768,37636,30392,33640,32585,36922,30234,29717,28552,37076,36926,28496,19260,37852
32896,33817,32856,33026,41573,32768,37636,30392,33640,32585,36922,30234,29717,28552,37076,36926,28496,19260,37852
32972,33586,32808,33181,32377,32768,37636,30392,33640,32585,36922,30234,29717,28552,37076,36926,28496,19260,37852
33089,32903,33013,33099,30300,32768,37724,30204,33450,32848,37508,30122,29424,29073,37641,38092,28641,18765,39056
32984,32882,33207,33197,24130,32768,37724,30204,33450,32848,37508,30122,29424,29073,37641,38092,28641,18765,39056
32868,32679,32943,33151,21773,32768,37724,30204,33450,32848,37508,30122,29424,29073,37641,38092,28641,18765,39056
32841,32386,32623,33098,25325,32768,37724,30204,33450,32848,37508,30122,29424,29073,37641,38092,28641,18765,39056
32698,32199,32724,33255,37184,32768,37724,30204,33450,32848,37508,30122,29424,29073,37641,38092,28641,18765,39056
32683,32003,32684,33083,39308,32768,37724,30204,33450,32848,37508,30122,29424,29073,37641,38092,28641,18765,39056
32661,31913,32919,33223,35297,32768,37724,30204,33450,32848,37508,30122,29424,29073,37641,38092,28641,18765,39056
32682,31895,32757,32943,33245,32768,37724,30204,33450,32848,37508,30122,29424,29073,37641,38092,28641,18765,39056
32647,31956,32159,33164,30199,32768,37724,30204,33450,32848,37508,30122,29424,29073,37641,38092,28641,18765,39056
32706,31783,31367,32775,31523,32768,37724,30204,33450,32848,37508,30122,29424,29073,37641,38092,28641,18765,39056
32635,32061,31729,33087,36828,33042,37828,30280,33483,32893,37536,30276,29380,29653,38864,38244,30764,18551,41293
32728,32854,31891,33058,29948,33042,37828,30280,33483,32893,37536,30276,29380,29653,38864,38244,30764,18551,41293
32703,34217,32180,33327,23878,33042,37828,30280,33483,32893,37536,30276,29380,29653,38864,38244,30764,18551,41293
32743,34139,32645,33231,24542,33042,37828,30280,33483,32893,37536,30276,29380,29653,38864,38244,30764,18551,41293
32813,33217,33175,33018,28405,33042,37828,30280,33483,32893,37536,30276,29380,29653,38864,38244,30764,18551,41293
32801,32166,34187,33131,32669,33042,37828,30280,33483,32893,37536,30276,29380,29653,38864,38244,30764,18551,41293
32744,31558,34024,32927,44175,33042,37828,30280,33483,32893,37536,30276,29380,29653,38864,38244,30764,18551,41293
32617,31041,33606,33166,50515,33042,37828,30280,33483,32893,37536,30276,29380,29653,38864,38244,30764,18551,41293
32702,30851,32838,32931,29765,33042,37828,30280,33483,32893,37536,30276,29380,29653,38864,38244,30764,18551,41293
32752,31382,32701,33255,16358,33042,37828,30280,33483,32893,37536,30276,29380,29653,38864,38244,30764,18551,41293
32741,33044,32637,33096,21343,33343,38112,30396,33585,33106,37632,30360,29128,30474,37976,38732,26802,17948,40288
32610,33957,32341,33007,35951,33343,38112,30396,33585,33106,37632,30360,29128,30474,37976,38732,26802,17948,40288
32724,34103,32471,33249,56250,33343,38112,30396,33585,33106,37632,30360,29128,30474,37976,38732,26802,17948,40288
32706,34183,32626,33054,46279,33343,38112,30396,33585,33106,37632,30360,29128,30474,37976,38732,26802,17948,40288
32694,34247,32900,33276,27007,33343,38112,30396,33585,33106,37632,30360,29128,30474,37976,38732,26802,17948,40288
32782,35126,32687,33122,17762,33343,38112,30396,33585,33106,37632,30360,29128,30474,37976,38732,26802,17948,40288
32736,35450,33143,33262,21071,33343,38112,30396,33585,33106,37632,30360,29128,30474,37976,38732,26802,17948,40288
32681,35943,33286,33333,37943,33343,38112,30396,33585,33106,37632,30360,29128,30474,37976,38732,26802,17948,40288
32676,35413,33436,33046,61478,33343,38112,30396,33585,33106,37632,30360,29128,30474,37976,38732,26802,17948,40288
32714,34855,33063,33229,58471,33343,38112,30396,33585,33106,37632,30360,29128,30474,37976,38732,26802,17948,40288
32740,31842,33332,33445,33582,33624,38680,30498,33460,33344,38032,30371,28952,30876,39730,38324,27076,16776,40488
32737,29710,32816,33281,15642,33624,38680,30498,33460,33344,38032,30371,28952,30876,39730,38324,27076,16776,40488
32740,30164,32935,33324,11300,33624,38680,30498,33460,33344,38032,30371,28952,30876,39730,38324,27076,16776,40488
32682,31307,32609,32970,18274,33624,38680,30498,33460,33344,38032,30371,28952,30876,39730,38324,27076,16776,40488
32711,32666,31461,33187,34297,33624,38680,30498,33460,33344,38032,30371,28952,30876,39730,38324,27076,16776,40488
32735,32187,32065,32962,35975,33624,38680,30498,33460,33344,38032,30371,28952,30876,39730,38324,27076,16776,40488
32738,32063,33017,33206,36514,33624,38680,30498,33460,33344,38032,30371,28952,30876,39730,38324,27076,16776,40488
32733,31914,33119,33083,27045,33624,38680,30498,33460,33344,38032,30371,28952,30876,39730,38324,27076,16776,40488
32735,31935,32839,33039,22525,33624,38680,30498,33460,33344,38032,30371,28952,30876,39730,38324,27076,16776,40488
32750,32707,31706,33059,36867,33624,38680,30498,33460,33344,38032,30371,28952,30876,39730,38324,27076,16776,40488
32782,33294,31711,32711,44381,33728,39344,30760,33530,33166,38532,30648,28640,30752,41084,39340,26712,15700,40228
32690,33190,32853,33165,43524,33728,39344,30760,33530,33166,38532,30648,28640,30752,41084,39340,26712,15700,40228
32690,32730,33023,33070,38001,33728,39344,30760,33530,33166,38532,30648,28640,30752,41084,39340,26712,15700,40228
32684,32214,33145,32952,25811,33728,39344,30760,33530,33166,38532,30648,28640,30752,41084,39340,26712,15700,40228
32686,32167,32989,33142,16272,33728,39344,30760,33530,33166,38532,30648,28640,30752,41084,39340,26712,15700,40228
32702,32080,32839,32978,30380,33728,39344,30760,33530,33166,38532,30648,28640,30752,41084,39340,26712,15700,40228
32708,32165,33039,32753,47455,33728,39344,30760,33530,33166,38532,30648,28640,30752,41084,39340,26712,15700,40228
32741,32979,32875,33102,43584,33728,39344,30760,33530,33166,38532,30648,28640,30752,41084,39340,26712,15700,40228
32765,33855,33069,32929,35357,33728,39344,30760,33530,33166,38532,30648,28640,30752,41084,39340,26712,15700,40228
32738,33319,33168,32787,32471,33728,39344,30760,33530,33166,38532,30648,28640,30752,41084,39340,26712,15700,40228
32830,32863,33015,32950,21830,33650,39668,31190,33427,32644,39236,31112,28348,29796,46801,37988,29700,15055,44280
32786,33124,33219,32947,22063,33650,39668,31190,33427,32644,39236,31112,28348,29796,46801,37988,29700,15055,44280
32794,33485,33163,32999,33813,33650,39668,31190,33427,32644,39236,31112,28348,29796,46801,37988,29700,15055,44280
32846,32869,32985,32893,46747,33650,39668,31190,33427,32644,39236,31112,28348,29796,46801,37988,29700,15055,44280
32868,32639,33301,33183,42189,33650,39668,31190,33427,32644,39236,31112,28348,29796,46801,37988,29700,15055,44280
32866,32443,33470,33171,32398,33650,39668,31190,33427,32644,39236,31112,28348,29796,46801,37988,29700,15055,44280
32916,32386,33149,33058,29969,33650,39668,31190,33427,32644,39236,31112,28348,29796,46801,37988,29700,15055,44280
32851,32472,32853,33166,31013,33650,39668,31190,33427,32644,39236,31112,28348,29796,46801,37988,29700,15055,44280
32871,32247,32773,33193,29281,33650,39668,31190,33427,32644,39236,31112,28348,29796,46801,37988,29700,15055,44280
32720,32103,32510,33073,27587,33650,39668,31190,33427,32644,39236,31112,28348,29796,46801,37988,29700,15055,44280
32768,32167,31921,33277,30348,33660,40148,31936,33556,31932,39756,30906,27944,27264,49112,34935,31912,16097,46080
32711,32299,31646,33191,36335,33660,40148,31936,33556,31932,39756,30906,27944,27264,49112,34935,31912,16097,46080
32717,32281,31527,32795,39058,33660,40148,31936,33556,31932,39756,30906,27944,27264,49112,34935,31912,16097,46080
32684,31439,32092,33279,35834,33660,40148,31936,33556,31932,39756,30906,27944,27264,49112,34935,31912,16097,46080
32665,31647,33772,33262,32833,33660,40148,31936,33556,31932,39756,30906,27944,27264,49112,34935,31912,16097,46080
32768,32535,33900,33311,29646,33660,40148,31936,33556,31932,39756,30906,27944,27264,49112,34935,31912,16097,46080
32769,33217,32143,33407,30077,33660,40148,31936,33556,31932,39756,30906,27944,27264,49112,34935,31912,16097,46080
32710,33583,31739,33233,29491,33660,40148,31936,33556,31932,39756,30906,27944,27264,49112,34935,31912,16097,46080
32651,33120,32551,33172,31521,33660,40148,31936,33556,31932,39756,30906,27944,27264,49112,34935,31912,16097,46080
32714,32651,33126,33357,28518,33660,40148,31936,33556,31932,39756,30906,27944,27264,49112,34935,31912,16097,46080
32736,32118,33318,33255,34326,32869,39976,32224,33306,32148,39880,30432,27562,25710,52581,34642,30732,15892,45544
32722,31749,33479,32974,32367,32869,39976,32224,33306,32148,39880,30432,27562,25710,52581,34642,30732,15892,45544
32763,31607,33793,33244,36029,32869,39976,32224,33306,32148,39880,30432,27562,25710,52581,34642,30732,15892,45544
32706,31343,33833,33202,36771,32869,39976,32224,33306,32148,39880,30432,27562,25710,52581,34642,30732,15892,45544
32630,31569,33599,33143,33630,32869,39976,32224,33306,32148,39880,30432,27562,25710,52581,34642,30732,15892,45544
32500,31794,33741,33055,34844,32869,39976,32224,33306,32148,39880,30432,27562,25710,52581,34642,30732,15892,45544
32487,32243,33737,33369,34081,32869,39976,32224,33306,32148,39880,30432,27562,25710,52581,34642,30732,15892,45544
32452,33753,33359,33359,31646,32869,39976,32224,33306,32148,39880,30432,27562,25710,52581,34642,30732,15892,45544
32622,35776,33177,33117,32837,32869,39976,32224,33306,32148,39880,30432,27562,25710,52581,34642,30732,15892,45544
32636,36783,32841,33191,31775,32869,39976,32224,33306,32148,39880,30432,27562,25710,52581,34642,30732,15892,45544
32676,36445,32981,33493,28110,32340,39744,32100,33340,32572,39444,29733,27168,25196,53420,33793,28802,16110,46980
32857,35220,33687,33315,34174,32340,39744,32100,33340,32572,39444,29733,27168,25196,53420,33793,28802,16110,46980
32956,33547,33404,33260,29985,32340,39744,32100,33340,32572,39444,29733,27168,25196,53420,33793,28802,16110,46980
32859,33292,33323,33423,34034,32340,39744,32100,33340,32572,39444,29733,27168,25196,53420,33793,28802,16110,46980
32838,32437,32821,33281,33325,32340,39744,32100,33340,32572,39444,29733,27168,25196,53420,33793,28802,16110,46980
32836,31783,33059,33067,33489,32340,39744,32100,33340,32572,39444,29733,27168,25196,53420,33793,28802,16110,46980
32742,31507,32749,33115,35255,32340,39744,32100,33340,32572,39444,29733,27168,25196,53420,33793,28802,16110,46980
32599,31549,32761,33343,33777,32340,39744,32100,33340,32572,39444,29733,27168,25196,53420,33793,28802,16110,46980
32467,32026,32434,32950,33590,32340,39744,32100,33340,32572,39444,29733,27168,25196,53420,33793,28802,16110,46980
32500,32181,32499,33159,33895,32340,39744,32100,33340,32572,39444,29733,27168,25196,53420,33793,28802,16110,46980
32586,32405,32482,32970,31870,31833,39636,31544,33156,32796,39188,29270,26728,25879,56492,32585,30021,17355,42172
32543,32548,32895,33031,32943,31833,39636,31544,33156,32796,39188,29270,26728,25879,56492,32585,30021,17355,42172
32550,32421,32763,33207,33006,31833,39636,31544,33156,32796,39188,29270,26728,25879,56492,32585,30021,17355,42172
32549,32971,32933,32951,31795,31833,39636,31544,33156,32796,39188,29270,26728,25879,56492,32585,30021,17355,42172
32589,34067,32699,33175,31041,31833,39636,31544,33156,32796,39188,29270,26728,25879,56492,32585,30021,17355,42172
32575,34017,32731,33052,31609,31833,39636,31544,33156,32796,39188,29270,26728,25879,56492,32585,30021,17355,42172
32585,32515,32886,32878,31111,31833,39636,31544,33156,32796,39188,29270,26728,25879,56492,32585,30021,17355,42172
32537,32394,32899,33111,31364,31833,39636,31544,33156,32796,39188,29270,26728,25879,56492,32585,30021,17355,42172
32647,32425,32770,32951,31583,31833,39636,31544,33156,32796,39188,29270,26728,25879,56492,32585,30021,17355,42172
32668,31881,32805,33141,31470,31833,39636,31544,33156,32796,39188,29270,26728,25879,56492,32585,30021,17355,42172
32724,30999,31907,33038,32031,31704,39122,31256,33016,33308,38848,28552,26284,28828,51884,35080,27556,18644,38373
32786,30495,32380,33151,31130,31704,39122,31256,33016,33308,38848,28552,26284,28828,51884,35080,27556,18644,38373
32816,30886,33085,33375,31715,31704,39122,31256,33016,33308,38848,28552,26284,28828,51884,35080,27556,18644,38373
32863,32090,32563,33303,31670,31704,39122,31256,33016,33308,38848,28552,26284,28828,51884,35080,27556,18644,38373
32799,33255,32688,33467,31847,31704,39122,31256,33016,33308,38848,28552,26284,28828,51884,35080,27556,18644,38373
32764,33678,32799,33087,32343,31704,39122,31256,33016,33308,38848,28552,26284,28828,51884,35080,27556,18644,38373
32774,33637,32812,33175,33767,31704,39122,31256,33016,33308,38848,28552,26284,28828,51884,35080,27556,18644,38373
32804,33242,32733,32971,35154,31704,39122,31256,33016,33308,38848,28552,26284,28828,51884,35080,27556,18644,38373
32801,33331,32659,33232,35828,31704,39122,31256,33016,33308,38848,28552,26284,28828,51884,35080,27556,18644,38373
32834,33959,33350,33178,34757,31704,39122,31256,33016,33308,38848,28552,26284,28828,51884,35080,27556,18644,38373
32866,34482,33231,33302,34479,32100,38632,30616,33024,33512,37722,27965,25770,32021,51425,37891,26421,18650,39647
32931,33511,33183,33091,34658,32100,38632,30616,33024,33512,37722,27965,25770,32021,51425,37891,26421,18650,39647
32903,33004,32643,32847,31958,32100,38632,30616,33024,33512,37722,27965,25770,32021,51425,37891,26421,18650,39647
32829,32639,33558,33055,32599,32100,38632,30616,33024,33512,37722,27965,25770,32021,51425,37891,26421,18650,39647
32750,32399,33287,32851,33154,32100,38632,30616,33024,33512,37722,27965,25770,32021,51425,37891,26421,18650,39647
32685,32191,32583,33231,32733,32100,38632,30616,33024,33512,37722,27965,25770,32021,51425,37891,26421,18650,39647
32742,32354,32359,32898,33111,32100,38632,30616,33024,33512,37722,27965,25770,32021,51425,37891,26421,18650,39647
32780,32295,32227,33068,33363,32100,38632,30616,33024,33512,37722,27965,25770,32021,51425,37891,26421,18650,39647
32792,32507,32545,32927,33247,32100,38632,30616,33024,33512,37722,27965,25770,32021,51425,37891,26421,18650,39647
32747,32132,32775,33143,33455,32100,38632,30616,33024,33512,37722,27965,25770,32021,51425,37891,26421,18650,39647
32729,31780,32487,33062,33167,32376,38188,29696,32848,34248,36668,27717,25288,35540,49520,40010,25434,21054,33978
32660,31087,31951,33082,33093,32376,38188,29696,32848,34248,36668,27717,25288,35540,49520,40010,25434,21054,33978
32671,30517,31476,32971,32399,32376,38188,29696,32848,34248,36668,27717,25288,35540,49520,40010,25434,21054,33978
32624,31209,32470,32826,31487,32376,38188,29696,32848,34248,36668,27717,25288,35540,49520,40010,25434,21054,33978
32596,32911,32602,33159,31696,32376,38188,29696,32848,34248,36668,27717,25288,35540,49520,40010,25434,21054,33978
32636,34279,33075,33015,31396,32376,38188,29696,32848,34248,36668,27717,25288,35540,49520,40010,25434,21054,33978
32688,34709,32518,33061,31867,32376,38188,29696,32848,34248,36668,27717,25288,35540,49520,40010,25434,21054,33978
32647,34519,32327,33214,31721,32376,38188,29696,32848,34248,36668,27717,25288,35540,49520,40010,25434,21054,33978
32741,34057,32444,32997,31862,32376,38188,29696,32848,34248,36668,27717,25288,35540,49520,40010,25434,21054,33978
32734,33493,32707,33279,32074,32376,38188,29696,32848,34248,36668,27717,25288,35540,49520,40010,25434,21054,33978
32726,33126,32970,33214,32767,32832,38024,28736,32622,35616,36894,27312,24792,37320,49664,41452,25353,24935,27536
32737,32826,32783,33366,32751,32832,38024,28736,32622,35616,36894,27312,24792,37320,49664,41452,25353,24935,27536
32710,33426,32794,33051,32619,32832,38024,28736,32622,35616,36894,27312,24792,37320,49664,41452,25353,24935,27536
32663,33399,32473,33279,32529,32832,38024,28736,32622,35616,36894,27312,24792,37320,49664,41452,25353,24935,27536
32560,33051,31961,32914,32978,32832,38024,28736,32622,35616,36894,27312,24792,37320,49664,41452,25353,24935,27536
32548,33315,31455,32671,33604,32832,38024,28736,32622,35616,36894,27312,24792,37320,49664,41452,25353,24935,27536
32516,34031,32130,33122,33287,32832,38024,28736,32622,35616,36894,27312,24792,37320,49664,41452,25353,24935,27536
32598,33322,32631,32936,32939,32832,38024,28736,32622,35616,36894,27312,24792,37320,49664,41452,25353,24935,27536
32775,32495,33105,33122,33124,32832,38024,28736,32622,35616,36894,27312,24792,37320,49664,41452,25353,24935,27536
33138,32630,34434,33043,32892,32832,38024,28736,32622,35616,36894,27312,24792,37320,49664,41452,25353,24935,27536
33527,33090,35011,33223,32871,33164,37378,27853,32461,35104,36480,26796,24264,38397,44564,36983,28096,29565,20756
33520,32783,34458,33197,32726,33164,37378,27853,32461,35104,36480,26796,24264,38397,44564,36983,28096,29565,20756
33272,32133,33284,33351,32685,33164,37378,27853,32461,35104,36480,26796,24264,38397,44564,36983,28096,29565,20756
33003,32131,32725,33115,32831,33164,37378,27853,32461,35104,36480,26796,24264,38397,44564,36983,28096,29565,20756
32968,31765,31015,32805,32825,33164,37378,27853,32461,35104,36480,26796,24264,38397,44564,36983,28096,29565,20756
32857,31780,31845,33247,32917,33164,37378,27853,32461,35104,36480,26796,24264,38397,44564,36983,28096,29565,20756
32828,32154,33455,33067,32941,33164,37378,27853,32461,35104,36480,26796,24264,38397,44564,36983,28096,29565,20756
32741,32172,33698,33287,32747,33164,37378,27853,32461,35104,36480,26796,24264,38397,44564,36983,28096,29565,20756
32643,32347,32914,33172,32176,33164,37378,27853,32461,35104,36480,26796,24264,38397,44564,36983,28096,29565,20756
32675,33023,32663,33014,32571,33164,37378,27853,32461,35104,36480,26796,24264,38397,44564,36983,28096,29565,20756
32738,32719,32193,33123,32193,33760,36564,27054,32348,33772,34554,26804,23780,36959,43328,30792,28129,29523,24997
32674,32106,32481,32995,32551,33760,36564,27054,32348,33772,34554,26804,23780,36959,43328,30792,28129,29523,24997
32536,32507,32182,33153,33033,33760,36564,27054,32348,33772,34554,26804,23780,36959,43328,30792,28129,29523,24997
32571,33088,32431,32901,33053,33760,36564,27054,32348,33772,34554,26804,23780,36959,43328,30792,28129,29523,24997
32588,33769,32617,33039,33191,33760,36564,27054,32348,33772,34554,26804,23780,36959,43328,30792,28129,29523,24997
32644,33676,32770,32971,32894,33760,36564,27054,32348,33772,34554,26804,23780,36959,43328,30792,28129,29523,24997
32658,32931,32793,33148,32983,33760,36564,27054,32348,33772,34554,26804,23780,36959,43328,30792,28129,29523,24997
32665,32006,33027,33229,33007,33760,36564,27054,32348,33772,34554,26804,23780,36959,43328,30792,28129,29523,24997
32728,31588,32794,33085,32754,33760,36564,27054,32348,33772,34554,26804,23780,36959,43328,30792,28129,29523,24997
32739,31423,33313,33287,32761,33760,36564,27054,32348,33772,34554,26804,23780,36959,43328,30792,28129,29523,24997
32674,31917,33073,33199,32891,33876,36054,26209,32344,33260,31496,26882,23401,33880,44728,21130,26017,27164,20821
32802,32515,33018,33159,32724,33876,36054,26209,32344,33260,31496,26882,23401,33880,44728,21130,26017,27164,20821
32766,32911,32685,33339,33222,33876,36054,26209,32344,33260,31496,26882,23401,33880,44728,21130,26017,27164,20821
32700,33103,32479,33053,32525,33876,36054,26209,32344,33260,31496,26882,23401,33880,44728,21130,26017,27164,20821
32815,33649,33270,33031,32475,33876,36054,26209,32344,33260,31496,26882,23401,33880,44728,21130,26017,27164,20821
32893,34292,32012,33278,33135,33876,36054,26209,32344,33260,31496,26882,23401,33880,44728,21130,26017,27164,20821
32944,33809,30567,32807,32870,33876,36054,26209,32344,33260,31496,26882,23401,33880,44728,21130,26017,27164,20821
32916,33425,31703,33353,32770,33876,36054,26209,32344,33260,31496,26882,23401,33880,44728,21130,26017,27164,20821
32983,34149,31936,33190,32639,33876,36054,26209,32344,33260,31496,26882,23401,33880,44728,21130,26017,27164,20821
32830,33763,32021,32969,32542,33876,36054,26209,32344,33260,31496,26882,23401,33880,44728,21130,26017,27164,20821
32667,33187,32201,33077,30740,34472,35560,26114,32221,33702,31320,26773,23024,30592,43840,11937,26005,26592,16244
32655,32503,32495,32765,32211,34472,35560,26114,32221,33702,31320,26773,23024,30592,43840,11937,26005,26592,16244
32818,31069,32903,33143,32790,34472,35560,26114,32221,33702,31320,26773,23024,30592,43840,11937,26005,26592,16244
32949,30461,33165,33242,33085,34472,35560,26114,32221,33702,31320,26773,23024,30592,43840,11937,26005,26592,16244
33083,31846,34621,33071,32724,34472,35560,26114,32221,33702,31320,26773,23024,30592,43840,11937,26005,26592,16244
33086,33549,35162,33235,33093,34472,35560,26114,32221,33702,31320,26773,23024,30592,43840,11937,26005,26592,16244
32925,34135,33975,33301,33033,34472,35560,26114,32221,33702,31320,26773,23024,30592,43840,11937,26005,26592,16244
32789,33490,32798,33049,33268,34472,35560,26114,32221,33702,31320,26773,23024,30592,43840,11937,26005,26592,16244
32617,32824,32105,33257,32869,34472,35560,26114,32221,33702,31320,26773,23024,30592,43840,11937,26005,26592,16244
32536,32487,32110,32993,32827,34472,35560,26114,32221,33702,31320,26773,23024,30592,43840,11937,26005,26592,16244
32351,33232,31078,32537,32549,34292,35792,26313,32224,32440,31212,26409,22729,27284,44144,9620,29064,29920,22124
32443,33487,30439,32869,32367,34292,35792,26313,32224,32440,31212,26409,22729,27284,44144,9620,29064,29920,22124
32832,32787,31575,32737,32565,34292,35792,26313,32224,32440,31212,26409,22729,27284,44144,9620,29064,29920,22124
33077,32615,33417,33422,32159,34292,35792,26313,32224,32440,31212,26409,22729,27284,44144,9620,29064,29920,22124
33386,32694,35655,33119,32159,34292,35792,26313,32224,32440,31212,26409,22729,27284,44144,9620,29064,29920,22124
33287,32529,35570,33346,32386,34292,35792,26313,32224,32440,31212,26409,22729,27284,44144,9620,29064,29920,22124
33134,32067,33767,33434,32436,34292,35792,26313,32224,32440,31212,26409,22729,27284,44144,9620,29064,29920,22124
32965,31501,33659,33230,32239,34292,35792,26313,32224,32440,31212,26409,22729,27284,44144,9620,29064,29920,22124
32877,32191,34095,33245,32715,34292,35792,26313,32224,32440,31212,26409,22729,27284,44144,9620,29064,29920,22124
32688,32477,32950,33218,32809,34292,35792,26313,32224,32440,31212,26409,22729,27284,44144,9620,29064,29920,22124
32738,32403,32539,33163,33323,33720,35736,26632,32376,30768,31780,26304,22472,24482,45664,8084,25887,34788,18153
32754,32351,32606,33069,33038,33720,35736,26632,32376,30768,31780,26304,22472,24482,45664,8084,25887,34788,18153
32827,32450,32634,33349,33167,33720,35736,26632,32376,30768,31780,26304,22472,24482,45664,8084,25887,34788,18153
32808,32571,32807,33132,33795,33720,35736,26632,32376,30768,31780,26304,22472,24482,45664,8084,25887,34788,18153
32698,32615,32429,33190,32059,33720,35736,26632,32376,30768,31780,26304,22472,24482,45664,8084,25887,34788,18153
32684,32442,32077,32821,33135,33720,35736,26632,32376,30768,31780,26304,22472,24482,45664,8084,25887,34788,18153
32660,32407,32119,33220,32731,33720,35736,26632,32376,30768,31780,26304,22472,24482,45664,8084,25887,34788,18153
32678,32421,32006,33111,32325,33720,35736,26632,32376,30768,31780,26304,22472,24482,45664,8084,25887,34788,18153
32634,32548,32299,32941,32661,33720,35736,26632,32376,30768,31780,26304,22472,24482,45664,8084,25887,34788,18153
32594,32735,32197,33122,32609,33720,35736,26632,32376,30768,31780,26304,22472,24482,45664,8084,25887,34788,18153
32681,32923,32411,32911,32698,33528,36796,27692,32510,32092,32122,27016,22196,23956,41152,10985,28963,42036,25092
32672,32813,32253,33213,32806,33528,36796,27692,32510,32092,32122,27016,22196,23956,41152,10985,28963,42036,25092
32802,32613,32541,32988,32957,33528,36796,27692,32510,32092,32122,27016,22196,23956,41152,10985,28963,42036,25092
32765,32683,32307,33171,33277,33528,36796,27692,32510,32092,32122,27016,22196,23956,41152,10985,28963,42036,25092
32718,33323,32135,33127,32973,33528,36796,27692,32510,32092,32122,27016,22196,23956,41152,10985,28963,42036,25092
32648,33229,31718,32758,33112,33528,36796,27692,32510,32092,32122,27016,22196,23956,41152,10985,28963,42036,25092
32647,33071,31719,33129,33394,33528,36796,27692,32510,32092,32122,27016,22196,23956,41152,10985,28963,42036,25092
32750,32767,31610,33071,32355,33528,36796,27692,32510,32092,32122,27016,22196,23956,41152,10985,28963,42036,25092
32784,32157,32194,32849,33178,33528,36796,27692,32510,32092,32122,27016,22196,23956,41152,10985,28963,42036,25092
32931,31935,32999,33304,33311,33528,36796,27692,32510,32092,32122,27016,22196,23956,41152,10985,28963,42036,25092
33060,33159,33922,33394,32867,32253,36670,28260,32324,31048,33224,29136,22053,25402,42552,14124,29706,43164,22460
32994,34629,33108,33358,32569,32253,36670,28260,32324,31048,33224,29136,22053,25402,42552,14124,29706,43164,22460
32815,33422,33005,33513,32694,32253,36670,28260,32324,31048,33224,29136,22053,25402,42552,14124,29706,43164,22460
32701,31999,32629,33127,32495,32253,36670,28260,32324,31048,33224,29136,22053,25402,42552,14124,29706,43164,22460
32686,31699,32421,33303,32524,32253,36670,28260,32324,31048,33224,29136,22053,25402,42552,14124,29706,43164,22460
32665,32566,32176,33183,32526,32253,36670,28260,32324,31048,33224,29136,22053,25402,42552,14124,29706,43164,22460
32603,33463,32207,32822,32509,32253,36670,28260,32324,31048,33224,29136,22053,25402,42552,14124,29706,43164,22460
32504,33375,31727,33135,32527,32253,36670,28260,32324,31048,33224,29136,22053,25402,42552,14124,29706,43164,22460
32472,32729,31415,32851,33069,32253,36670,28260,32324,31048,33224,29136,22053,25402,42552,14124,29706,43164,22460
32512,32293,31601,32743,32887,32253,36670,28260,32324,31048,33224,29136,22053,25402,42552,14124,29706,43164,22460
32822,31807,31891,33199,32233,31672,36576,28530,32492,32484,32738,28705,21936,25400,38240,18860,27088,46894,23382
33158,31773,32967,33117,33020,31672,36576,28530,32492,32484,32738,28705,21936,25400,38240,18860,27088,46894,23382
33238,33210,33879,33449,32947,31672,36576,28530,32492,32484,32738,28705,21936,25400,38240,18860,27088,46894,23382
33251,34559,34037,33379,32790,31672,36576,28530,32492,32484,32738,28705,21936,25400,38240,18860,27088,46894,23382
33235,35698,33942,33182,32879,31672,36576,28530,32492,32484,32738,28705,21936,25400,38240,18860,27088,46894,23382
33090,35703,32799,33231,33411,31672,36576,28530,32492,32484,32738,28705,21936,25400,38240,18860,27088,46894,23382
32964,33935,32150,33141,32915,31672,36576,28530,32492,32484,32738,28705,21936,25400,38240,18860,27088,46894,23382
32902,31959,33345,33067,33099,31672,36576,28530,32492,32484,32738,28705,21936,25400,38240,18860,27088,46894,23382
32764,31158,33316,33247,32619,31672,36576,28530,32492,32484,32738,28705,21936,25400,38240,18860,27088,46894,23382
32706,31566,33645,33147,32135,31672,36576,28530,32492,32484,32738,28705,21936,25400,38240,18860,27088,46894,23382
32677,32587,33319,33063,32660,30892,36036,28784,32481,32148,32014,29006,21829,27120,38904,20228,28664,51304,20341
32709,32511,32684,33159,32399,30892,36036,28784,32481,32148,32014,29006,21829,27120,38904,20228,28664,51304,20341
32670,32195,32645,33075,32927,30892,36036,28784,32481,32148,32014,29006,21829,27120,38904,20228,28664,51304,20341
32632,32128,32234,33244,32654,30892,36036,28784,32481,32148,32014,29006,21829,27120,38904,20228,28664,51304,20341
32504,32032,31961,33052,35637,30892,36036,28784,32481,32148,32014,29006,21829,27120,38904,20228,28664,51304,20341
32490,32066,31376,32623,31679,30892,36036,28784,32481,32148,32014,29006,21829,27120,38904,20228,28664,51304,20341
32481,32015,30999,32851,33753,30892,36036,28784,32481,32148,32014,29006,21829,27120,38904,20228,28664,51304,20341
32382,31737,30859,32559,33263,30892,36036,28784,32481,32148,32014,29006,21829,27120,38904,20228,28664,51304,20341
32439,30996,31643,33035,32626,30892,36036,28784,32481,32148,32014,29006,21829,27120,38904,20228,28664,51304,20341
32704,30449,33003,33010,33223,30892,36036,28784,32481,32148,32014,29006,21829,27120,38904,20228,28664,51304,20341
32802,31165,33967,33312,32987,31062,36076,28808,32257,32292,32460,28886,21724,29520,36552,24340,31897,50564,21525
32620,32645,33239,33257,32740,31062,36076,28808,32257,32292,32460,28886,21724,29520,36552,24340,31897,50564,21525
32675,34055,32665,33274,32846,31062,36076,28808,32257,32292,32460,28886,21724,29520,36552,24340,31897,50564,21525
32720,34959,32862,33335,32583,31062,36076,28808,32257,32292,32460,28886,21724,29520,36552,24340,31897,50564,21525
33022,35551,34151,33195,32560,31062,36076,28808,32257,32292,32460,28886,21724,29520,36552,24340,31897,50564,21525
33246,34047,33946,33265,32446,31062,36076,28808,32257,32292,32460,28886,21724,29520,36552,24340,31897,50564,21525
33208,32922,34196,33351,31991,31062,36076,28808,32257,32292,32460,28886,21724,29520,36552,24340,31897,50564,21525
33029,33807,33440,33405,32244,31062,36076,28808,32257,32292,32460,28886,21724,29520,36552,24340,31897,50564,21525
32775,34254,33585,33210,32475,31062,36076,28808,32257,32292,32460,28886,21724,29520,36552,24340,31897,50564,21525
32656,33383,32047,33207,32673,31062,36076,28808,32257,32292,32460,28886,21724,29520,36552,24340,31897,50564,21525
32606,32425,32583,32851,32479,30781,35634,29128,32264,31888,31840,29061,21672,31328,34190,26100,28388,53264,19116
32644,32829,32671,33109,32603,30781,35634,29128,32264,31888,31840,29061,21672,31328,34190,26100,28388,53264,19116
32778,33311,32987,32879,32775,30781,35634,29128,32264,31888,31840,29061,21672,31328,34190,26100,28388,53264,19116
32829,33117,33327,33053,32684,30781,35634,29128,32264,31888,31840,29061,21672,31328,34190,26100,28388,53264,19116
32794,32263,32950,32983,32701,30781,35634,29128,32264,31888,31840,29061,21672,31328,34190,26100,28388,53264,19116
32846,32231,32935,33178,32587,30781,35634,29128,32264,31888,31840,29061,21672,31328,34190,26100,28388,53264,19116
32805,32391,32629,32935,32487,30781,35634,29128,32264,31888,31840,29061,21672,31328,34190,26100,28388,53264,19116
32795,32367,32701,33143,32470,30781,35634,29128,32264,31888,31840,29061,21672,31328,34190,26100,28388,53264,19116
32765,32258,32403,33003,32653,30781,35634,29128,32264,31888,31840,29061,21672,31328,34190,26100,28388,53264,19116
32723,32159,32454,33063,32855,30781,35634,29128,32264,31888,31840,29061,21672,31328,34190,26100,28388,53264,19116
32621,32023,32421,33117,32903,30916,35544,29168,32252,31680,32384,28920,21724,32364,32410,25644,28287,52384,19281
32549,32007,32050,32914,33492,30916,35544,29168,32252,31680,32384,28920,21724,32364,32410,25644,28287,52384,19281
32530,32055,32139,32919,33427,30916,35544,29168,32252,31680,32384,28920,21724,32364,32410,25644,28287,52384,19281
32474,32055,32080,33141,33415,30916,35544,29168,32252,31680,32384,28920,21724,32364,32410,25644,28287,52384,19281
32485,31967,32039,33111,33435,30916,35544,29168,32252,31680,32384,28920,21724,32364,32410,25644,28287,52384,19281
32711,31903,32076,32958,33335,30916,35544,29168,32252,31680,32384,28920,21724,32364,32410,25644,28287,52384,19281
32884,32130,32775,33334,33305,30916,35544,29168,32252,31680,32384,28920,21724,32364,32410,25644,28287,52384,19281
32966,32655,33820,33144,32599,30916,35544,29168,32252,31680,32384,28920,21724,32364,32410,25644,28287,52384,19281
32927,33774,34285,33406,32063,30916,35544,29168,32252,31680,32384,28920,21724,32364,32410,25644,28287,52384,19281
32836,34069,33693,33163,32350,30916,35544,29168,32252,31680,32384,28920,21724,32364,32410,25644,28287,52384,19281
32812,34012,31788,33248,32207,31852,35450,28870,32436,31456,32165,28788,21729,31921,31576,23642,29372,52617,19109
32687,34027,31531,32803,31655,31852,35450,28870,32436,31456,32165,28788,21729,31921,31576,23642,29372,52617,19109
32694,33382,32770,33381,31683,31852,35450,28870,32436,31456,32165,28788,21729,31921,31576,23642,29372,52617,19109
32650,32827,32851,33029,32095,31852,35450,28870,32436,31456,32165,28788,21729,31921,31576,23642,29372,52617,19109
32580,32495,32775,33219,32495,31852,35450,28870,32436,31456,32165,28788,21729,31921,31576,23642,29372,52617,19109
32613,32427,32852,33105,33113,31852,35450,28870,32436,31456,32165,28788,21729,31921,31576,23642,29372,52617,19109
32752,32241,32762,33361,33199,31852,35450,28870,32436,31456,32165,28788,21729,31921,31576,23642,29372,52617,19109
32866,32341,32705,33317,33599,31852,35450,28870,32436,31456,32165,28788,21729,31921,31576,23642,29372,52617,19109
32854,32171,32831,33403,33467,31852,35450,28870,32436,31456,32165,28788,21729,31921,31576,23642,29372,52617,19109
32813,31811,32642,33447,33583,31852,35450,28870,32436,31456,32165,28788,21729,31921,31576,23642,29372,52617,19109
32623,31820,32535,32970,33196,32232,35424,29017,32416,31502,32304,28736,21856,31252,30661,22168,28296,53366,18459
32491,31911,32075,32768,32983,32232,35424,29017,32416,31502,32304,28736,21856,31252,30661,22168,28296,53366,18459
32328,31763,31051,32263,32930,32232,35424,29017,32416,31502,32304,28736,21856,31252,30661,22168,28296,53366,18459
32210,31863,30502,32515,32541,32232,35424,29017,32416,31502,32304,28736,21856,31252,30661,22168,28296,53366,18459
32318,31810,30499,32439,32023,32232,35424,29017,32416,31502,32304,28736,21856,31252,30661,22168,28296,53366,18459
32896,31601,32127,33135,32455,32232,35424,29017,32416,31502,32304,28736,21856,31252,30661,22168,28296,53366,18459
33260,32039,33531,33211,32358,32232,35424,29017,32416,31502,32304,28736,21856,31252,30661,22168,28296,53366,18459
33468,33138,34406,33443,32896,32232,35424,29017,32416,31502,32304,28736,21856,31252,30661,22168,28296,53366,18459
33530,35440,33915,33135,33295,32232,35424,29017,32416,31502,32304,28736,21856,31252,30661,22168,28296,53366,18459
33322,36828,33870,33311,33951,32232,35424,29017,32416,31502,32304,28736,21856,31252,30661,22168,28296,53366,18459
33114,36289,34015,33287,33663,32516,35348,28948,32488,31608,32228,28532,21904,30417,30013,19347,31508,58629,18419
32906,34759,33811,33315,33525,32516,35348,28948,32488,31608,32228,28532,21904,30417,30013,19347,31508,58629,18419
32832,33362,33719,33255,33287,32516,35348,28948,32488,31608,32228,28532,21904,30417,30013,19347,31508,58629,18419
32834,32433,33483,33247,32999,32516,35348,28948,32488,31608,32228,28532,21904,30417,30013,19347,31508,58629,18419
32667,32151,32985,33143,33615,32516,35348,28948,32488,31608,32228,28532,21904,30417,30013,19347,31508,58629,18419
32649,32055,32943,33055,33168,32516,35348,28948,32488,31608,32228,28532,21904,30417,30013,19347,31508,58629,18419
32834,31940,33345,33099,33245,32516,35348,28948,32488,31608,32228,28532,21904,30417,30013,19347,31508,58629,18419
32777,31991,33218,33217,33099,32516,35348,28948,32488,31608,32228,28532,21904,30417,30013,19347,31508,58629,18419
32654,32079,32947,33061,32041,32516,35348,28948,32488,31608,32228,28532,21904,30417,30013,19347,31508,58629,18419
32670,32147,32951,33284,31823,32516,35348,28948,32488,31608,32228,28532,21904,30417,30013,19347,31508,58629,18419
32444,32251,32647,33082,31427,32644,35342,28782,32504,31508,32402,28594,22024,29884,29403,17424,30754,59184,17876
31961,32339,32711,33137,31686,32644,35342,28782,32504,31508,32402,28594,22024,29884,29403,17424,30754,59184,17876
31593,32351,32465,33245,31483,32644,35342,28782,32504,31508,32402,28594,22024,29884,29403,17424,30754,59184,17876
31500,32342,32564,33055,31810,32644,35342,28782,32504,31508,32402,28594,22024,29884,29403,17424,30754,59184,17876
32084,32239,32450,33205,32251,32644,35342,28782,32504,31508,32402,28594,22024,29884,29403,17424,30754,59184,17876
32740,32295,32317,33043,33661,32644,35342,28782,32504,31508,32402,28594,22024,29884,29403,17424,30754,59184,17876
33212,32381,32484,33219,34189,32644,35342,28782,32504,31508,32402,28594,22024,29884,29403,17424,30754,59184,17876
33435,32476,32333,33047,34130,32644,35342,28782,32504,31508,32402,28594,22024,29884,29403,17424,30754,59184,17876
33503,32334,32535,33283,34140,32644,35342,28782,32504,31508,32402,28594,22024,29884,29403,17424,30754,59184,17876
33483,32463,32527,33022,33511,32644,35342,28782,32504,31508,32402,28594,22024,29884,29403,17424,30754,59184,17876
33301,32763,32741,33235,32548,32436,35300,28844,32416,31488,32274,28406,22226,29504,29029,17531,27362,55508,17740
32943,33077,32575,33031,32327,32436,35300,28844,32416,31488,32274,28406,22226,29504,29029,17531,27362,55508,17740
32846,33031,32807,33219,32749,32436,35300,28844,32416,31488,32274,28406,22226,29504,29029,17531,27362,55508,17740
33045,32895,32642,33131,32035,32436,35300,28844,32416,31488,32274,28406,22226,29504,29029,17531,27362,55508,17740
33461,32859,32623,33326,31671,32436,35300,28844,32416,31488,32274,28406,22226,29504,29029,17531,27362,55508,17740
33666,32639,32530,33180,31517,32436,35300,28844,32416,31488,32274,28406,22226,29504,29029,17531,27362,55508,17740
33718,32503,32254,33382,30783,32436,35300,28844,32416,31488,32274,28406,22226,29504,29029,17531,27362,55508,17740
33410,32804,32294,33117,31229,32436,35300,28844,32416,31488,32274,28406,22226,29504,29029,17531,27362,55508,17740
33023,32723,32159,33118,32015,32436,35300,28844,32416,31488,32274,28406,22226,29504,29029,17531,27362,55508,17740
32791,32506,32327,33002,33020,32436,35300,28844,32416,31488,32274,28406,22226,29504,29029,17531,27362,55508,17740
32398,31826,32405,33279,33836,32186,35216,29208,32536,31584,32392,28240,22409,29232,28655,19277,30240,58304,17692
32158,32107,32179,32847,33570,32186,35216,29208,32536,31584,32392,28240,22409,29232,28655,19277,30240,58304,17692
32024,33333,32255,33007,33138,32186,35216,29208,32536,31584,32392,28240,22409,29232,28655,19277,30240,58304,17692
32164,33491,32479,32886,33175,32186,35216,29208,32536,31584,32392,28240,22409,29232,28655,19277,30240,58304,17692
32159,32863,32551,32821,32175,32186,35216,29208,32536,31584,32392,28240,22409,29232,28655,19277,30240,58304,17692
32325,32205,32747,33105,31869,32186,35216,29208,32536,31584,32392,28240,22409,29232,28655,19277,30240,58304,17692
32403,32822,32839,32895,31674,32186,35216,29208,32536,31584,32392,28240,22409,29232,28655,19277,30240,58304,17692
32541,33879,32893,33110,31893,32186,35216,29208,32536,31584,32392,28240,22409,29232,28655,19277,30240,58304,17692
32746,34379,33475,33076,32293,32186,35216,29208,32536,31584,32392,28240,22409,29232,28655,19277,30240,58304,17692
32887,33561,33551,33247,32995,32186,35216,29208,32536,31584,32392,28240,22409,29232,28655,19277,30240,58304,17692
33016,32891,33441,33372,34019,31872,35056,29384,32568,31776,32304,28168,22569,29137,27161,19646,30072,60992,17460
32940,32601,33565,33174,36053,31872,35056,29384,32568,31776,32304,28168,22569,29137,27161,19646,30072,60992,17460
33006,32683,33245,33115,37074,31872,35056,29384,32568,31776,32304,28168,22569,29137,27161,19646,30072,60992,17460
32966,32631,33453,33167,37043,31872,35056,29384,32568,31776,32304,28168,22569,29137,27161,19646,30072,60992,17460
32971,32551,33414,33078,36108,31872,35056,29384,32568,31776,32304,28168,22569,29137,27161,19646,30072,60992,17460
32896,32571,33363,33167,34434,31872,35056,29384,32568,31776,32304,28168,22569,29137,27161,19646,30072,60992,17460
32839,32527,33375,33303,33179,31872,35056,29384,32568,31776,32304,28168,22569,29137,27161,19646,30072,60992,17460
32607,32493,32989,33063,31915,31872,35056,29384,32568,31776,32304,28168,22569,29137,27161,19646,30072,60992,17460
32412,32522,32675,33231,30621,31872,35056,29384,32568,31776,32304,28168,22569,29137,27161,19646,30072,60992,17460
32222,32515,32195,32795,29097,31872,35056,29384,32568,31776,32304,28168,22569,29137,27161,19646,30072,60992,17460
31871,32562,30810,32991,28155,32008,34793,29419,32440,32132,32496,28268,22752,28586,24756,20612,30239,58648,16419
31606,32563,28930,32249,28815,32008,34793,29419,32440,32132,32496,28268,22752,28586,24756,20612,30239,58648,16419
31564,32566,27995,32489,30503,32008,34793,29419,32440,32132,32496,28268,22752,28586,24756,20612,30239,58648,16419
32130,32487,29093,32221,32434,32008,34793,29419,32440,32132,32496,28268,22752,28586,24756,20612,30239,58648,16419
32957,32447,32496,33123,34583,32008,34793,29419,32440,32132,32496,28268,22752,28586,24756,20612,30239,58648,16419
33508,32399,35270,33084,35719,32008,34793,29419,32440,32132,32496,28268,22752,28586,24756,20612,30239,58648,16419
33725,32327,35693,33533,35005,32008,34793,29419,32440,32132,32496,28268,22752,28586,24756,20612,30239,58648,16419
33767,32231,35192,33510,33703,32008,34793,29419,32440,32132,32496,28268,22752,28586,24756,20612,30239,58648,16419
33592,32435,35839,33779,31497,32008,34793,29419,32440,32132,32496,28268,22752,28586,24756,20612,30239,58648,16419
33400,32763,34853,33415,30635,32008,34793,29419,32440,32132,32496,28268,22752,28586,24756,20612,30239,58648,16419
33195,32866,33527,33351,31135,32024,34640,29472,32580,32180,32592,28224,22990,28304,23222,21429,29781,58473,12964
33039,32811,33886,33069,28122,32024,34640,29472,32580,32180,32592,28224,22990,28304,23222,21429,29781,58473,12964
32898,32858,34182,33063,27189,32024,34640,29472,32580,32180,32592,28224,22990,28304,23222,21429,29781,58473,12964
32863,32965,34461,32959,31653,32024,34640,29472,32580,32180,32592,28224,22990,28304,23222,21429,29781,58473,12964
32775,33033,33917,33098,39923,32024,34640,29472,32580,32180,32592,28224,22990,28304,23222,21429,29781,58473,12964
32690,32995,33483,32982,42831,32024,34640,29472,32580,32180,32592,28224,22990,28304,23222,21429,29781,58473,12964
32653,32864,32951,33225,41007,32024,34640,29472,32580,32180,32592,28224,22990,28304,23222,21429,29781,58473,12964
32564,32555,32208,32826,37055,32024,34640,29472,32580,32180,32592,28224,22990,28304,23222,21429,29781,58473,12964
32424,32741,32064,33207,34371,32024,34640,29472,32580,32180,32592,28224,22990,28304,23222,21429,29781,58473,12964
32291,32966,31692,32987,33251,32024,34640,29472,32580,32180,32592,28224,22990,28304,23222,21429,29781,58473,12964
32087,33018,31711,32762,31247,32076,34808,29600,32556,32473,32868,27890,23280,28324,22369,22588,26689,54196,13426
32090,32871,31789,33241,29916,32076,34808,29600,32556,32473,32868,27890,23280,28324,22369,22588,26689,54196,13426
32221,32559,31832,32867,29362,32076,34808,29600,32556,32473,32868,27890,23280,28324,22369,22588,26689,54196,13426
32530,32305,32004,33128,29621,32076,34808,29600,32556,32473,32868,27890,23280,28324,22369,22588,26689,54196,13426
32794,32600,32154,33098,30672,32076,34808,29600,32556,32473,32868,27890,23280,28324,22369,22588,26689,54196,13426
33320,32715,32036,33260,31207,32076,34808,29600,32556,32473,32868,27890,23280,28324,22369,22588,26689,54196,13426
33485,32887,32263,32843,31919,32076,34808,29600,32556,32473,32868,27890,23280,28324,22369,22588,26689,54196,13426
33089,33039,32110,33059,32396,32076,34808,29600,32556,32473,32868,27890,23280,28324,22369,22588,26689,54196,13426
33112,33061,32471,32875,32818,32076,34808,29600,32556,32473,32868,27890,23280,28324,22369,22588,26689,54196,13426
33049,32950,32525,33103,32619,32076,34808,29600,32556,32473,32868,27890,23280,28324,22369,22588,26689,54196,13426
32973,32979,32727,32663,32855,32205,35024,29753,32476,31888,32610,27824,23600,27864,21434,22098,26869,58748,13669
32866,33019,32963,32832,32706,32205,35024,29753,32476,31888,32610,27824,23600,27864,21434,22098,26869,58748,13669
32775,32995,32833,32723,32059,32205,35024,29753,32476,31888,32610,27824,23600,27864,21434,22098,26869,58748,13669
32775,32944,32976,33235,32225,32205,35024,29753,32476,31888,32610,27824,23600,27864,21434,22098,26869,58748,13669
32537,33110,32647,32978,31862,32205,35024,29753,32476,31888,32610,27824,23600,27864,21434,22098,26869,58748,13669
32500,32923,32703,33279,32349,32205,35024,29753,32476,31888,32610,27824,23600,27864,21434,22098,26869,58748,13669
32288,32799,32621,33090,32861,32205,35024,29753,32476,31888,32610,27824,23600,27864,21434,22098,26869,58748,13669
31985,32733,32515,33194,33138,32205,35024,29753,32476,31888,32610,27824,23600,27864,21434,22098,26869,58748,13669
32070,32641,32597,32967,33190,32205,35024,29753,32476,31888,32610,27824,23600,27864,21434,22098,26869,58748,13669
32382,32694,32358,33215,33689,32205,35024,29753,32476,31888,32610,27824,23600,27864,21434,22098,26869,58748,13669
32655,32707,32472,33186,32815,32416,35072,29796,32496,31868,32861,27642,23920,27517,20136,21016,25486,58660,14830
32737,32719,32379,33061,32677,32416,35072,29796,32496,31868,32861,27642,23920,27517,20136,21016,25486,58660,14830
32763,32617,32511,33147,32338,32416,35072,29796,32496,31868,32861,27642,23920,27517,20136,21016,25486,58660,14830
32767,32613,32585,33221,32399,32416,35072,29796,32496,31868,32861,27642,23920,27517,20136,21016,25486,58660,14830
32812,32677,32702,32993,32711,32416,35072,29796,32496,31868,32861,27642,23920,27517,20136,21016,25486,58660,14830
32909,32707,32753,33227,32460,32416,35072,29796,32496,31868,32861,27642,23920,27517,20136,21016,25486,58660,14830
33007,32708,32613,33031,33423,32416,35072,29796,32496,31868,32861,27642,23920,27517,20136,21016,25486,58660,14830
33170,32705,32647,33322,33615,32416,35072,29796,32496,31868,32861,27642,23920,27517,20136,21016,25486,58660,14830
33034,32717,32398,33147,33983,32416,35072,29796,32496,31868,32861,27642,23920,27517,20136,21016,25486,58660,14830
32969,32756,32455,33331,33447,32416,35072,29796,32496,31868,32861,27642,23920,27517,20136,21016,25486,58660,14830
32950,32741,32421,33281,34063,32414,35052,29954,32680,31766,33090,27608,24261,26788,19418,18724,26756,56628,16468
33045,32749,32343,33095,34359,32414,35052,29954,32680,31766,33090,27608,24261,26788,19418,18724,26756,56628,16468
32892,32783,32621,33306,33911,32414,35052,29954,32680,31766,33090,27608,24261,26788,19418,18724,26756,56628,16468
32802,32775,32653,33031,32743,32414,35052,29954,32680,31766,33090,27608,24261,26788,19418,18724,26756,56628,16468
32597,32698,32837,33199,32653,32414,35052,29954,32680,31766,33090,27608,24261,26788,19418,18724,26756,56628,16468
32426,32711,33185,32935,32815,32414,35052,29954,32680,31766,33090,27608,24261,26788,19418,18724,26756,56628,16468
32503,32767,33127,33287,32750,32414,35052,29954,32680,31766,33090,27608,24261,26788,19418,18724,26756,56628,16468
32214,32631,33517,33127,32678,32414,35052,29954,32680,31766,33090,27608,24261,26788,19418,18724,26756,56628,16468
31669,32647,33442,33351,32561,32414,35052,29954,32680,31766,33090,27608,24261,26788,19418,18724,26756,56628,16468
31578,32676,33467,33127,32377,32414,35052,29954,32680,31766,33090,27608,24261,26788,19418,18724,26756,56628,16468
32121,32655,33594,33397,31718,32714,35044,29804,32712,31986,33568,27692,24588,25724,19613,16536,23640,56352,16952
33001,32650,33374,33151,31663,32714,35044,29804,32712,31986,33568,27692,24588,25724,19613,16536,23640,56352,16952
33852,32683,33347,33475,31707,32714,35044,29804,32712,31986,33568,27692,24588,25724,19613,16536,23640,56352,16952
34007,32547,33163,33268,31767,32714,35044,29804,32712,31986,33568,27692,24588,25724,19613,16536,23640,56352,16952
34130,32402,33193,33307,31295,32714,35044,29804,32712,31986,33568,27692,24588,25724,19613,16536,23640,56352,16952
33961,32588,32851,33106,33087,32714,35044,29804,32712,31986,33568,27692,24588,25724,19613,16536,23640,56352,16952
33864,32875,32701,33540,29751,32714,35044,29804,32712,31986,33568,27692,24588,25724,19613,16536,23640,56352,16952
33442,32939,32686,33153,30017,32714,35044,29804,32712,31986,33568,27692,24588,25724,19613,16536,23640,56352,16952
33154,33050,32723,31934,31931,32714,35044,29804,32712,31986,33568,27692,24588,25724,19613,16536,23640,56352,16952
33068,33161,32855,31586,32439,32714,35044,29804,32712,31986,33568,27692,24588,25724,19613,16536,23640,56352,16952
33067,33157,32684,32103,34071,32876,35377,29578,32674,32306,33376,27432,24930,25316,19200,15860,23050,47300,18013
32909,33126,32763,33246,34127,32876,35377,29578,32674,32306,33376,27432,24930,25316,19200,15860,23050,47300,18013
32885,32932,32514,33757,33429,32876,35377,29578,32674,32306,33376,27432,24930,25316,19200,15860,23050,47300,18013
32357,32659,32617,34239,34350,32876,35377,29578,32674,32306,33376,27432,24930,25316,19200,15860,23050,47300,18013
32071,32459,32486,33659,33339,32876,35377,29578,32674,32306,33376,27432,24930,25316,19200,15860,23050,47300,18013
31816,32280,32585,33396,32737,32876,35377,29578,32674,32306,33376,27432,24930,25316,19200,15860,23050,47300,18013
32042,32327,32503,32291,33631,32876,35377,29578,32674,32306,33376,27432,24930,25316,19200,15860,23050,47300,18013
32074,32530,32769,32693,32623,32876,35377,29578,32674,32306,33376,27432,24930,25316,19200,15860,23050,47300,18013
32029,32647,32656,32708,32159,32876,35377,29578,32674,32306,33376,27432,24930,25316,19200,15860,23050,47300,18013
32306,32818,32638,33430,32546,32876,35377,29578,32674,32306,33376,27432,24930,25316,19200,15860,23050,47300,18013
32429,32687,32617,33059,32096,33116,35242,29578,32690,32636,33436,27592,25290,25568,18948,16155,21736,45188,17940
32608,32639,32541,33004,32963,33116,35242,29578,32690,32636,33436,27592,25290,25568,18948,16155,21736,45188,17940
32830,32722,32650,33165,32972,33116,35242,29578,32690,32636,33436,27592,25290,25568,18948,16155,21736,45188,17940
32750,32748,32525,33377,32825,33116,35242,29578,32690,32636,33436,27592,25290,25568,18948,16155,21736,45188,17940
32849,32915,32683,33175,32127,33116,35242,29578,32690,32636,33436,27592,25290,25568,18948,16155,21736,45188,17940
33310,33147,32563,32597,33502,33116,35242,29578,32690,32636,33436,27592,25290,25568,18948,16155,21736,45188,17940
33394,33115,32769,33227,31808,33116,35242,29578,32690,32636,33436,27592,25290,25568,18948,16155,21736,45188,17940
33127,32918,32699,33555,32453,33116,35242,29578,32690,32636,33436,27592,25290,25568,18948,16155,21736,45188,17940
32864,32703,32934,34109,34767,33116,35242,29578,32690,32636,33436,27592,25290,25568,18948,16155,21736,45188,17940
32905,32511,32811,33789,34985,33116,35242,29578,32690,32636,33436,27592,25290,25568,18948,16155,21736,45188,17940
32966,32305,33027,34199,33618,33408,35700,30052,32952,33264,34012,27984,25602,25848,18880,16004,19558,48648,13950
32920,32199,32863,33767,31892,33408,35700,30052,32952,33264,34012,27984,25602,25848,18880,16004,19558,48648,13950
32704,32335,33115,32422,30687,33408,35700,30052,32952,33264,34012,27984,25602,25848,18880,16004,19558,48648,13950
32421,32444,32809,30271,31416,33408,35700,30052,32952,33264,34012,27984,25602,25848,18880,16004,19558,48648,13950
32174,32849,32994,30222,34683,33408,35700,30052,32952,33264,34012,27984,25602,25848,18880,16004,19558,48648,13950
32437,33541,32813,32475,34980,33408,35700,30052,32952,33264,34012,27984,25602,25848,18880,16004,19558,48648,13950
32583,33551,32983,33443,34344,33408,35700,30052,32952,33264,34012,27984,25602,25848,18880,16004,19558,48648,13950
32957,33295,32706,34161,34075,33408,35700,30052,32952,33264,34012,27984,25602,25848,18880,16004,19558,48648,13950
33447,32907,32865,33714,33205,33408,35700,30052,32952,33264,34012,27984,25602,25848,18880,16004,19558,48648,13950
33297,32700,32731,33850,32583,33408,35700,30052,32952,33264,34012,27984,25602,25848,18880,16004,19558,48648,13950
33183,32603,32891,33706,34087,33256,36328,30506,33074,33424,34344,27561,25916,25676,18100,16599,19004,41268,14212
32675,32388,32761,33755,33274,33256,36328,30506,33074,33424,34344,27561,25916,25676,18100,16599,19004,41268,14212
32726,32407,32647,33244,33207,33256,36328,30506,33074,33424,34344,27561,25916,25676,18100,16599,19004,41268,14212
32885,32639,32823,33499,32468,33256,36328,30506,33074,33424,34344,27561,25916,25676,18100,16599,19004,41268,14212
32846,32999,32623,33473,32455,33256,36328,30506,33074,33424,34344,27561,25916,25676,18100,16599,19004,41268,14212
32727,33090,32674,33159,32199,33256,36328,30506,33074,33424,34344,27561,25916,25676,18100,16599,19004,41268,14212
32623,33039,32702,32417,31335,33256,36328,30506,33074,33424,34344,27561,25916,25676,18100,16599,19004,41268,14212
32556,33093,32669,32939,32108,33256,36328,30506,33074,33424,34344,27561,25916,25676,18100,16599,19004,41268,14212
32584,32917,32795,32418,32379,33256,36328,30506,33074,33424,34344,27561,25916,25676,18100,16599,19004,41268,14212
32620,32679,32555,32397,33277,33256,36328,30506,33074,33424,34344,27561,25916,25676,18100,16599,19004,41268,14212
32573,32463,32543,32575,32819,32980,36672,31140,33080,32580,34128,27696,26194,25403,17994,18010,19360,40215,15562
32553,32553,32405,32942,32303,32980,36672,31140,33080,32580,34128,27696,26194,25403,17994,18010,19360,40215,15562
32453,32662,32611,33063,32355,32980,36672,31140,33080,32580,34128,27696,26194,25403,17994,18010,19360,40215,15562
32309,32827,32607,33495,32195,32980,36672,31140,33080,32580,34128,27696,26194,25403,17994,18010,19360,40215,15562
32391,32851,32562,32573,32173,32980,36672,31140,33080,32580,34128,27696,26194,25403,17994,18010,19360,40215,15562
32467,32851,32681,32629,32286,32980,36672,31140,33080,32580,34128,27696,26194,25403,17994,18010,19360,40215,15562
32779,32954,32535,32571,32403,32980,36672,31140,33080,32580,34128,27696,26194,25403,17994,18010,19360,40215,15562
32850,32975,32696,33077,33041,32980,36672,31140,33080,32580,34128,27696,26194,25403,17994,18010,19360,40215,15562
32698,32969,32662,32834,32655,32980,36672,31140,33080,32580,34128,27696,26194,25403,17994,18010,19360,40215,15562
32575,32967,32571,33482,32263,32980,36672,31140,33080,32580,34128,27696,26194,25403,17994,18010,19360,40215,15562
32272,32787,32729,33383,31937,32664,36772,31448,33232,32600,34516,28144,26508,24996,17086,16886,19553,40196,17200
32325,32703,32771,33379,32025,32664,36772,31448,33232,32600,34516,28144,26508,24996,17086,16886,19553,40196,17200
32538,32645,32720,33021,32217,32664,36772,31448,33232,32600,34516,28144,26508,24996,17086,16886,19553,40196,17200
32678,32674,32871,33335,32566,32664,36772,31448,33232,32600,34516,28144,26508,24996,17086,16886,19553,40196,17200
32644,32743,32751,33438,31843,32664,36772,31448,33232,32600,34516,28144,26508,24996,17086,16886,19553,40196,17200
32599,32735,32859,33495,31606,32664,36772,31448,33232,32600,34516,28144,26508,24996,17086,16886,19553,40196,17200
32893,32887,32824,33205,31834,32664,36772,31448,33232,32600,34516,28144,26508,24996,17086,16886,19553,40196,17200
32985,32908,32851,33255,31871,32664,36772,31448,33232,32600,34516,28144,26508,24996,17086,16886,19553,40196,17200
33163,32930,32853,33188,32454,32664,36772,31448,33232,32600,34516,28144,26508,24996,17086,16886,19553,40196,17200
33351,32821,32834,33487,32850,32664,36772,31448,33232,32600,34516,28144,26508,24996,17086,16886,19553,40196,17200
33396,32651,32943,33371,33202,32516,36748,31601,33412,32200,34760,28330,26754,25004,16422,18969,21392,31868,21948
33376,32527,32706,33197,33495,32516,36748,31601,33412,32200,34760,28330,26754,25004,16422,18969,21392,31868,21948
33316,32503,32866,33559,33303,32516,36748,31601,33412,32200,34760,28330,26754,25004,16422,18969,21392,31868,21948
33168,32628,32732,33324,33431,32516,36748,31601,33412,32200,34760,28330,26754,25004,16422,18969,21392,31868,21948
32909,32838,32878,33245,33959,32516,36748,31601,33412,32200,34760,28330,26754,25004,16422,18969,21392,31868,21948
32791,32762,32659,32733,34198,32516,36748,31601,33412,32200,34760,28330,26754,25004,16422,18969,21392,31868,21948
32830,33021,32890,32742,33886,32516,36748,31601,33412,32200,34760,28330,26754,25004,16422,18969,21392,31868,21948
32640,33287,32791,33051,34023,32516,36748,31601,33412,32200,34760,28330,26754,25004,16422,18969,21392,31868,21948
32498,33031,32703,33399,33501,32516,36748,31601,33412,32200,34760,28330,26754,25004,16422,18969,21392,31868,21948
32437,32807,32836,33219,34157,32516,36748,31601,33412,32200,34760,28330,26754,25004,16422,18969,21392,31868,21948
32520,32791,32875,32941,33427,32050,36764,31480,33508,32208,34696,29080,26992,25826,15683,21524,24729,33880,24808
32571,32855,32762,33503,33296,32050,36764,31480,33508,32208,34696,29080,26992,25826,15683,21524,24729,33880,24808
32516,32885,32833,33149,33523,32050,36764,31480,33508,32208,34696,29080,26992,25826,15683,21524,24729,33880,24808
32608,32760,32879,33255,32847,32050,36764,31480,33508,32208,34696,29080,26992,25826,15683,21524,24729,33880,24808
32629,32813,32769,33095,32419,32050,36764,31480,33508,32208,34696,29080,26992,25826,15683,21524,24729,33880,24808
32647,32679,32943,33543,32295,32050,36764,31480,33508,32208,34696,29080,26992,25826,15683,21524,24729,33880,24808
32610,32571,32804,33437,32007,32050,36764,31480,33508,32208,34696,29080,26992,25826,15683,21524,24729,33880,24808
32617,32447,32793,33621,32327,32050,36764,31480,33508,32208,34696,29080,26992,25826,15683,21524,24729,33880,24808
32670,32534,32859,32748,32251,32050,36764,31480,33508,32208,34696,29080,26992,25826,15683,21524,24729,33880,24808
32576,32647,32663,32385,32411,32050,36764,31480,33508,32208,34696,29080,26992,25826,15683,21524,24729,33880,24808
32614,32582,32852,32007,33287,32072,36673,31796,33529,32362,34892,29080,27336,26592,17378,24852,24964,27048,26736
32592,32812,32825,32187,32822,32072,36673,31796,33529,32362,34892,29080,27336,26592,17378,24852,24964,27048,26736
32623,33197,32825,33347,32647,32072,36673,31796,33529,32362,34892,29080,27336,26592,17378,24852,24964,27048,26736
32665,33219,32888,34154,32738,32072,36673,31796,33529,32362,34892,29080,27336,26592,17378,24852,24964,27048,26736
32685,33075,32775,33504,32623,32072,36673,31796,33529,32362,34892,29080,27336,26592,17378,24852,24964,27048,26736
32643,32826,32891,33607,32406,32072,36673,31796,33529,32362,34892,29080,27336,26592,17378,24852,24964,27048,26736
32664,32695,32711,33399,31760,32072,36673,31796,33529,32362,34892,29080,27336,26592,17378,24852,24964,27048,26736
32628,32663,32733,33351,32873,32072,36673,31796,33529,32362,34892,29080,27336,26592,17378,24852,24964,27048,26736
32652,32771,32757,33007,32907,32072,36673,31796,33529,32362,34892,29080,27336,26592,17378,24852,24964,27048,26736
32727,32701,32698,33506,32703,32072,36673,31796,33529,32362,34892,29080,27336,26592,17378,24852,24964,27048,26736
32860,32835,32872,33431,32677,31734,37040,32004,33705,32452,35020,29072,27514,27300,18937,27845,26053,25460,27620
32797,32838,32621,33471,32783,31734,37040,32004,33705,32452,35020,29072,27514,27300,18937,27845,26053,25460,27620
32752,32711,32694,33299,32775,31734,37040,32004,33705,32452,35020,29072,27514,27300,18937,27845,26053,25460,27620
32772,32699,32762,33422,32962,31734,37040,32004,33705,32452,35020,29072,27514,27300,18937,27845,26053,25460,27620
32807,32583,32551,33122,32251,31734,37040,32004,33705,32452,35020,29072,27514,27300,18937,27845,26053,25460,27620
32900,32407,32813,32685,32299,31734,37040,32004,33705,32452,35020,29072,27514,27300,18937,27845,26053,25460,27620
32764,32387,32615,32494,32299,31734,37040,32004,33705,32452,35020,29072,27514,27300,18937,27845,26053,25460,27620
32722,32553,32714,32351,32523,31734,37040,32004,33705,32452,35020,29072,27514,27300,18937,27845,26053,25460,27620
32734,32743,32633,30994,33138,31734,37040,32004,33705,32452,35020,29072,27514,27300,18937,27845,26053,25460,27620
32660,32809,32623,29571,33037,31734,37040,32004,33705,32452,35020,29072,27514,27300,18937,27845,26053,25460,27620
32702,32825,32745,29831,33207,31368,37402,32508,33664,31968,34387,29236,27592,28500,30160,28137,28800,23384,33144
32671,32947,32597,32596,33030,31368,37402,32508,33664,31968,34387,29236,27592,28500,30160,28137,28800,23384,33144
32593,32919,32768,34947,33569,31368,37402,32508,33664,31968,34387,29236,27592,28500,30160,28137,28800,23384,33144
32533,32877,32615,35603,33284,31368,37402,32508,33664,31968,34387,29236,27592,28500,30160,28137,28800,23384,33144
32666,32817,32821,34927,32885,31368,37402,32508,33664,31968,34387,29236,27592,28500,30160,28137,28800,23384,33144
32611,32853,32497,33906,32726,31368,37402,32508,33664,31968,34387,29236,27592,28500,30160,28137,28800,23384,33144
32276,32812,32671,33243,32675,31368,37402,32508,33664,31968,34387,29236,27592,28500,30160,28137,28800,23384,33144
32305,32747,32573,33579,32590,31368,37402,32508,33664,31968,34387,29236,27592,28500,30160,28137,28800,23384,33144
32684,32737,32670,33135,32654,31368,37402,32508,33664,31968,34387,29236,27592,28500,30160,28137,28800,23384,33144
32947,32727,32893,33195,32666,31368,37402,32508,33664,31968,34387,29236,27592,28500,30160,28137,28800,23384,33144
33271,32731,32679,32903,32623,31340,38594,34474,33714,31884,34492,29424,27810,29888,17694,37800,32864,23698,39396
33289,32639,32737,33079,32699,31340,38594,34474,33714,31884,34492,29424,27810,29888,17694,37800,32864,23698,39396
33156,32673,32471,32911,33064,31340,38594,34474,33714,31884,34492,29424,27810,29888,17694,37800,32864,23698,39396
32861,32775,32694,33075,32607,31340,38594,34474,33714,31884,34492,29424,27810,29888,17694,37800,32864,23698,39396
32868,32713,32621,32883,32775,31340,38594,34474,33714,31884,34492,29424,27810,29888,17694,37800,32864,23698,39396
33148,32711,32599,33120,32811,31340,38594,34474,33714,31884,34492,29424,27810,29888,17694,37800,32864,23698,39396
33373,32674,32671,32859,32801,31340,38594,34474,33714,31884,34492,29424,27810,29888,17694,37800,32864,23698,39396
33608,32655,32522,33051,32820,31340,38594,34474,33714,31884,34492,29424,27810,29888,17694,37800,32864,23698,39396
33548,32645,32702,32834,32641,31340,38594,34474,33714,31884,34492,29424,27810,29888,17694,37800,32864,23698,39396
33093,32615,32647,33159,32781,31340,38594,34474,33714,31884,34492,29424,27810,29888,17694,37800,32864,23698,39396
32976,32675,32791,32932,32911,29928,36372,32852,33762,32068,34988,29780,27840,30741,14848,41382,34860,22436,39448
32964,32741,32861,33047,33583,29928,36372,32852,33762,32068,34988,29780,27840,30741,14848,41382,34860,22436,39448
32997,32695,32662,32875,33274,29928,36372,32852,33762,32068,34988,29780,27840,30741,14848,41382,34860,22436,39448
33098,32678,32767,33237,32396,29928,36372,32852,33762,32068,34988,29780,27840,30741,14848,41382,34860,22436,39448
33026,32747,32628,33155,32742,29928,36372,32852,33762,32068,34988,29780,27840,30741,14848,41382,34860,22436,39448
33116,32800,32790,32927,32600,29928,36372,32852,33762,32068,34988,29780,27840,30741,14848,41382,34860,22436,39448
33156,32775,32727,33027,32349,29928,36372,32852,33762,32068,34988,29780,27840,30741,14848,41382,34860,22436,39448
32837,32727,32863,33153,32213,29928,36372,32852,33762,32068,34988,29780,27840,30741,14848,41382,34860,22436,39448
32564,32627,32747,33287,32590,29928,36372,32852,33762,32068,34988,29780,27840,30741,14848,41382,34860,22436,39448
32480,32571,32835,32697,32743,29928,36372,32852,33762,32068,34988,29780,27840,30741,14848,41382,34860,22436,39448
32531,32637,32774,32685,33245,29856,34654,30754,33612,33043,35548,29696,28054,33992,13302,41312,38116,22968,36903
32542,32791,32926,32855,33604,29856,34654,30754,33612,33043,35548,29696,28054,33992,13302,41312,38116,22968,36903
32564,32775,32765,32938,33245,29856,34654,30754,33612,33043,35548,29696,28054,33992,13302,41312,38116,22968,36903
32614,32927,32919,32947,32801,29856,34654,30754,33612,33043,35548,29696,28054,33992,13302,41312,38116,22968,36903
32598,32919,32746,32237,32385,29856,34654,30754,33612,33043,35548,29696,28054,33992,13302,41312,38116,22968,36903
32670,32869,32864,32231,32125,29856,34654,30754,33612,33043,35548,29696,28054,33992,13302,41312,38116,22968,36903
32704,32751,32652,32475,32217,29856,34654,30754,33612,33043,35548,29696,28054,33992,13302,41312,38116,22968,36903
32757,32570,32901,33625,32623,29856,34654,30754,33612,33043,35548,29696,28054,33992,13302,41312,38116,22968,36903
32778,32719,32692,33869,32587,29856,34654,30754,33612,33043,35548,29696,28054,33992,13302,41312,38116,22968,36903
32711,32711,32845,34071,32359,29856,34654,30754,33612,33043,35548,29696,28054,33992,13302,41312,38116,22968,36903
32820,32759,32891,34738,32102,31180,35218,30100,33732,33324,36620,29884,28107,37460,14016,46781,38036,25979,39429
32809,32775,32705,34754,32370,31180,35218,30100,33732,33324,36620,29884,28107,37460,14016,46781,38036,25979,39429
32802,32751,32832,33957,32755,31180,35218,30100,33732,33324,36620,29884,28107,37460,14016,46781,38036,25979,39429
32869,32791,32643,34078,33181,31180,35218,30100,33732,33324,36620,29884,28107,37460,14016,46781,38036,25979,39429
32872,32775,32839,32652,32855,31180,35218,30100,33732,33324,36620,29884,28107,37460,14016,46781,38036,25979,39429
32844,32663,32761,30549,32308,31180,35218,30100,33732,33324,36620,29884,28107,37460,14016,46781,38036,25979,39429
32876,32534,32879,30048,32491,31180,35218,30100,33732,33324,36620,29884,28107,37460,14016,46781,38036,25979,39429
32775,32587,32759,30478,32813,31180,35218,30100,33732,33324,36620,29884,28107,37460,14016,46781,38036,25979,39429
32761,32668,32841,33076,33167,31180,35218,30100,33732,33324,36620,29884,28107,37460,14016,46781,38036,25979,39429
32775,32795,32834,33783,33601,31180,35218,30100,33732,33324,36620,29884,28107,37460,14016,46781,38036,25979,39429
32725,32823,32797,34729,33577,31412,36330,29960,33812,31538,37996,29702,28218,37756,14766,47410,39310,28129,42552
32759,32714,32727,34211,33519,31412,36330,29960,33812,31538,37996,29702,28218,37756,14766,47410,39310,28129,42552
32774,32660,32866,33333,33745,31412,36330,29960,33812,31538,37996,29702,28218,37756,14766,47410,39310,28129,42552
32775,32447,32790,33092,33361,31412,36330,29960,33812,31538,37996,29702,28218,37756,14766,47410,39310,28129,42552
32727,32375,32899,32999,33188,31412,36330,29960,33812,31538,37996,29702,28218,37756,14766,47410,39310,28129,42552
32820,32673,32825,33479,33143,31412,36330,29960,33812,31538,37996,29702,28218,37756,14766,47410,39310,28129,42552
32719,32879,32807,33165,33119,31412,36330,29960,33812,31538,37996,29702,28218,37756,14766,47410,39310,28129,42552
32746,32903,32696,33223,32929,31412,36330,29960,33812,31538,37996,29702,28218,37756,14766,47410,39310,28129,42552
32774,32833,32880,33019,32600,31412,36330,29960,33812,31538,37996,29702,28218,37756,14766,47410,39310,28129,42552
32749,32730,32714,32909,32367,31412,36330,29960,33812,31538,37996,29702,28218,37756,14766,47410,39310,28129,42552
32764,32813,32953,33229,32351,31728,37966,29376,34091,31064,38978,30256,28340,38501,17421,51244,38892,27244,42228
32750,32859,32727,32965,32839,31728,37966,29376,34091,31064,38978,30256,28340,38501,17421,51244,38892,27244,42228
32820,32877,32883,33223,32499,31728,37966,29376,34091,31064,38978,30256,28340,38501,17421,51244,38892,27244,42228
32795,32899,32767,32915,32506,31728,37966,29376,34091,31064,38978,30256,28340,38501,17421,51244,38892,27244,42228
32746,32899,32743,33165,32665,31728,37966,29376,34091,31064,38978,30256,28340,38501,17421,51244,38892,27244,42228
32754,32749,32859,32949,33117,31728,37966,29376,34091,31064,38978,30256,28340,38501,17421,51244,38892,27244,42228
32788,32697,32785,33095,32909,31728,37966,29376,34091,31064,38978,30256,28340,38501,17421,51244,38892,27244,42228
32851,32645,32821,33047,32787,31728,37966,29376,34091,31064,38978,30256,28340,38501,17421,51244,38892,27244,42228
32867,32610,32697,32592,32893,31728,37966,29376,34091,31064,38978,30256,28340,38501,17421,51244,38892,27244,42228
32792,32645,32867,32549,33292,31728,37966,29376,34091,31064,38978,30256,28340,38501,17421,51244,38892,27244,42228
32707,32644,32624,33026,32973,32222,40004,29536,33934,32600,38484,29700,28432,37124,21991,47960,33896,27450,39296
32725,32655,32647,33114,32723,32222,40004,29536,33934,32600,38484,29700,28432,37124,21991,47960,33896,27450,39296
32699,32675,32829,33363,32583,32222,40004,29536,33934,32600,38484,29700,28432,37124,21991,47960,33896,27450,39296
32754,32644,32547,33255,33082,32222,40004,29536,33934,32600,38484,29700,28432,37124,21991,47960,33896,27450,39296
32839,32655,32746,33343,33511,32222,40004,29536,33934,32600,38484,29700,28432,37124,21991,47960,33896,27450,39296
32880,32790,32589,33087,33051,32222,40004,29536,33934,32600,38484,29700,28432,37124,21991,47960,33896,27450,39296
32827,32775,32737,33245,32806,32222,40004,29536,33934,32600,38484,29700,28432,37124,21991,47960,33896,27450,39296
32809,32772,32732,33244,32419,32222,40004,29536,33934,32600,38484,29700,28432,37124,21991,47960,33896,27450,39296
32781,32751,32577,33313,32074,32222,40004,29536,33934,32600,38484,29700,28432,37124,21991,47960,33896,27450,39296
32879,32775,32867,33261,31956,32222,40004,29536,33934,32600,38484,29700,28432,37124,21991,47960,33896,27450,39296
32881,32791,32643,33378,32189,33394,40580,30870,33985,32378,37776,29448,28576,34561,21684,43503,34156,25528,41184
32857,32843,32662,33030,32659,33394,40580,30870,33985,32378,37776,29448,28576,34561,21684,43503,34156,25528,41184
32741,32835,32851,33283,32653,33394,40580,30870,33985,32378,37776,29448,28576,34561,21684,43503,34156,25528,41184
32702,32767,32665,32987,32572,33394,40580,30870,33985,32378,37776,29448,28576,34561,21684,43503,34156,25528,41184
32660,32805,32815,33191,32816,33394,40580,30870,33985,32378,37776,29448,28576,34561,21684,43503,34156,25528,41184
32676,32813,32805,33037,32970,33394,40580,30870,33985,32378,37776,29448,28576,34561,21684,43503,34156,25528,41184
32674,32711,32689,33210,33078,33394,40580,30870,33985,32378,37776,29448,28576,34561,21684,43503,34156,25528,41184
32700,32715,32935,33127,32955,33394,40580,30870,33985,32378,37776,29448,28576,34561,21684,43503,34156,25528,41184
32692,32741,32697,33468,33074,33394,40580,30870,33985,32378,37776,29448,28576,34561,21684,43503,34156,25528,41184
32709,32723,32915,33447,32805,33394,40580,30870,33985,32378,37776,29448,28576,34561,21684,43503,34156,25528,41184
32678,32641,32727,33607,32823,34162,39020,31152,34004,31824,37064,29440,28560,31724,20248,44104,34516,24446,44068
32719,32671,32845,33125,32847,34162,39020,31152,34004,31824,37064,29440,28560,31724,20248,44104,34516,24446,44068
32722,32787,32770,32962,32755,34162,39020,31152,34004,31824,37064,29440,28560,31724,20248,44104,34516,24446,44068
32736,32911,32819,32419,32535,34162,39020,31152,34004,31824,37064,29440,28560,31724,20248,44104,34516,24446,44068
32715,32903,32852,31787,32586,34162,39020,31152,34004,31824,37064,29440,28560,31724,20248,44104,34516,24446,44068
32632,32803,32717,32213,32651,34162,39020,31152,34004,31824,37064,29440,28560,31724,20248,44104,34516,24446,44068
32788,32639,32935,32963,32833,34162,39020,31152,34004,31824,37064,29440,28560,31724,20248,44104,34516,24446,44068
32727,32523,32665,32583,32672,34162,39020,31152,34004,31824,37064,29440,28560,31724,20248,44104,34516,24446,44068
32732,32687,32893,32818,32723,34162,39020,31152,34004,31824,37064,29440,28560,31724,20248,44104,34516,24446,44068
32726,32895,32659,33479,32903,34162,39020,31152,34004,31824,37064,29440,28560,31724,20248,44104,34516,24446,44068
32718,32821,32742,33671,33491,34199,37472,30320,34216,31776,36820,29768,28686,30065,19060,41274,32146,27064,37252
32780,32807,32775,33699,33011,34199,37472,30320,34216,31776,36820,29768,28686,30065,19060,41274,32146,27064,37252
32758,32741,32666,33351,33097,34199,37472,30320,34216,31776,36820,29768,28686,30065,19060,41274,32146,27064,37252
32774,32835,32751,33583,33235,34199,37472,30320,34216,31776,36820,29768,28686,30065,19060,41274,32146,27064,37252
32729,32775,32531,33399,33243,34199,37472,30320,34216,31776,36820,29768,28686,30065,19060,41274,32146,27064,37252
32764,32696,32799,33143,32071,34199,37472,30320,34216,31776,36820,29768,28686,30065,19060,41274,32146,27064,37252
32805,32651,32722,32887,32053,34199,37472,30320,34216,31776,36820,29768,28686,30065,19060,41274,32146,27064,37252
32873,32691,32815,33366,32871,34199,37472,30320,34216,31776,36820,29768,28686,30065,19060,41274,32146,27064,37252
32796,32647,32863,33486,32983,34199,37472,30320,34216,31776,36820,29768,28686,30065,19060,41274,32146,27064,37252
32806,32677,32823,33102,32775,34199,37472,30320,34216,31776,36820,29768,28686,30065,19060,41274,32146,27064,37252
32790,32759,32907,32335,32183,33764,36664,30060,34080,32629,36680,29944,28848,27913,19940,36976,30480,26988,33188
32775,32718,32743,33415,32118,33764,36664,30060,34080,32629,36680,29944,28848,27913,19940,36976,30480,26988,33188
32722,32773,32998,33778,32615,33764,36664,30060,34080,32629,36680,29944,28848,27913,19940,36976,30480,26988,33188
32681,32871,32711,33599,32941,33764,36664,30060,34080,32629,36680,29944,28848,27913,19940,36976,30480,26988,33188
32716,32775,32793,33679,33115,33764,36664,30060,34080,32629,36680,29944,28848,27913,19940,36976,30480,26988,33188
32742,32737,32817,33882,33145,33764,36664,30060,34080,32629,36680,29944,28848,27913,19940,36976,30480,26988,33188
32704,32746,32763,33426,33221,33764,36664,30060,34080,32629,36680,29944,28848,27913,19940,36976,30480,26988,33188
32752,32662,32832,30929,32919,33764,36664,30060,34080,32629,36680,29944,28848,27913,19940,36976,30480,26988,33188
32741,32723,32665,30833,32592,33764,36664,30060,34080,32629,36680,29944,28848,27913,19940,36976,30480,26988,33188
32816,32851,32858,33285,32418,33764,36664,30060,34080,32629,36680,29944,28848,27913,19940,36976,30480,26988,33188
32834,32859,32591,33491,32353,33756,36344,30072,34280,33754,36346,29725,28864,27325,20869,34320,30024,24096,30752
32778,32914,32835,33575,32219,33756,36344,30072,34280,33754,36346,29725,28864,27325,20869,34320,30024,24096,30752
32663,32837,32587,33140,32398,33756,36344,30072,34280,33754,36346,29725,28864,27325,20869,34320,30024,24096,30752
32766,32747,32863,33043,32699,33756,36344,30072,34280,33754,36346,29725,28864,27325,20869,34320,30024,24096,30752
32668,32791,32788,32899,33346,33756,36344,30072,34280,33754,36346,29725,28864,27325,20869,34320,30024,24096,30752
32773,32765,32687,33311,33517,33756,36344,30072,34280,33754,36346,29725,28864,27325,20869,34320,30024,24096,30752
32818,32718,32769,33023,33463,33756,36344,30072,34280,33754,36346,29725,28864,27325,20869,34320,30024,24096,30752
32810,32722,32573,33171,33261,33756,36344,30072,34280,33754,36346,29725,28864,27325,20869,34320,30024,24096,30752
32918,32643,32823,33043,32591,33756,36344,30072,34280,33754,36346,29725,28864,27325,20869,34320,30024,24096,30752
32966,32655,32567,33255,33039,33756,36344,30072,34280,33754,36346,29725,28864,27325,20869,34320,30024,24096,30752
32932,32767,32798,33170,32830,33504,35840,29844,34148,34104,35946,29548,29072,27424,21466,32825,28036,24353,26284
32895,32709,32657,32959,32315,33504,35840,29844,34148,34104,35946,29548,29072,27424,21466,32825,28036,24353,26284
32922,32775,32743,33183,31879,33504,35840,29844,34148,34104,35946,29548,29072,27424,21466,32825,28036,24353,26284
32928,32689,32662,32995,32501,33504,35840,29844,34148,34104,35946,29548,29072,27424,21466,32825,28036,24353,26284
32829,32691,32745,33275,32873,33504,35840,29844,34148,34104,35946,29548,29072,27424,21466,32825,28036,24353,26284
32724,32677,32603,32980,32963,33504,35840,29844,34148,34104,35946,29548,29072,27424,21466,32825,28036,24353,26284
32716,32755,32869,33233,32743,33504,35840,29844,34148,34104,35946,29548,29072,27424,21466,32825,28036,24353,26284
32634,32769,32658,33159,33031,33504,35840,29844,34148,34104,35946,29548,29072,27424,21466,32825,28036,24353,26284
32679,32839,32823,33275,33055,33504,35840,29844,34148,34104,35946,29548,29072,27424,21466,32825,28036,24353,26284
32684,32816,32783,33337,32743,33504,35840,29844,34148,34104,35946,29548,29072,27424,21466,32825,28036,24353,26284
32648,32785,32693,33187,32739,33440,35476,29332,34328,33632,35872,29516,29174,26792,22494,30184,28176,24532,25810
32685,32753,32711,33460,32923,33440,35476,29332,34328,33632,35872,29516,29174,26792,22494,30184,28176,24532,25810
32669,32461,32839,33027,32701,33440,35476,29332,34328,33632,35872,29516,29174,26792,22494,30184,28176,24532,25810
32692,32325,32743,32991,32582,33440,35476,29332,34328,33632,35872,29516,29174,26792,22494,30184,28176,24532,25810
32722,32378,32846,33132,32587,33440,35476,29332,34328,33632,35872,29516,29174,26792,22494,30184,28176,24532,25810
32648,32533,32673,32962,32821,33440,35476,29332,34328,33632,35872,29516,29174,26792,22494,30184,28176,24532,25810
32734,33055,32775,32374,32857,33440,35476,29332,34328,33632,35872,29516,29174,26792,22494,30184,28176,24532,25810
32694,33347,32751,32532,32918,33440,35476,29332,34328,33632,35872,29516,29174,26792,22494,30184,28176,24532,25810
32715,33197,32749,33003,33295,33440,35476,29332,34328,33632,35872,29516,29174,26792,22494,30184,28176,24532,25810
32724,32771,32795,32983,32848,33440,35476,29332,34328,33632,35872,29516,29174,26792,22494,30184,28176,24532,25810
32728,32691,32731,33225,32922,33340,35532,29193,34356,33026,36162,29636,29265,26742,22863,29454,28981,25024,29828
32812,32775,32934,33153,32886,33340,35532,29193,34356,33026,36162,29636,29265,26742,22863,29454,28981,25024,29828
32816,32884,32773,33469,32806,33340,35532,29193,34356,33026,36162,29636,29265,26742,22863,29454,28981,25024,29828
32809,33018,32902,33179,32839,33340,35532,29193,34356,33026,36162,29636,29265,26742,22863,29454,28981,25024,29828
32836,32837,32711,33099,32855,33340,35532,29193,34356,33026,36162,29636,29265,26742,22863,29454,28981,25024,29828
32876,32708,32943,33275,32655,33340,35532,29193,34356,33026,36162,29636,29265,26742,22863,29454,28981,25024,29828
32815,32703,32789,33437,32845,33340,35532,29193,34356,33026,36162,29636,29265,26742,22863,29454,28981,25024,29828
32853,32647,32903,33723,33095,33340,35532,29193,34356,33026,36162,29636,29265,26742,22863,29454,28981,25024,29828
32816,32895,32851,33474,32946,33340,35532,29193,34356,33026,36162,29636,29265,26742,22863,29454,28981,25024,29828
32780,33195,32689,33323,32921,33340,35532,29193,34356,33026,36162,29636,29265,26742,22863,29454,28981,25024,29828
32819,32879,32859,33543,32879,32856,35770,29256,34376,32640,36392,29864,29380,26868,23704,27864,33136,27354,29998
32745,32735,32614,32999,33025,32856,35770,29256,34376,32640,36392,29864,29380,26868,23704,27864,33136,27354,29998
32726,32641,32841,33015,32581,32856,35770,29256,34376,32640,36392,29864,29380,26868,23704,27864,33136,27354,29998
32724,32603,32775,33382,32550,32856,35770,29256,34376,32640,36392,29864,29380,26868,23704,27864,33136,27354,29998
32727,32731,32851,32514,32493,32856,35770,29256,34376,32640,36392,29864,29380,26868,23704,27864,33136,27354,29998
32740,32759,32856,32765,32911,32856,35770,29256,34376,32640,36392,29864,29380,26868,23704,27864,33136,27354,29998
32732,32775,32706,32967,32803,32856,35770,29256,34376,32640,36392,29864,29380,26868,23704,27864,33136,27354,29998
32740,32788,32794,33058,32831,32856,35770,29256,34376,32640,36392,29864,29380,26868,23704,27864,33136,27354,29998
32783,32766,32763,33190,32807,32856,35770,29256,34376,32640,36392,29864,29380,26868,23704,27864,33136,27354,29998
32748,32742,32883,33047,33081,32856,35770,29256,34376,32640,36392,29864,29380,26868,23704,27864,33136,27354,29998
32791,32741,32751,32902,33045,32752,36121,29532,34268,32673,36463,30040,29388,27041,24726,28552,30057,27121,29690
32800,32715,32825,33045,32679,32752,36121,29532,34268,32673,36463,30040,29388,27041,24726,28552,30057,27121,29690
32808,32639,32709,32994,32879,32752,36121,29532,34268,32673,36463,30040,29388,27041,24726,28552,30057,27121,29690
32784,32599,32903,33263,33091,32752,36121,29532,34268,32673,36463,30040,29388,27041,24726,28552,30057,27121,29690
32770,32675,32675,33230,32687,32752,36121,29532,34268,32673,36463,30040,29388,27041,24726,28552,30057,27121,29690
32717,32759,32827,33251,32891,32752,36121,29532,34268,32673,36463,30040,29388,27041,24726,28552,30057,27121,29690
32781,32837,32722,33388,32745,32752,36121,29532,34268,32673,36463,30040,29388,27041,24726,28552,30057,27121,29690
32728,32797,32886,33093,32579,32752,36121,29532,34268,32673,36463,30040,29388,27041,24726,28552,30057,27121,29690
32707,32703,32644,33155,32487,32752,36121,29532,34268,32673,36463,30040,29388,27041,24726,28552,30057,27121,29690
32757,32695,32805,32883,32645,32752,36121,29532,34268,32673,36463,30040,29388,27041,24726,28552,30057,27121,29690
32789,32675,32630,33212,32486,32716,36456,29716,34380,33042,36528,30060,29500,27116,25504,28641,29989,25960,30108
32804,32649,32774,33230,32334,32716,36456,29716,34380,33042,36528,30060,29500,27116,25504,28641,29989,25960,30108
32767,32647,32608,33223,32263,32716,36456,29716,34380,33042,36528,30060,29500,27116,25504,28641,29989,25960,30108
32770,32675,32790,33335,32530,32716,36456,29716,34380,33042,36528,30060,29500,27116,25504,28641,29989,25960,30108
32726,32763,32638,33168,32672,32716,36456,29716,34380,33042,36528,30060,29500,27116,25504,28641,29989,25960,30108
32711,32859,32659,33139,32958,32716,36456,29716,34380,33042,36528,30060,29500,27116,25504,28641,29989,25960,30108
32699,32865,32735,33075,32978,32716,36456,29716,34380,33042,36528,30060,29500,27116,25504,28641,29989,25960,30108
32697,32753,32647,33061,32830,32716,36456,29716,34380,33042,36528,30060,29500,27116,25504,28641,29989,25960,30108
32664,32765,32634,32921,32967,32716,36456,29716,34380,33042,36528,30060,29500,27116,25504,28641,29989,25960,30108
32732,32639,32871,32891,32583,32716,36456,29716,34380,33042,36528,30060,29500,27116,25504,28641,29989,25960,30108
32724,32671,32788,33203,32841,32814,36532,29898,34428,32852,36556,30156,29656,27040,26104,28764,31772,26976,31168
32730,32703,32775,33332,32679,32814,36532,29898,34428,32852,36556,30156,29656,27040,26104,28764,31772,26976,31168
32725,32807,32851,33282,32745,32814,36532,29898,34428,32852,36556,30156,29656,27040,26104,28764,31772,26976,31168
32794,32775,32716,32974,32898,32814,36532,29898,34428,32852,36556,30156,29656,27040,26104,28764,31772,26976,31168
32741,32773,32861,33313,32909,32814,36532,29898,34428,32852,36556,30156,29656,27040,26104,28764,31772,26976,31168
32720,32629,32807,33317,32765,32814,36532,29898,34428,32852,36556,30156,29656,27040,26104,28764,31772,26976,31168
32756,32611,32829,33207,32663,32814,36532,29898,34428,32852,36556,30156,29656,27040,26104,28764,31772,26976,31168
32728,32678,32743,33211,32917,32814,36532,29898,34428,32852,36556,30156,29656,27040,26104,28764,31772,26976,31168
32702,32735,32642,33037,32921,32814,36532,29898,34428,32852,36556,30156,29656,27040,26104,28764,31772,26976,31168
32830,32771,32747,33050,32775,32814,36532,29898,34428,32852,36556,30156,29656,27040,26104,28764,31772,26976,31168
32746,32735,32662,32857,32847,32960,36536,30056,34264,32710,36606,30264,29824,27037,26912,27842,31444,28580,28941
32801,32664,32715,33109,32821,32960,36536,30056,34264,32710,36606,30264,29824,27037,26912,27842,31444,28580,28941
32758,32722,32707,33335,32649,32960,36536,30056,34264,32710,36606,30264,29824,27037,26912,27842,31444,28580,28941
32817,32754,32615,33135,32495,32960,36536,30056,34264,32710,36606,30264,29824,27037,26912,27842,31444,28580,28941
32818,32795,32677,33087,32669,32960,36536,30056,34264,32710,36606,30264,29824,27037,26912,27842,31444,28580,28941
32769,32807,32581,32820,32674,32960,36536,30056,34264,32710,36606,30264,29824,27037,26912,27842,31444,28580,28941
32740,32700,32623,33023,32818,32960,36536,30056,34264,32710,36606,30264,29824,27037,26912,27842,31444,28580,28941
32767,32738,32532,33047,33287,32960,36536,30056,34264,32710,36606,30264,29824,27037,26912,27842,31444,28580,28941
32712,32842,32759,33227,33017,32960,36536,30056,34264,32710,36606,30264,29824,27037,26912,27842,31444,28580,28941
32722,32871,32591,33043,32767,32960,36536,30056,34264,32710,36606,30264,29824,27037,26912,27842,31444,28580,28941
32775,32803,32839,33004,32865,32952,36624,30228,34460,33240,36780,30376,29868,27094,27632,26972,33420,28332,29405
32782,32803,32582,33181,32993,32952,36624,30228,34460,33240,36780,30376,29868,27094,27632,26972,33420,28332,29405
32754,32898,32757,33222,32893,32952,36624,30228,34460,33240,36780,30376,29868,27094,27632,26972,33420,28332,29405
32833,32871,32708,33115,32773,32952,36624,30228,34460,33240,36780,30376,29868,27094,27632,26972,33420,28332,29405
32705,32903,32831,33130,32515,32952,36624,30228,34460,33240,36780,30376,29868,27094,27632,26972,33420,28332,29405
32697,32775,32669,33359,32693,32952,36624,30228,34460,33240,36780,30376,29868,27094,27632,26972,33420,28332,29405
32692,32725,32855,33238,32669,32952,36624,30228,34460,33240,36780,30376,29868,27094,27632,26972,33420,28332,29405
32718,32787,32711,33333,32863,32952,36624,30228,34460,33240,36780,30376,29868,27094,27632,26972,33420,28332,29405
32732,32826,32902,33269,32933,32952,36624,30228,34460,33240,36780,30376,29868,27094,27632,26972,33420,28332,29405
32742,32839,32807,33205,32748,32952,36624,30228,34460,33240,36780,30376,29868,27094,27632,26972,33420,28332,29405
32680,32747,32894,33189,32877,32820,36672,30344,34428,32728,36664,30555,30043,26992,28361,27565,33301,27296,28172
32685,32787,32686,33029,32949,32820,36672,30344,34428,32728,36664,30555,30043,26992,28361,27565,33301,27296,28172
32712,32787,32743,33259,33159,32820,36672,30344,34428,32728,36664,30555,30043,26992,28361,27565,33301,27296,28172
32649,32727,32775,32999,32530,32820,36672,30344,34428,32728,36664,30555,30043,26992,28361,27565,33301,27296,28172
32684,32652,32549,33287,32507,32820,36672,30344,34428,32728,36664,30555,30043,26992,28361,27565,33301,27296,28172
32727,32687,32786,33079,32885,32820,36672,30344,34428,32728,36664,30555,30043,26992,28361,27565,33301,27296,28172
32757,32839,32652,33265,33039,32820,36672,30344,34428,32728,36664,30555,30043,26992,28361,27565,33301,27296,28172
32748,32729,32727,33098,32787,32820,36672,30344,34428,32728,36664,30555,30043,26992,28361,27565,33301,27296,28172
32797,32569,32572,33415,32291,32820,36672,30344,34428,32728,36664,30555,30043,26992,28361,27565,33301,27296,28172
32807,32535,32793,33303,32315,32820,36672,30344,34428,32728,36664,30555,30043,26992,28361,27565,33301,27296,28172
32790,32448,32634,33159,32390,32704,36592,30468,34500,33016,36773,30688,30024,27487,27581,27564,29641,27627,28944
32788,32371,32739,33018,32654,32704,36592,30468,34500,33016,36773,30688,30024,27487,27581,27564,29641,27627,28944
32740,32523,32763,33373,32849,32704,36592,30468,34500,33016,36773,30688,30024,27487,27581,27564,29641,27627,28944
32757,32605,32802,33507,33007,32704,36592,30468,34500,33016,36773,30688,30024,27487,27581,27564,29641,27627,28944
32717,32703,32691,33017,33154,32704,36592,30468,34500,33016,36773,30688,30024,27487,27581,27564,29641,27627,28944
32830,32843,32745,32720,32866,32704,36592,30468,34500,33016,36773,30688,30024,27487,27581,27564,29641,27627,28944
32844,32925,32735,32103,32523,32704,36592,30468,34500,33016,36773,30688,30024,27487,27581,27564,29641,27627,28944
32804,32982,32790,32334,32619,32704,36592,30468,34500,33016,36773,30688,30024,27487,27581,27564,29641,27627,28944
32873,32806,32895,32829,32681,32704,36592,30468,34500,33016,36773,30688,30024,27487,27581,27564,29641,27627,28944
32830,32831,32719,33287,32799,32704,36592,30468,34500,33016,36773,30688,30024,27487,27581,27564,29641,27627,28944
32815,32827,32835,33097,32891,32576,36480,30460,34488,33052,36630,30792,30208,27629,28914,27524,28988,25570,28128
32844,32961,32822,33318,32775,32576,36480,30460,34488,33052,36630,30792,30208,27629,28914,27524,28988,25570,28128
32779,33090,32727,33193,32839,32576,36480,30460,34488,33052,36630,30792,30208,27629,28914,27524,28988,25570,28128
32805,33079,32862,34151,32863,32576,36480,30460,34488,33052,36630,30792,30208,27629,28914,27524,28988,25570,28128
32810,32957,32797,33644,32769,32576,36480,30460,34488,33052,36630,30792,30208,27629,28914,27524,28988,25570,28128
32809,32833,32845,33315,33127,32576,36480,30460,34488,33052,36630,30792,30208,27629,28914,27524,28988,25570,28128
32821,32727,32936,32629,32890,32576,36480,30460,34488,33052,36630,30792,30208,27629,28914,27524,28988,25570,28128
32842,32671,32694,32357,32533,32576,36480,30460,34488,33052,36630,30792,30208,27629,28914,27524,28988,25570,28128
32842,32531,32929,33081,32518,32576,36480,30460,34488,33052,36630,30792,30208,27629,28914,27524,28988,25570,28128
32862,32605,32802,33321,32541,32576,36480,30460,34488,33052,36630,30792,30208,27629,28914,27524,28988,25570,28128
32818,32615,32883,33445,32861,32594,36762,30612,34520,32992,36716,30864,30320,27438,30420,27272,29902,27145,29551
32788,32637,32933,33076,32761,32594,36762,30612,34520,32992,36716,30864,30320,27438,30420,27272,29902,27145,29551
32805,32711,32833,33042,32831,32594,36762,30612,34520,32992,36716,30864,30320,27438,30420,27272,29902,27145,29551
32803,32838,32869,32903,32775,32594,36762,30612,34520,32992,36716,30864,30320,27438,30420,27272,29902,27145,29551
32787,32757,32823,32390,32749,32594,36762,30612,34520,32992,36716,30864,30320,27438,30420,27272,29902,27145,29551
32770,32675,32702,33527,32863,32594,36762,30612,34520,32992,36716,30864,30320,27438,30420,27272,29902,27145,29551
32786,32837,32703,33965,32859,32594,36762,30612,34520,32992,36716,30864,30320,27438,30420,27272,29902,27145,29551
32780,32931,32775,33487,32886,32594,36762,30612,34520,32992,36716,30864,30320,27438,30420,27272,29902,27145,29551
32736,32929,32579,33282,32983,32594,36762,30612,34520,32992,36716,30864,30320,27438,30420,27272,29902,27145,29551
32731,32735,32787,33075,33013,32594,36762,30612,34520,32992,36716,30864,30320,27438,30420,27272,29902,27145,29551
32728,32607,32601,32787,33028,32580,36892,30828,34408,33024,36704,30896,30384,27148,31816,25910,30400,26142,31633
32759,32629,32623,32953,32863,32580,36892,30828,34408,33024,36704,30896,30384,27148,31816,25910,30400,26142,31633
32702,32853,32849,33117,32881,32580,36892,30828,34408,33024,36704,30896,30384,27148,31816,25910,30400,26142,31633
32726,32998,32645,33478,32659,32580,36892,30828,34408,33024,36704,30896,30384,27148,31816,25910,30400,26142,31633
32775,32903,32743,33623,32697,32580,36892,30828,34408,33024,36704,30896,30384,27148,31816,25910,30400,26142,31633
32728,32943,32855,33677,32987,32580,36892,30828,34408,33024,36704,30896,30384,27148,31816,25910,30400,26142,31633
32806,32823,32677,32989,32887,32580,36892,30828,34408,33024,36704,30896,30384,27148,31816,25910,30400,26142,31633
32805,32775,32893,33193,32787,32580,36892,30828,34408,33024,36704,30896,30384,27148,31816,25910,30400,26142,31633
32774,32759,32815,33099,32834,32580,36892,30828,34408,33024,36704,30896,30384,27148,31816,25910,30400,26142,31633
32766,32775,32706,33067,32799,32580,36892,30828,34408,33024,36704,30896,30384,27148,31816,25910,30400,26142,31633
32681,32757,32793,33145,32885,32672,36868,30840,34488,33078,36676,30872,30456,26927,32688,24864,31705,26172,30100
32715,32703,32845,32933,33007,32672,36868,30840,34488,33078,36676,30872,30456,26927,32688,24864,31705,26172,30100
32696,32758,32669,33157,32766,32672,36868,30840,34488,33078,36676,30872,30456,26927,32688,24864,31705,26172,30100
32738,32773,32805,32977,32587,32672,36868,30840,34488,33078,36676,30872,30456,26927,32688,24864,31705,26172,30100
32754,32714,32793,33037,32614,32672,36868,30840,34488,33078,36676,30872,30456,26927,32688,24864,31705,26172,30100
32719,32807,32685,33223,32455,32672,36868,30840,34488,33078,36676,30872,30456,26927,32688,24864,31705,26172,30100
32774,32793,32871,33083,32918,32672,36868,30840,34488,33078,36676,30872,30456,26927,32688,24864,31705,26172,30100
32772,32743,32673,32987,32967,32672,36868,30840,34488,33078,36676,30872,30456,26927,32688,24864,31705,26172,30100
32723,32761,32671,33119,32815,32672,36868,30840,34488,33078,36676,30872,30456,26927,32688,24864,31705,26172,30100
32743,32769,32775,33245,32834,32672,36868,30840,34488,33078,36676,30872,30456,26927,32688,24864,31705,26172,30100
32775,32775,32672,32903,32833,32848,36726,30768,34393,33064,36686,30802,30465,27365,32780,25714,33077,26415,30864
32818,32759,32799,32899,32691,32848,36726,30768,34393,33064,36686,30802,30465,27365,32780,25714,33077,26415,30864
32859,32754,32862,32695,32837,32848,36726,30768,34393,33064,36686,30802,30465,27365,32780,25714,33077,26415,30864
32860,32807,32687,33086,33007,32848,36726,30768,34393,33064,36686,30802,30465,27365,32780,25714,33077,26415,30864
32851,32716,32821,32819,32748,32848,36726,30768,34393,33064,36686,30802,30465,27365,32780,25714,33077,26415,30864
32836,32674,32862,32981,32642,32848,36726,30768,34393,33064,36686,30802,30465,27365,32780,25714,33077,26415,30864
32866,32564,32731,33062,32563,32848,36726,30768,34393,33064,36686,30802,30465,27365,32780,25714,33077,26415,30864
32817,32647,32897,32454,32445,32848,36726,30768,34393,33064,36686,30802,30465,27365,32780,25714,33077,26415,30864
32819,32743,32823,33495,32379,32848,36726,30768,34393,33064,36686,30802,30465,27365,32780,25714,33077,26415,30864
32748,32732,32903,34639,32301,32848,36726,30768,34393,33064,36686,30802,30465,27365,32780,25714,33077,26415,30864
32798,32679,32947,34006,32563,32988,36556,30424,34608,33074,36645,30776,30548,27688,32379,26768,29992,26440,31196
32794,32751,32762,33257,32834,32988,36556,30424,34608,33074,36645,30776,30548,27688,32379,26768,29992,26440,31196
32868,32719,32947,33582,33092,32988,36556,30424,34608,33074,36645,30776,30548,27688,32379,26768,29992,26440,31196
32817,32767,32787,33063,32827,32988,36556,30424,34608,33074,36645,30776,30548,27688,32379,26768,29992,26440,31196
32805,32995,32855,31447,32771,32988,36556,30424,34608,33074,36645,30776,30548,27688,32379,26768,29992,26440,31196
32805,32919,32889,30199,32871,32988,36556,30424,34608,33074,36645,30776,30548,27688,32379,26768,29992,26440,31196
32834,32790,32663,30279,33053,32988,36556,30424,34608,33074,36645,30776,30548,27688,32379,26768,29992,26440,31196
32788,32707,32816,31458,32970,32988,36556,30424,34608,33074,36645,30776,30548,27688,32379,26768,29992,26440,31196
32787,32719,32613,32731,32623,32988,36556,30424,34608,33074,36645,30776,30548,27688,32379,26768,29992,26440,31196
32806,32829,32671,33597,32519,32988,36556,30424,34608,33074,36645,30776,30548,27688,32379,26768,29992,26440,31196
32816,33021,32786,35143,32530,33088,36412,30092,34632,32924,36756,30772,30720,27624,32344,27008,32928,25544,33230
32780,32962,32669,35229,32911,33088,36412,30092,34632,32924,36756,30772,30720,27624,32344,27008,32928,25544,33230
32806,32839,32894,35387,33055,33088,36412,30092,34632,32924,36756,30772,30720,27624,32344,27008,32928,25544,33230
32758,32797,32657,34131,32743,33088,36412,30092,34632,32924,36756,30772,30720,27624,32344,27008,32928,25544,33230
32667,32835,32806,33607,32524,33088,36412,30092,34632,32924,36756,30772,30720,27624,32344,27008,32928,25544,33230
32774,32870,32839,33204,32605,33088,36412,30092,34632,32924,36756,30772,30720,27624,32344,27008,32928,25544,33230
32826,32877,32755,33255,32754,33088,36412,30092,34632,32924,36756,30772,30720,27624,32344,27008,32928,25544,33230
32805,32796,32826,32706,32866,33088,36412,30092,34632,32924,36756,30772,30720,27624,32344,27008,32928,25544,33230
32791,32795,32751,32479,32794,33088,36412,30092,34632,32924,36756,30772,30720,27624,32344,27008,32928,25544,33230
32811,32807,32864,32527,32826,33088,36412,30092,34632,32924,36756,30772,30720,27624,32344,27008,32928,25544,33230
32818,32685,32647,32957,32999,33280,36344,29848,34672,33012,36776,30772,30773,27550,32192,27637,30333,25885,30892
32688,32651,32863,33183,32895,33280,36344,29848,34672,33012,36776,30772,30773,27550,32192,27637,30333,25885,30892
32742,32710,32803,32891,32763,33280,36344,29848,34672,33012,36776,30772,30773,27550,32192,27637,30333,25885,30892
32746,32799,32902,32990,32787,33280,36344,29848,34672,33012,36776,30772,30773,27550,32192,27637,30333,25885,30892
32703,32811,32699,32879,32977,33280,36344,29848,34672,33012,36776,30772,30773,27550,32192,27637,30333,25885,30892
32741,32785,32857,33018,32987,33280,36344,29848,34672,33012,36776,30772,30773,27550,32192,27637,30333,25885,30892
32714,32755,32745,32846,32789,33280,36344,29848,34672,33012,36776,30772,30773,27550,32192,27637,30333,25885,30892
32700,32710,32793,32957,32571,33280,36344,29848,34672,33012,36776,30772,30773,27550,32192,27637,30333,25885,30892
32721,32715,32774,32836,32431,33280,36344,29848,34672,33012,36776,30772,30773,27550,32192,27637,30333,25885,30892
32733,32723,32630,33036,32423,33280,36344,29848,34672,33012,36776,30772,30773,27550,32192,27637,30333,25885,30892
32754,32711,32827,32999,32956,33460,36289,29686,34464,33050,36744,30836,30848,27506,31940,28292,29244,25701,33280
32775,32601,32558,33103,32995,33460,36289,29686,34464,33050,36744,30836,30848,27506,31940,28292,29244,25701,33280
32740,32679,32811,33067,33001,33460,36289,29686,34464,33050,36744,30836,30848,27506,31940,28292,29244,25701,33280
32740,32645,32735,33111,32855,33460,36289,29686,34464,33050,36744,30836,30848,27506,31940,28292,29244,25701,33280
32752,32658,32766,33167,32738,33460,36289,29686,34464,33050,36744,30836,30848,27506,31940,28292,29244,25701,33280
32772,32662,32889,33107,32655,33460,36289,29686,34464,33050,36744,30836,30848,27506,31940,28292,29244,25701,33280
32767,32775,32684,33227,32847,33460,36289,29686,34464,33050,36744,30836,30848,27506,31940,28292,29244,25701,33280
32758,32729,32896,33158,33085,33460,36289,29686,34464,33050,36744,30836,30848,27506,31940,28292,29244,25701,33280
32761,32621,32775,33217,32790,33460,36289,29686,34464,33050,36744,30836,30848,27506,31940,28292,29244,25701,33280
32760,32731,32843,33188,32735,33460,36289,29686,34464,33050,36744,30836,30848,27506,31940,28292,29244,25701,33280
32754,32623,32775,33303,32909,33520,36352,29601,34672,33248,36816,30708,30906,27536,31964,28649,32636,25916,30304
32714,32762,32829,33318,32839,33520,36352,29601,34672,33248,36816,30708,30906,27536,31964,28649,32636,25916,30304
32748,32775,32663,33133,32775,33520,36352,29601,34672,33248,36816,30708,30906,27536,31964,28649,32636,25916,30304
32776,32677,32819,33191,32764,33520,36352,29601,34672,33248,36816,30708,30906,27536,31964,28649,32636,25916,30304
32748,32655,32671,33055,32759,33520,36352,29601,34672,33248,36816,30708,30906,27536,31964,28649,32636,25916,30304
32717,32703,32767,32914,32755,33520,36352,29601,34672,33248,36816,30708,30906,27536,31964,28649,32636,25916,30304
32728,32687,32583,32866,32901,33520,36352,29601,34672,33248,36816,30708,30906,27536,31964,28649,32636,25916,30304
32809,32623,32813,32975,33057,33520,36352,29601,34672,33248,36816,30708,30906,27536,31964,28649,32636,25916,30304
32770,32525,32706,33485,33091,33520,36352,29601,34672,33248,36816,30708,30906,27536,31964,28649,32636,25916,30304
32770,32578,32716,33973,32977,33520,36352,29601,34672,33248,36816,30708,30906,27536,31964,28649,32636,25916,30304
32803,32593,32843,33821,32786,33596,36464,29556,34676,33344,36824,30672,30968,27921,31923,29216,28764,26212,32356
32812,32733,32743,32639,32607,33596,36464,29556,34676,33344,36824,30672,30968,27921,31923,29216,28764,26212,32356
32775,32806,32807,32513,32678,33596,36464,29556,34676,33344,36824,30672,30968,27921,31923,29216,28764,26212,32356
32775,32931,32645,32907,32653,33596,36464,29556,34676,33344,36824,30672,30968,27921,31923,29216,28764,26212,32356
32819,32796,32829,33183,32730,33596,36464,29556,34676,33344,36824,30672,30968,27921,31923,29216,28764,26212,32356
32791,33023,32879,32933,32822,33596,36464,29556,34676,33344,36824,30672,30968,27921,31923,29216,28764,26212,32356
32756,33135,32681,33263,32677,33596,36464,29556,34676,33344,36824,30672,30968,27921,31923,29216,28764,26212,32356
32707,33069,32786,33432,32645,33596,36464,29556,34676,33344,36824,30672,30968,27921,31923,29216,28764,26212,32356
32722,32987,32988,33407,32813,33596,36464,29556,34676,33344,36824,30672,30968,27921,31923,29216,28764,26212,32356
32714,32917,32793,31234,32681,33596,36464,29556,34676,33344,36824,30672,30968,27921,31923,29216,28764,26212,32356
32750,32854,32775,32579,32839,33536,36504,29588,34488,33390,36912,30624,30860,28254,31533,29660,32028,26460,29943
32688,32796,32829,33696,32671,33536,36504,29588,34488,33390,36912,30624,30860,28254,31533,29660,32028,26460,29943
32700,32765,32601,32587,32529,33536,36504,29588,34488,33390,36912,30624,30860,28254,31533,29660,32028,26460,29943
32775,32835,32845,33093,32348,33536,36504,29588,34488,33390,36912,30624,30860,28254,31533,29660,32028,26460,29943
32758,32883,32685,33985,32622,33536,36504,29588,34488,33390,36912,30624,30860,28254,31533,29660,32028,26460,29943
32713,32835,32683,34373,32943,33536,36504,29588,34488,33390,36912,30624,30860,28254,31533,29660,32028,26460,29943
32827,32707,32665,33263,32841,33536,36504,29588,34488,33390,36912,30624,30860,28254,31533,29660,32028,26460,29943
32775,32803,32722,33255,32983,33536,36504,29588,34488,33390,36912,30624,30860,28254,31533,29660,32028,26460,29943
32752,32701,32666,33209,32991,33536,36504,29588,34488,33390,36912,30624,30860,28254,31533,29660,32028,26460,29943
32675,32620,32767,32994,32835,33536,36504,29588,34488,33390,36912,30624,30860,28254,31533,29660,32028,26460,29943
32711,32621,32677,33107,32716,33434,36512,29756,34457,33400,36876,30569,30881,28733,31161,30116,32074,26348,31264
32726,32655,32625,32852,32573,33434,36512,29756,34457,33400,36876,30569,30881,28733,31161,30116,32074,26348,31264
32749,32743,32547,33126,32659,33434,36512,29756,34457,33400,36876,30569,30881,28733,31161,30116,32074,26348,31264
32694,32725,32463,33027,32715,33434,36512,29756,34457,33400,36876,30569,30881,28733,31161,30116,32074,26348,31264
32742,32642,32655,33001,32685,33434,36512,29756,34457,33400,36876,30569,30881,28733,31161,30116,32074,26348,31264
32775,32695,32738,33091,32593,33434,36512,29756,34457,33400,36876,30569,30881,28733,31161,30116,32074,26348,31264
32760,32579,32765,32931,32557,33434,36512,29756,34457,33400,36876,30569,30881,28733,31161,30116,32074,26348,31264
32724,32669,33010,33127,32700,33434,36512,29756,34457,33400,36876,30569,30881,28733,31161,30116,32074,26348,31264
32766,32772,33031,33011,32775,33434,36512,29756,34457,33400,36876,30569,30881,28733,31161,30116,32074,26348,31264
32784,32799,32867,33305,32895,33434,36512,29756,34457,33400,36876,30569,30881,28733,31161,30116,32074,26348,31264
32750,32839,33123,33010,32947,33304,36496,29888,34612,33267,36852,30600,31020,28976,30920,30436,28286,26159,29124
32820,32843,32936,33149,33127,33304,36496,29888,34612,33267,36852,30600,31020,28976,30920,30436,28286,26159,29124
32667,32851,33060,33095,32947,33304,36496,29888,34612,33267,36852,30600,31020,28976,30920,30436,28286,26159,29124
32654,32819,32963,33283,32763,33304,36496,29888,34612,33267,36852,30600,31020,28976,30920,30436,28286,26159,29124
32745,32823,32999,33159,32767,33304,36496,29888,34612,33267,36852,30600,31020,28976,30920,30436,28286,26159,29124
32765,32731,32975,33007,32811,33304,36496,29888,34612,33267,36852,30600,31020,28976,30920,30436,28286,26159,29124
32709,32711,33047,33215,32995,33304,36496,29888,34612,33267,36852,30600,31020,28976,30920,30436,28286,26159,29124
32732,32819,32870,33098,32678,33304,36496,29888,34612,33267,36852,30600,31020,28976,30920,30436,28286,26159,29124
32724,32847,33055,33085,32675,33304,36496,29888,34612,33267,36852,30600,31020,28976,30920,30436,28286,26159,29124
32768,32775,32903,33106,32621,33304,36496,29888,34612,33267,36852,30600,31020,28976,30920,30436,28286,26159,29124
32743,32743,32809,33119,32685,33166,36512,30002,34492,33210,36810,30578,31040,28921,30738,30464,29272,25842,31757
32775,32811,32927,33183,32887,33166,36512,30002,34492,33210,36810,30578,31040,28921,30738,30464,29272,25842,31757
32774,32768,32699,33005,32963,33166,36512,30002,34492,33210,36810,30578,31040,28921,30738,30464,29272,25842,31757
32782,32743,32939,33235,32738,33166,36512,30002,34492,33210,36810,30578,31040,28921,30738,30464,29272,25842,31757
32794,32755,32870,33159,32707,33166,36512,30002,34492,33210,36810,30578,31040,28921,30738,30464,29272,25842,31757
32866,32716,32826,33229,32935,33166,36512,30002,34492,33210,36810,30578,31040,28921,30738,30464,29272,25842,31757
32886,32722,32927,33303,32854,33166,36512,30002,34492,33210,36810,30578,31040,28921,30738,30464,29272,25842,31757
32867,32632,32767,33519,33069,33166,36512,30002,34492,33210,36810,30578,31040,28921,30738,30464,29272,25842,31757
32896,32647,32875,33427,32999,33166,36512,30002,34492,33210,36810,30578,31040,28921,30738,30464,29272,25842,31757
32851,32583,32647,33283,32827,33166,36512,30002,34492,33210,36810,30578,31040,28921,30738,30464,29272,25842,31757
32774,32637,32817,33063,32821,33072,36504,30034,34496,33152,36774,30638,31026,28840,30860,30300,31850,25852,31729
32756,32685,32748,33311,32795,33072,36504,30034,34496,33152,36774,30638,31026,28840,30860,30300,31850,25852,31729
32813,32859,32618,32962,32580,33072,36504,30034,34496,33152,36774,30638,31026,28840,30860,30300,31850,25852,31729
32784,32891,32802,33257,32469,33072,36504,30034,34496,33152,36774,30638,31026,28840,30860,30300,31850,25852,31729
32786,32818,32611,32407,32583,33072,36504,30034,34496,33152,36774,30638,31026,28840,30860,30300,31850,25852,31729
32735,32742,32825,32739,32685,33072,36504,30034,34496,33152,36774,30638,31026,28840,30860,30300,31850,25852,31729
32701,32667,32647,33043,32679,33072,36504,30034,34496,33152,36774,30638,31026,28840,30860,30300,31850,25852,31729
32717,32621,32953,33008,32751,33072,36504,30034,34496,33152,36774,30638,31026,28840,30860,30300,31850,25852,31729
32768,32834,32740,33429,32791,33072,36504,30034,34496,33152,36774,30638,31026,28840,30860,30300,31850,25852,31729
32751,32955,32930,33364,32895,33072,36504,30034,34496,33152,36774,30638,31026,28840,30860,30300,31850,25852,31729
32748,32950,32786,33647,32888,33040,36474,30072,34628,33032,36792,30700,31064,28977,31004,30340,31798,25836,30180
32789,32882,32974,33103,32990,33040,36474,30072,34628,33032,36792,30700,31064,28977,31004,30340,31798,25836,30180
32743,32797,32765,32391,33213,33040,36474,30072,34628,33032,36792,30700,31064,28977,31004,30340,31798,25836,30180
32826,32783,32929,32677,33031,33040,36474,30072,34628,33032,36792,30700,31064,28977,31004,30340,31798,25836,30180
32834,32734,32730,33074,32695,33040,36474,30072,34628,33032,36792,30700,31064,28977,31004,30340,31798,25836,30180
32787,32629,32903,32859,32599,33040,36474,30072,34628,33032,36792,30700,31064,28977,31004,30340,31798,25836,30180
32754,32669,32758,33223,32555,33040,36474,30072,34628,33032,36792,30700,31064,28977,31004,30340,31798,25836,30180
32762,32711,32796,33159,32485,33040,36474,30072,34628,33032,36792,30700,31064,28977,31004,30340,31798,25836,30180
32817,32557,32815,33321,32535,33040,36474,30072,34628,33032,36792,30700,31064,28977,31004,30340,31798,25836,30180
32762,32627,32827,33597,32686,33040,36474,30072,34628,33032,36792,30700,31064,28977,31004,30340,31798,25836,30180
32730,32765,32754,32770,32841,32952,36520,30088,34432,33204,36816,30712,31080,29124,31042,30649,29117,25857,28512
32699,32775,32871,32759,33605,32952,36520,30088,34432,33204,36816,30712,31080,29124,31042,30649,29117,25857,28512
32676,32806,32660,32934,32415,32952,36520,30088,34432,33204,36816,30712,31080,29124,31042,30649,29117,25857,28512
32709,32875,32873,33287,31215,32952,36520,30088,34432,33204,36816,30712,31080,29124,31042,30649,29117,25857,28512
32764,32806,32775,32989,33682,32952,36520,30088,34432,33204,36816,30712,31080,29124,31042,30649,29117,25857,28512
32754,32789,32703,32973,32573,32952,36520,30088,34432,33204,36816,30712,31080,29124,31042,30649,29117,25857,28512
32736,32894,32726,33323,32327,32952,36520,30088,34432,33204,36816,30712,31080,29124,31042,30649,29117,25857,28512
32740,32891,32630,34213,32925,32952,36520,30088,34432,33204,36816,30712,31080,29124,31042,30649,29117,25857,28512
32772,32822,32812,33835,32555,32952,36520,30088,34432,33204,36816,30712,31080,29124,31042,30649,29117,25857,28512
32761,32764,32623,33491,32643,32952,36520,30088,34432,33204,36816,30712,31080,29124,31042,30649,29117,25857,28512
32739,32695,32839,33149,32683,32910,36528,30048,34686,33080,36826,30750,31092,29358,31234,30232,31972,25873,31368
32747,32719,32689,32947,32964,32910,36528,30048,34686,33080,36826,30750,31092,29358,31234,30232,31972,25873,31368
32838,32737,32954,33042,32886,32910,36528,30048,34686,33080,36826,30750,31092,29358,31234,30232,31972,25873,31368
32829,32767,32716,32805,32751,32910,36528,30048,34686,33080,36826,30750,31092,29358,31234,30232,31972,25873,31368
32866,32839,32918,33129,32763,32910,36528,30048,34686,33080,36826,30750,31092,29358,31234,30232,31972,25873,31368
32848,32757,32775,32961,32845,32910,36528,30048,34686,33080,36826,30750,31092,29358,31234,30232,31972,25873,31368
32813,32742,32919,33025,32798,32910,36528,30048,34686,33080,36826,30750,31092,29358,31234,30232,31972,25873,31368
32797,32730,32655,33178,33047,32910,36528,30048,34686,33080,36826,30750,31092,29358,31234,30232,31972,25873,31368
32798,32735,32883,32971,33225,32910,36528,30048,34686,33080,36826,30750,31092,29358,31234,30232,31972,25873,31368
32823,32654,32645,33235,33066,32910,36528,30048,34686,33080,36826,30750,31092,29358,31234,30232,31972,25873,31368
32743,32646,32901,33007,32969,32910,36560,30052,34653,33042,36803,30724,31136,29676,31332,30240,31754,26696,28776
32765,32691,32773,33255,32807,32910,36560,30052,34653,33042,36803,30724,31136,29676,31332,30240,31754,26696,28776
32775,32771,32763,32950,32529,32910,36560,30052,34653,33042,36803,30724,31136,29676,31332,30240,31754,26696,28776
32851,32794,32775,33303,32775,32910,36560,30052,34653,33042,36803,30724,31136,29676,31332,30240,31754,26696,28776
32794,32719,32621,33037,32543,32910,36560,30052,34653,33042,36803,30724,31136,29676,31332,30240,31754,26696,28776
32791,32757,32811,33213,32579,32910,36560,30052,34653,33042,36803,30724,31136,29676,31332,30240,31754,26696,28776
32689,32720,32599,33015,32769,32910,36560,30052,34653,33042,36803,30724,31136,29676,31332,30240,31754,26696,28776
32764,32687,32756,33245,32658,32910,36560,30052,34653,33042,36803,30724,31136,29676,31332,30240,31754,26696,28776
32745,32693,32587,32972,32892,32910,36560,30052,34653,33042,36803,30724,31136,29676,31332,30240,31754,26696,28776
32737,32615,32681,33217,32687,32910,36560,30052,34653,33042,36803,30724,31136,29676,31332,30240,31754,26696,28776
32797,32570,32711,33021,33041,32936,36556,30025,34457,33064,36764,30668,31074,29803,31378,30452,31618,28208,31464
32743,32574,32606,33311,33015,32936,36556,30025,34457,33064,36764,30668,31074,29803,31378,30452,31618,28208,31464
32782,32614,32745,33119,32755,32936,36556,30025,34457,33064,36764,30668,31074,29803,31378,30452,31618,28208,31464
32800,32755,32625,33247,32705,32936,36556,30025,34457,33064,36764,30668,31074,29803,31378,30452,31618,28208,31464
32759,32883,32671,33055,32727,32936,36556,30025,34457,33064,36764,30668,31074,29803,31378,30452,31618,28208,31464
32788,32843,32683,33017,32775,32936,36556,30025,34457,33064,36764,30668,31074,29803,31378,30452,31618,28208,31464
32764,32859,32685,33136,32775,32936,36556,30025,34457,33064,36764,30668,31074,29803,31378,30452,31618,28208,31464
32807,32818,32771,32935,32790,32936,36556,30025,34457,33064,36764,30668,31074,29803,31378,30452,31618,28208,31464
32731,32837,32851,33397,32891,32936,36556,30025,34457,33064,36764,30668,31074,29803,31378,30452,31618,28208,31464
32743,32763,32661,33146,32767,32936,36556,30025,34457,33064,36764,30668,31074,29803,31378,30452,31618,28208,31464
32660,32691,32695,33249,32566,32932,36520,30056,34428,33122,36732,30617,31148,29808,31376,30725,30672,26178,28940
32630,32813,32826,33218,32849,32932,36520,30056,34428,33122,36732,30617,31148,29808,31376,30725,30672,26178,28940
32650,32867,32698,33191,33018,32932,36520,30056,34428,33122,36732,30617,31148,29808,31376,30725,30672,26178,28940
32711,32827,32739,33791,33003,32932,36520,30056,34428,33122,36732,30617,31148,29808,31376,30725,30672,26178,28940
32680,32819,32783,33271,32737,32932,36520,30056,34428,33122,36732,30617,31148,29808,31376,30725,30672,26178,28940
32722,32685,32705,32701,32687,32932,36520,30056,34428,33122,36732,30617,31148,29808,31376,30725,30672,26178,28940
32700,32716,32861,31997,32826,32932,36520,30056,34428,33122,36732,30617,31148,29808,31376,30725,30672,26178,28940
32666,32755,32750,31980,32399,32932,36520,30056,34428,33122,36732,30617,31148,29808,31376,30725,30672,26178,28940
32659,32729,32957,32743,32509,32932,36520,30056,34428,33122,36732,30617,31148,29808,31376,30725,30672,26178,28940
32741,32839,32831,33410,32915,32932,36520,30056,34428,33122,36732,30617,31148,29808,31376,30725,30672,26178,28940
32715,32773,32943,33217,33093,32940,36462,30061,34468,33128,36764,30530,31138,29621,31272,30993,31877,26648,29229
32752,32727,32695,33415,32739,32940,36462,30061,34468,33128,36764,30530,31138,29621,31272,30993,31877,26648,29229
32775,32735,32775,33415,32815,32940,36462,30061,34468,33128,36764,30530,31138,29621,31272,30993,31877,26648,29229
32775,32715,32842,33325,33021,32940,36462,30061,34468,33128,36764,30530,31138,29621,31272,30993,31877,26648,29229
32824,32720,33058,33383,33003,32940,36462,30061,34468,33128,36764,30530,31138,29621,31272,30993,31877,26648,29229
32814,32797,32373,33343,33007,32940,36462,30061,34468,33128,36764,30530,31138,29621,31272,30993,31877,26648,29229
32814,32748,32546,33065,32710,32940,36462,30061,34468,33128,36764,30530,31138,29621,31272,30993,31877,26648,29229
32754,32741,32583,33338,32687,32940,36462,30061,34468,33128,36764,30530,31138,29621,31272,30993,31877,26648,29229
32768,32769,32668,33217,32842,32940,36462,30061,34468,33128,36764,30530,31138,29621,31272,30993,31877,26648,29229
32775,32770,32706,33359,32978,32940,36462,30061,34468,33128,36764,30530,31138,29621,31272,30993,31877,26648,29229
32756,32832,32665,33222,32662,32956,36400,30008,34636,33048,36720,30408,31166,29552,31186,31359,29265,26184,31534
32751,32694,32829,33197,32571,32956,36400,30008,34636,33048,36720,30408,31166,29552,31186,31359,29265,26184,31534
32731,32663,32745,33247,32845,32956,36400,30008,34636,33048,36720,30408,31166,29552,31186,31359,29265,26184,31534
32735,32644,32818,33029,32820,32956,36400,30008,34636,33048,36720,30408,31166,29552,31186,31359,29265,26184,31534
32777,32671,32591,33207,32787,32956,36400,30008,34636,33048,36720,30408,31166,29552,31186,31359,29265,26184,31534
32786,32794,32882,32962,32767,32956,36400,30008,34636,33048,36720,30408,31166,29552,31186,31359,29265,26184,31534
32775,32811,32786,33302,32831,32956,36400,30008,34636,33048,36720,30408,31166,29552,31186,31359,29265,26184,31534
32741,32787,32763,33134,32787,32956,36400,30008,34636,33048,36720,30408,31166,29552,31186,31359,29265,26184,31534
32804,32719,32797,33156,32601,32956,36400,30008,34636,33048,36720,30408,31166,29552,31186,31359,29265,26184,31534
32796,32722,32339,33127,32178,32956,36400,30008,34636,33048,36720,30408,31166,29552,31186,31359,29265,26184,31534
32788,32705,32551,33025,32347,32938,36320,29980,34468,33001,36682,30420,31020,29764,31033,31590,28781,26804,30016
32774,32774,32719,33173,32703,32938,36320,29980,34468,33001,36682,30420,31020,29764,31033,31590,28781,26804,30016
32802,32815,32775,33031,33151,32938,36320,29980,34468,33001,36682,30420,31020,29764,31033,31590,28781,26804,30016
32830,32810,32881,33196,33195,32938,36320,29980,34468,33001,36682,30420,31020,29764,31033,31590,28781,26804,30016
32855,32886,32771,33062,33018,32938,36320,29980,34468,33001,36682,30420,31020,29764,31033,31590,28781,26804,30016
32785,32789,32895,33255,32819,32938,36320,29980,34468,33001,36682,30420,31020,29764,31033,31590,28781,26804,30016
32796,32761,32765,33005,32707,32938,36320,29980,34468,33001,36682,30420,31020,29764,31033,31590,28781,26804,30016
32773,32775,32879,33197,32675,32938,36320,29980,34468,33001,36682,30420,31020,29764,31033,31590,28781,26804,30016
32738,32795,32659,33005,32735,32938,36320,29980,34468,33001,36682,30420,31020,29764,31033,31590,28781,26804,30016
32700,32758,32861,33237,32741,32938,36320,29980,34468,33001,36682,30420,31020,29764,31033,31590,28781,26804,30016
32693,32683,32666,33167,32519,32946,36256,29900,34661,33097,36612,30362,31072,30061,30872,31816,31824,26400,32756
32662,32694,32685,33096,32659,32946,36256,29900,34661,33097,36612,30362,31072,30061,30872,31816,31824,26400,32756
32686,32655,32787,33146,32747,32946,36256,29900,34661,33097,36612,30362,31072,30061,30872,31816,31824,26400,32756
32673,32692,32722,33287,32699,32946,36256,29900,34661,33097,36612,30362,31072,30061,30872,31816,31824,26400,32756
32703,32773,32635,32877,32807,32946,36256,29900,34661,33097,36612,30362,31072,30061,30872,31816,31824,26400,32756
32750,32726,32805,33097,32762,32946,36256,29900,34661,33097,36612,30362,31072,30061,30872,31816,31824,26400,32756
32831,32823,32698,33047,32855,32946,36256,29900,34661,33097,36612,30362,31072,30061,30872,31816,31824,26400,32756
32804,32703,32899,33159,32911,32946,36256,29900,34661,33097,36612,30362,31072,30061,30872,31816,31824,26400,32756
32733,32621,32627,33354,32758,32946,36256,29900,34661,33097,36612,30362,31072,30061,30872,31816,31824,26400,32756
32798,32729,32835,33053,32775,32946,36256,29900,34661,33097,36612,30362,31072,30061,30872,31816,31824,26400,32756
32793,32785,32708,33223,33010,32984,36216,29826,34444,33108,36581,30384,31194,30324,30724,32014,29160,28320,31945
32793,32805,32818,33191,33019,32984,36216,29826,34444,33108,36581,30384,31194,30324,30724,32014,29160,28320,31945
32732,32759,32630,33375,33008,32984,36216,29826,34444,33108,36581,30384,31194,30324,30724,32014,29160,28320,31945
32750,32695,32771,33066,32873,32984,36216,29826,34444,33108,36581,30384,31194,30324,30724,32014,29160,28320,31945
32727,32583,32654,33151,32580,32984,36216,29826,34444,33108,36581,30384,31194,30324,30724,32014,29160,28320,31945
32771,32686,32793,33327,32629,32984,36216,29826,34444,33108,36581,30384,31194,30324,30724,32014,29160,28320,31945
32804,32717,32607,33150,32672,32984,36216,29826,34444,33108,36581,30384,31194,30324,30724,32014,29160,28320,31945
32820,32711,32839,33390,32609,32984,36216,29826,34444,33108,36581,30384,31194,30324,30724,32014,29160,28320,31945
32805,32828,32615,33095,32565,32984,36216,29826,34444,33108,36581,30384,31194,30324,30724,32014,29160,28320,31945
32754,32615,32869,33239,32658,32984,36216,29826,34444,33108,36581,30384,31194,30324,30724,32014,29160,28320,31945
32747,32543,32718,32867,32841,33023,36214,29826,34525,33132,36600,30356,31165,30417,30712,32132,31612,27520,32047
32770,32791,32743,33095,32815,33023,36214,29826,34525,33132,36600,30356,31165,30417,30712,32132,31612,27520,32047
32775,32871,32831,32551,32815,33023,36214,29826,34525,33132,36600,30356,31165,30417,30712,32132,31612,27520,32047
32722,32939,32731,32803,32783,33023,36214,29826,34525,33132,36600,30356,31165,30417,30712,32132,31612,27520,32047
32767,33226,32833,33065,32847,33023,36214,29826,34525,33132,36600,30356,31165,30417,30712,32132,31612,27520,32047
32805,33113,32636,33445,33081,33023,36214,29826,34525,33132,36600,30356,31165,30417,30712,32132,31612,27520,32047
32786,32874,32662,33510,33261,33023,36214,29826,34525,33132,36600,30356,31165,30417,30712,32132,31612,27520,32047
32746,32887,32743,33055,32871,33023,36214,29826,34525,33132,36600,30356,31165,30417,30712,32132,31612,27520,32047
32770,32817,32617,33511,32718,33023,36214,29826,34525,33132,36600,30356,31165,30417,30712,32132,31612,27520,32047
32788,32807,32827,32959,32694,33023,36214,29826,34525,33132,36600,30356,31165,30417,30712,32132,31612,27520,32047
32740,32763,32724,31823,32814,33026,36224,29820,34516,33124,36630,30326,31056,30176,30700,32136,30484,27833,33558
32826,32820,32678,30975,32807,33026,36224,29820,34516,33124,36630,30326,31056,30176,30700,32136,30484,27833,33558
32860,32841,32847,33456,32758,33026,36224,29820,34516,33124,36630,30326,31056,30176,30700,32136,30484,27833,33558
32909,32762,32911,33827,32900,33026,36224,29820,34516,33124,36630,30326,31056,30176,30700,32136,30484,27833,33558
32930,32786,33061,32635,32919,33026,36224,29820,34516,33124,36630,30326,31056,30176,30700,32136,30484,27833,33558
32861,32751,32801,31559,32703,33026,36224,29820,34516,33124,36630,30326,31056,30176,30700,32136,30484,27833,33558
32729,32737,32735,33633,32579,33026,36224,29820,34516,33124,36630,30326,31056,30176,30700,32136,30484,27833,33558
32761,32742,32640,33999,32794,33026,36224,29820,34516,33124,36630,30326,31056,30176,30700,32136,30484,27833,33558
32809,32775,32791,34063,32675,33026,36224,29820,34516,33124,36630,30326,31056,30176,30700,32136,30484,27833,33558
32800,32755,32866,33183,32609,33026,36224,29820,34516,33124,36630,30326,31056,30176,30700,32136,30484,27833,33558
32798,32639,32710,33070,32711,33040,36232,29826,34666,33069,36636,30350,31152,29856,30716,32068,30201,26821,33056
32744,32641,32845,32404,32663,33040,36232,29826,34666,33069,36636,30350,31152,29856,30716,32068,30201,26821,33056
32813,32691,32727,32461,32681,33040,36232,29826,34666,33069,36636,30350,31152,29856,30716,32068,30201,26821,33056
32815,32623,32836,32843,32914,33040,36232,29826,34666,33069,36636,30350,31152,29856,30716,32068,30201,26821,33056
32775,32743,32628,33167,33045,33040,36232,29826,34666,33069,36636,30350,31152,29856,30716,32068,30201,26821,33056
32748,32799,32791,32997,32807,33040,36232,29826,34666,33069,36636,30350,31152,29856,30716,32068,30201,26821,33056
32769,32837,32693,33823,32655,33040,36232,29826,34666,33069,36636,30350,31152,29856,30716,32068,30201,26821,33056
32759,32822,32959,33787,32715,33040,36232,29826,34666,33069,36636,30350,31152,29856,30716,32068,30201,26821,33056
32720,32827,32929,33637,32911,33040,36232,29826,34666,33069,36636,30350,31152,29856,30716,32068,30201,26821,33056
