32829,32834,32702,33181,32745,33504,37340,33702,34384,32812,37258,34371,31052,28633,26924,26392,31124,31576,27464
32860,33148,32775,33047,34601,33504,37340,33702,34384,32812,37258,34371,31052,28633,26924,26392,31124,31576,27464
32882,33218,32775,32999,35202,33504,37340,33702,34384,32812,37258,34371,31052,28633,26924,26392,31124,31576,27464
32775,33125,32823,33031,34724,33504,37340,33702,34384,32812,37258,34371,31052,28633,26924,26392,31124,31576,27464
32775,32901,32869,33052,34361,33504,37340,33702,34384,32812,37258,34371,31052,28633,26924,26392,31124,31576,27464
32773,32839,32705,32990,33383,33504,37340,33702,34384,32812,37258,34371,31052,28633,26924,26392,31124,31576,27464
32850,32824,32899,32851,33126,33504,37340,33702,34384,32812,37258,34371,31052,28633,26924,26392,31124,31576,27464
32838,32927,32711,33107,33316,33504,37340,33702,34384,32812,37258,34371,31052,28633,26924,26392,31124,31576,27464
32796,32882,32766,33355,32357,33504,37340,33702,34384,32812,37258,34371,31052,28633,26924,26392,31124,31576,27464
32824,32871,32787,33277,31123,33504,37340,33702,34384,32812,37258,34371,31052,28633,26924,26392,31124,31576,27464
32823,32703,32767,33140,29975,33584,37368,33672,34268,32844,37232,34344,30996,28544,26972,26716,30169,29840,26756
32875,32861,32798,33381,29916,33584,37368,33672,34268,32844,37232,34344,30996,28544,26972,26716,30169,29840,26756
32749,32972,32639,33325,30975,33584,37368,33672,34268,32844,37232,34344,30996,28544,26972,26716,30169,29840,26756
32843,33071,32839,33010,32199,33584,37368,33672,34268,32844,37232,34344,30996,28544,26972,26716,30169,29840,26756
32775,33175,32652,33069,32931,33584,37368,33672,34268,32844,37232,34344,30996,28544,26972,26716,30169,29840,26756
32789,33263,32837,33119,33619,33584,37368,33672,34268,32844,37232,34344,30996,28544,26972,26716,30169,29840,26756
32786,33010,32639,32967,34130,33584,37368,33672,34268,32844,37232,34344,30996,28544,26972,26716,30169,29840,26756
32793,32519,32871,33118,34887,33584,37368,33672,34268,32844,37232,34344,30996,28544,26972,26716,30169,29840,26756
32781,31239,32705,33366,34015,33584,37368,33672,34268,32844,37232,34344,30996,28544,26972,26716,30169,29840,26756
32709,30230,32831,33263,34295,33584,37368,33672,34268,32844,37232,34344,30996,28544,26972,26716,30169,29840,26756
32707,30811,32759,33101,34201,33592,37402,33692,34212,32848,37280,34280,30980,28608,26529,27072,28517,30432,26950
32692,31828,32689,33191,33631,33592,37402,33692,34212,32848,37280,34280,30980,28608,26529,27072,28517,30432,26950
32720,33324,32805,33327,31809,33592,37402,33692,34212,32848,37280,34280,30980,28608,26529,27072,28517,30432,26950
32688,33946,32703,33157,31067,33592,37402,33692,34212,32848,37280,34280,30980,28608,26529,27072,28517,30432,26950
32703,33708,32815,33017,30700,33592,37402,33692,34212,32848,37280,34280,30980,28608,26529,27072,28517,30432,26950
32687,34129,32844,32819,31138,33592,37402,33692,34212,32848,37280,34280,30980,28608,26529,27072,28517,30432,26950
32709,33960,32699,32999,31684,33592,37402,33692,34212,32848,37280,34280,30980,28608,26529,27072,28517,30432,26950
32765,33366,32775,33061,31853,33592,37402,33692,34212,32848,37280,34280,30980,28608,26529,27072,28517,30432,26950
32711,32838,32668,32959,32387,33592,37402,33692,34212,32848,37280,34280,30980,28608,26529,27072,28517,30432,26950
32740,32631,32843,33035,33599,33592,37402,33692,34212,32848,37280,34280,30980,28608,26529,27072,28517,30432,26950
32722,32437,32758,33116,34576,33580,37484,33664,34170,32878,37348,34258,30920,28585,26261,27096,29664,31264,27988
32734,32325,32881,32919,34798,33580,37484,33664,34170,32878,37348,34258,30920,28585,26261,27096,29664,31264,27988
32782,32519,32703,33007,34434,33580,37484,33664,34170,32878,37348,34258,30920,28585,26261,27096,29664,31264,27988
32762,32751,32836,33083,33181,33580,37484,33664,34170,32878,37348,34258,30920,28585,26261,27096,29664,31264,27988
32754,32818,32659,33031,32538,33580,37484,33664,34170,32878,37348,34258,30920,28585,26261,27096,29664,31264,27988
32787,32835,32845,33021,32229,33580,37484,33664,34170,32878,37348,34258,30920,28585,26261,27096,29664,31264,27988
32745,32713,32715,33141,32047,33580,37484,33664,34170,32878,37348,34258,30920,28585,26261,27096,29664,31264,27988
32789,32915,32682,33355,32249,33580,37484,33664,34170,32878,37348,34258,30920,28585,26261,27096,29664,31264,27988
32725,33066,32867,33458,32170,33580,37484,33664,34170,32878,37348,34258,30920,28585,26261,27096,29664,31264,27988
32807,33191,32711,33458,31935,33580,37484,33664,34170,32878,37348,34258,30920,28585,26261,27096,29664,31264,27988
32743,33087,32787,33309,32257,33544,37496,33552,34341,32889,37368,34240,30836,28384,26144,26860,27646,28853,29287
32775,32639,32703,33260,32837,33544,37496,33552,34341,32889,37368,34240,30836,28384,26144,26860,27646,28853,29287
32789,31918,32855,33351,32139,33544,37496,33552,34341,32889,37368,34240,30836,28384,26144,26860,27646,28853,29287
32759,31907,32601,33437,32128,33544,37496,33552,34341,32889,37368,34240,30836,28384,26144,26860,27646,28853,29287
32757,31925,32740,33097,32635,33544,37496,33552,34341,32889,37368,34240,30836,28384,26144,26860,27646,28853,29287
32756,32079,32499,33311,34439,33544,37496,33552,34341,32889,37368,34240,30836,28384,26144,26860,27646,28853,29287
32795,32455,32567,33143,34795,33544,37496,33552,34341,32889,37368,34240,30836,28384,26144,26860,27646,28853,29287
32740,32978,32670,33095,33694,33544,37496,33552,34341,32889,37368,34240,30836,28384,26144,26860,27646,28853,29287
32803,33525,32687,32932,32894,33544,37496,33552,34341,32889,37368,34240,30836,28384,26144,26860,27646,28853,29287
32751,34999,32813,33021,32853,33544,37496,33552,34341,32889,37368,34240,30836,28384,26144,26860,27646,28853,29287
32705,36069,32765,33102,32618,33587,37466,33516,34157,32894,37302,34208,30888,28144,26186,26666,30120,31144,27741
32766,35920,32865,32967,32857,33587,37466,33516,34157,32894,37302,34208,30888,28144,26186,26666,30120,31144,27741
32791,34159,32775,32993,32423,33587,37466,33516,34157,32894,37302,34208,30888,28144,26186,26666,30120,31144,27741
32814,33009,32963,33303,32507,33587,37466,33516,34157,32894,37302,34208,30888,28144,26186,26666,30120,31144,27741
32830,31399,32763,33230,33070,33587,37466,33516,34157,32894,37302,34208,30888,28144,26186,26666,30120,31144,27741
32823,31637,33003,33090,33311,33587,37466,33516,34157,32894,37302,34208,30888,28144,26186,26666,30120,31144,27741
32820,32013,32967,32946,32869,33587,37466,33516,34157,32894,37302,34208,30888,28144,26186,26666,30120,31144,27741
32727,32255,32746,33045,32229,33587,37466,33516,34157,32894,37302,34208,30888,28144,26186,26666,30120,31144,27741
32732,31138,32870,33169,32215,33587,37466,33516,34157,32894,37302,34208,30888,28144,26186,26666,30120,31144,27741
32689,29603,32754,33057,34118,33587,37466,33516,34157,32894,37302,34208,30888,28144,26186,26666,30120,31144,27741
32698,29489,32655,33051,32018,33674,37428,33428,34242,32948,37304,34214,30808,27785,26072,26629,27008,30452,27266
32763,30319,32811,33145,32689,33674,37428,33428,34242,32948,37304,34214,30808,27785,26072,26629,27008,30452,27266
32718,31925,32623,33003,32959,33674,37428,33428,34242,32948,37304,34214,30808,27785,26072,26629,27008,30452,27266
32724,33420,32675,32983,33391,33674,37428,33428,34242,32948,37304,34214,30808,27785,26072,26629,27008,30452,27266
32775,34343,32754,33083,33394,33674,37428,33428,34242,32948,37304,34214,30808,27785,26072,26629,27008,30452,27266
32804,34922,32666,33182,33279,33674,37428,33428,34242,32948,37304,34214,30808,27785,26072,26629,27008,30452,27266
32725,35195,32520,33327,33255,33674,37428,33428,34242,32948,37304,34214,30808,27785,26072,26629,27008,30452,27266
32686,34631,32624,33355,32055,33674,37428,33428,34242,32948,37304,34214,30808,27785,26072,26629,27008,30452,27266
32748,34148,32431,33166,31740,33674,37428,33428,34242,32948,37304,34214,30808,27785,26072,26629,27008,30452,27266
32795,31538,32425,33215,31647,33674,37428,33428,34242,32948,37304,34214,30808,27785,26072,26629,27008,30452,27266
32815,31142,32413,33499,32632,33810,37500,33396,34284,32980,37326,34200,30748,27698,25796,26698,26678,28628,26816
32824,33373,32369,33493,32363,33810,37500,33396,34284,32980,37326,34200,30748,27698,25796,26698,26678,28628,26816
32783,33818,32572,33191,32739,33810,37500,33396,34284,32980,37326,34200,30748,27698,25796,26698,26678,28628,26816
32797,33249,32564,33319,32739,33810,37500,33396,34284,32980,37326,34200,30748,27698,25796,26698,26678,28628,26816
32728,32615,32822,33463,33978,33810,37500,33396,34284,32980,37326,34200,30748,27698,25796,26698,26678,28628,26816
32775,32215,32690,33338,33821,33810,37500,33396,34284,32980,37326,34200,30748,27698,25796,26698,26678,28628,26816
32726,31625,32854,33351,33183,33810,37500,33396,34284,32980,37326,34200,30748,27698,25796,26698,26678,28628,26816
32723,30556,32758,33287,32751,33810,37500,33396,34284,32980,37326,34200,30748,27698,25796,26698,26678,28628,26816
32737,32091,33047,33413,32743,33810,37500,33396,34284,32980,37326,34200,30748,27698,25796,26698,26678,28628,26816
32754,35068,33117,33277,32927,33810,37500,33396,34284,32980,37326,34200,30748,27698,25796,26698,26678,28628,26816
32786,36839,33253,33113,33046,33925,37536,33376,34092,33060,37376,34224,30689,27936,25468,26666,27081,31080,26013
32838,35965,33263,32926,33396,33925,37536,33376,34092,33060,37376,34224,30689,27936,25468,26666,27081,31080,26013
32846,34810,33109,32973,33178,33925,37536,33376,34092,33060,37376,34224,30689,27936,25468,26666,27081,31080,26013
32808,34701,33031,33121,33193,33925,37536,33376,34092,33060,37376,34224,30689,27936,25468,26666,27081,31080,26013
32804,33827,32863,33047,33489,33925,37536,33376,34092,33060,37376,34224,30689,27936,25468,26666,27081,31080,26013
32821,34273,33197,32809,32951,33925,37536,33376,34092,33060,37376,34224,30689,27936,25468,26666,27081,31080,26013
32780,33963,32941,32937,32295,33925,37536,33376,34092,33060,37376,34224,30689,27936,25468,26666,27081,31080,26013
32818,30531,32922,33223,31897,33925,37536,33376,34092,33060,37376,34224,30689,27936,25468,26666,27081,31080,26013
32775,26067,32582,33154,31302,33925,37536,33376,34092,33060,37376,34224,30689,27936,25468,26666,27081,31080,26013
32788,26328,32704,32915,31470,33925,37536,33376,34092,33060,37376,34224,30689,27936,25468,26666,27081,31080,26013
32766,28365,32556,33099,31999,34016,37628,33352,34057,33104,37460,34372,30640,28157,24804,27186,26426,29738,27824
32767,30317,32990,33089,32293,34016,37628,33352,34057,33104,37460,34372,30640,28157,24804,27186,26426,29738,27824
32715,31087,32867,32751,32567,34016,37628,33352,34057,33104,37460,34372,30640,28157,24804,27186,26426,29738,27824
32789,30523,32888,32670,33973,34016,37628,33352,34057,33104,37460,34372,30640,28157,24804,27186,26426,29738,27824
32707,30171,32858,32951,34268,34016,37628,33352,34057,33104,37460,34372,30640,28157,24804,27186,26426,29738,27824
32732,32214,32975,33191,33703,34016,37628,33352,34057,33104,37460,34372,30640,28157,24804,27186,26426,29738,27824
32677,32452,32916,33271,32962,34016,37628,33352,34057,33104,37460,34372,30640,28157,24804,27186,26426,29738,27824
32748,33097,32615,33142,32455,34016,37628,33352,34057,33104,37460,34372,30640,28157,24804,27186,26426,29738,27824
32761,34781,32727,33323,32190,34016,37628,33352,34057,33104,37460,34372,30640,28157,24804,27186,26426,29738,27824
32742,37751,32615,33301,32381,34016,37628,33352,34057,33104,37460,34372,30640,28157,24804,27186,26426,29738,27824
32751,38597,32622,33191,31697,34064,37767,33316,34116,33096,37588,34408,30562,28324,24500,27820,26380,28392,25949
32756,36127,32543,32895,31690,34064,37767,33316,34116,33096,37588,34408,30562,28324,24500,27820,26380,28392,25949
32759,32630,32581,33129,32839,34064,37767,33316,34116,33096,37588,34408,30562,28324,24500,27820,26380,28392,25949
32821,30564,32531,33139,32748,34064,37767,33316,34116,33096,37588,34408,30562,28324,24500,27820,26380,28392,25949
32848,32518,32714,32863,33113,34064,37767,33316,34116,33096,37588,34408,30562,28324,24500,27820,26380,28392,25949
32797,34579,32571,32957,33605,34064,37767,33316,34116,33096,37588,34408,30562,28324,24500,27820,26380,28392,25949
32782,34639,32539,33249,33479,34064,37767,33316,34116,33096,37588,34408,30562,28324,24500,27820,26380,28392,25949
32750,35123,32486,33042,33521,34064,37767,33316,34116,33096,37588,34408,30562,28324,24500,27820,26380,28392,25949
32797,36736,32638,32811,33555,34064,37767,33316,34116,33096,37588,34408,30562,28324,24500,27820,26380,28392,25949
32760,37481,32666,33006,32975,34064,37767,33316,34116,33096,37588,34408,30562,28324,24500,27820,26380,28392,25949
32790,37599,32585,33122,32615,34136,37888,33300,34064,33018,37706,34408,30524,28212,24371,28488,27241,28589,27348
32790,33799,32655,33415,32905,34136,37888,33300,34064,33018,37706,34408,30524,28212,24371,28488,27241,28589,27348
32705,29878,32570,33075,32557,34136,37888,33300,34064,33018,37706,34408,30524,28212,24371,28488,27241,28589,27348
32693,29393,32741,33196,32841,34136,37888,33300,34064,33018,37706,34408,30524,28212,24371,28488,27241,28589,27348
32791,31040,32827,33366,32915,34136,37888,33300,34064,33018,37706,34408,30524,28212,24371,28488,27241,28589,27348
32741,28951,32692,33444,33245,34136,37888,33300,34064,33018,37706,34408,30524,28212,24371,28488,27241,28589,27348
32811,27211,32771,33150,33908,34136,37888,33300,34064,33018,37706,34408,30524,28212,24371,28488,27241,28589,27348
32706,29626,32614,33122,33255,34136,37888,33300,34064,33018,37706,34408,30524,28212,24371,28488,27241,28589,27348
32724,30446,32757,32994,32486,34136,37888,33300,34064,33018,37706,34408,30524,28212,24371,28488,27241,28589,27348
32739,30443,32822,32798,31926,34136,37888,33300,34064,33018,37706,34408,30524,28212,24371,28488,27241,28589,27348
32741,33521,32773,32357,32543,34224,37890,33276,33916,33000,37688,34544,30484,27921,24133,28517,27216,31904,25749
32728,36647,33222,32353,32799,34224,37890,33276,33916,33000,37688,34544,30484,27921,24133,28517,27216,31904,25749
32798,36494,33060,32502,32942,34224,37890,33276,33916,33000,37688,34544,30484,27921,24133,28517,27216,31904,25749
32782,34977,33165,32863,32583,34224,37890,33276,33916,33000,37688,34544,30484,27921,24133,28517,27216,31904,25749
32811,34247,33191,32914,32186,34224,37890,33276,33916,33000,37688,34544,30484,27921,24133,28517,27216,31904,25749
32872,30800,33414,33398,32367,34224,37890,33276,33916,33000,37688,34544,30484,27921,24133,28517,27216,31904,25749
32866,28223,33549,33710,32476,34224,37890,33276,33916,33000,37688,34544,30484,27921,24133,28517,27216,31904,25749
32796,30557,33152,33506,32160,34224,37890,33276,33916,33000,37688,34544,30484,27921,24133,28517,27216,31904,25749
32795,33807,33245,33141,32221,34224,37890,33276,33916,33000,37688,34544,30484,27921,24133,28517,27216,31904,25749
32740,32338,32947,33100,31613,34224,37890,33276,33916,33000,37688,34544,30484,27921,24133,28517,27216,31904,25749
32789,33577,32840,33069,31913,34312,37778,33144,34032,33096,37640,34724,30396,27748,23789,28440,28260,29320,26860
32771,34558,32885,33035,32049,34312,37778,33144,34032,33096,37640,34724,30396,27748,23789,28440,28260,29320,26860
32706,34686,32429,33063,33113,34312,37778,33144,34032,33096,37640,34724,30396,27748,23789,28440,28260,29320,26860
32792,33119,32336,33095,33247,34312,37778,33144,34032,33096,37640,34724,30396,27748,23789,28440,28260,29320,26860
32763,30646,32359,33093,33211,34312,37778,33144,34032,33096,37640,34724,30396,27748,23789,28440,28260,29320,26860
32737,28669,32339,33323,33811,34312,37778,33144,34032,33096,37640,34724,30396,27748,23789,28440,28260,29320,26860
32775,29191,32417,33714,34005,34312,37778,33144,34032,33096,37640,34724,30396,27748,23789,28440,28260,29320,26860
32730,33784,32429,33567,33906,34312,37778,33144,34032,33096,37640,34724,30396,27748,23789,28440,28260,29320,26860
32687,35867,32263,33394,33577,34312,37778,33144,34032,33096,37640,34724,30396,27748,23789,28440,28260,29320,26860
32760,34306,32258,33313,33098,34312,37778,33144,34032,33096,37640,34724,30396,27748,23789,28440,28260,29320,26860
32699,34812,32259,32927,32725,34340,37652,33248,34024,33148,37536,34604,30288,27469,23324,29368,28864,30684,26873
32693,35270,32195,33080,32447,34340,37652,33248,34024,33148,37536,34604,30288,27469,23324,29368,28864,30684,26873
32720,34690,32411,33471,32423,34340,37652,33248,34024,33148,37536,34604,30288,27469,23324,29368,28864,30684,26873
32748,32524,32399,33484,32721,34340,37652,33248,34024,33148,37536,34604,30288,27469,23324,29368,28864,30684,26873
32688,30551,32738,33479,33049,34340,37652,33248,34024,33148,37536,34604,30288,27469,23324,29368,28864,30684,26873
32775,33811,32775,33338,33191,34340,37652,33248,34024,33148,37536,34604,30288,27469,23324,29368,28864,30684,26873
32786,33203,32647,33203,33549,34340,37652,33248,34024,33148,37536,34604,30288,27469,23324,29368,28864,30684,26873
32733,30503,32883,33350,33239,34340,37652,33248,34024,33148,37536,34604,30288,27469,23324,29368,28864,30684,26873
32771,30911,32819,33508,33012,34340,37652,33248,34024,33148,37536,34604,30288,27469,23324,29368,28864,30684,26873
32766,32615,33261,33575,33108,34340,37652,33248,34024,33148,37536,34604,30288,27469,23324,29368,28864,30684,26873
32802,31431,33356,33403,32750,34240,37700,33184,33826,33214,37570,34580,30200,27741,23346,30964,25775,32160,30185
32737,30615,33615,33478,32391,34240,37700,33184,33826,33214,37570,34580,30200,27741,23346,30964,25775,32160,30185
32728,30275,33375,33365,32623,34240,37700,33184,33826,33214,37570,34580,30200,27741,23346,30964,25775,32160,30185
32736,30783,33021,33076,31789,34240,37700,33184,33826,33214,37570,34580,30200,27741,23346,30964,25775,32160,30185
32768,32207,32823,32985,31595,34240,37700,33184,33826,33214,37570,34580,30200,27741,23346,30964,25775,32160,30185
32732,33053,32775,33017,31591,34240,37700,33184,33826,33214,37570,34580,30200,27741,23346,30964,25775,32160,30185
32770,32658,32637,32618,31613,34240,37700,33184,33826,33214,37570,34580,30200,27741,23346,30964,25775,32160,30185
32864,31879,32740,32753,32443,34240,37700,33184,33826,33214,37570,34580,30200,27741,23346,30964,25775,32160,30185
32832,31431,32689,32795,33270,34240,37700,33184,33826,33214,37570,34580,30200,27741,23346,30964,25775,32160,30185
32852,32003,32751,32761,33363,34240,37700,33184,33826,33214,37570,34580,30200,27741,23346,30964,25775,32160,30185
32806,32058,32595,33175,33409,34168,37808,33208,33948,33206,37612,34756,30090,28252,23172,31937,24279,30295,29742
32786,34454,32683,33400,33798,34168,37808,33208,33948,33206,37612,34756,30090,28252,23172,31937,24279,30295,29742
32840,36533,32595,33081,32967,34168,37808,33208,33948,33206,37612,34756,30090,28252,23172,31937,24279,30295,29742
32751,37083,32575,33198,32900,34168,37808,33208,33948,33206,37612,34756,30090,28252,23172,31937,24279,30295,29742
32797,36199,32592,33257,32846,34168,37808,33208,33948,33206,37612,34756,30090,28252,23172,31937,24279,30295,29742
32826,33634,32484,33287,32646,34168,37808,33208,33948,33206,37612,34756,30090,28252,23172,31937,24279,30295,29742
32842,33022,32796,33196,32690,34168,37808,33208,33948,33206,37612,34756,30090,28252,23172,31937,24279,30295,29742
32844,31735,32551,33487,32739,34168,37808,33208,33948,33206,37612,34756,30090,28252,23172,31937,24279,30295,29742
32857,31254,32786,33509,32843,34168,37808,33208,33948,33206,37612,34756,30090,28252,23172,31937,24279,30295,29742
32832,32346,32695,33191,32910,34168,37808,33208,33948,33206,37612,34756,30090,28252,23172,31937,24279,30295,29742
32767,32291,32748,33029,32205,34189,37682,33192,33767,33336,37520,34766,30034,28300,22565,31252,23996,28276,30236
32822,32611,32832,33136,32255,34189,37682,33192,33767,33336,37520,34766,30034,28300,22565,31252,23996,28276,30236
32752,33181,32675,33247,32891,34189,37682,33192,33767,33336,37520,34766,30034,28300,22565,31252,23996,28276,30236
32722,33573,32859,33179,33195,34189,37682,33192,33767,33336,37520,34766,30034,28300,22565,31252,23996,28276,30236
32722,33197,32705,33159,33063,34189,37682,33192,33767,33336,37520,34766,30034,28300,22565,31252,23996,28276,30236
32668,32711,32845,33159,32896,34189,37682,33192,33767,33336,37520,34766,30034,28300,22565,31252,23996,28276,30236
32693,32303,32930,33301,32817,34189,37682,33192,33767,33336,37520,34766,30034,28300,22565,31252,23996,28276,30236
32647,32399,32759,33287,33234,34189,37682,33192,33767,33336,37520,34766,30034,28300,22565,31252,23996,28276,30236
32698,32414,32959,33215,33227,34189,37682,33192,33767,33336,37520,34766,30034,28300,22565,31252,23996,28276,30236
32742,32487,32805,33047,33567,34189,37682,33192,33767,33336,37520,34766,30034,28300,22565,31252,23996,28276,30236
32628,32645,32802,32857,33371,34328,37588,33224,33904,33544,37448,34888,29928,28280,22801,30928,26278,32232,32620
32681,32614,32903,32941,32869,34328,37588,33224,33904,33544,37448,34888,29928,28280,22801,30928,26278,32232,32620
32684,32543,32715,32857,32287,34328,37588,33224,33904,33544,37448,34888,29928,28280,22801,30928,26278,32232,32620
32675,32484,32765,33013,31721,34328,37588,33224,33904,33544,37448,34888,29928,28280,22801,30928,26278,32232,32620
32807,32515,32563,32983,32167,34328,37588,33224,33904,33544,37448,34888,29928,28280,22801,30928,26278,32232,32620
32835,32410,32828,33248,32357,34328,37588,33224,33904,33544,37448,34888,29928,28280,22801,30928,26278,32232,32620
32807,32731,32605,33298,32189,34328,37588,33224,33904,33544,37448,34888,29928,28280,22801,30928,26278,32232,32620
32812,33081,32722,32975,32355,34328,37588,33224,33904,33544,37448,34888,29928,28280,22801,30928,26278,32232,32620
32770,32977,32619,33186,32495,34328,37588,33224,33904,33544,37448,34888,29928,28280,22801,30928,26278,32232,32620
32834,32911,32784,33247,32775,34328,37588,33224,33904,33544,37448,34888,29928,28280,22801,30928,26278,32232,32620
32838,32791,32673,33231,32563,34584,37594,33170,33696,33944,37400,35056,29829,28548,22477,30628,26582,29754,33099
32846,32979,32815,33082,33110,34584,37594,33170,33696,33944,37400,35056,29829,28548,22477,30628,26582,29754,33099
32782,32932,32806,33321,33315,34584,37594,33170,33696,33944,37400,35056,29829,28548,22477,30628,26582,29754,33099
32768,32844,32634,33227,33031,34584,37594,33170,33696,33944,37400,35056,29829,28548,22477,30628,26582,29754,33099
32787,32791,32804,32975,33180,34584,37594,33170,33696,33944,37400,35056,29829,28548,22477,30628,26582,29754,33099
32775,32876,32602,32851,33207,34584,37594,33170,33696,33944,37400,35056,29829,28548,22477,30628,26582,29754,33099
32797,32887,32834,33159,32935,34584,37594,33170,33696,33944,37400,35056,29829,28548,22477,30628,26582,29754,33099
32852,32935,32691,33235,32471,34584,37594,33170,33696,33944,37400,35056,29829,28548,22477,30628,26582,29754,33099
32822,32843,32839,33129,32098,34584,37594,33170,33696,33944,37400,35056,29829,28548,22477,30628,26582,29754,33099
32791,32882,32693,33044,31661,34584,37594,33170,33696,33944,37400,35056,29829,28548,22477,30628,26582,29754,33099
32835,33024,32782,33211,32340,34952,37512,33052,33648,34176,37420,35292,29724,29286,22265,31312,24897,32088,32608
32751,33111,32873,33314,32421,34952,37512,33052,33648,34176,37420,35292,29724,29286,22265,31312,24897,32088,32608
32775,33351,32693,33159,33147,34952,37512,33052,33648,34176,37420,35292,29724,29286,22265,31312,24897,32088,32608
32852,33307,32948,33058,33451,34952,37512,33052,33648,34176,37420,35292,29724,29286,22265,31312,24897,32088,32608
32789,32683,32734,33189,34282,34952,37512,33052,33648,34176,37420,35292,29724,29286,22265,31312,24897,32088,32608
32772,32362,32827,33217,33718,34952,37512,33052,33648,34176,37420,35292,29724,29286,22265,31312,24897,32088,32608
32801,32545,32760,33069,33513,34952,37512,33052,33648,34176,37420,35292,29724,29286,22265,31312,24897,32088,32608
32785,32715,32734,32935,32828,34952,37512,33052,33648,34176,37420,35292,29724,29286,22265,31312,24897,32088,32608
32775,32561,32818,33323,32795,34952,37512,33052,33648,34176,37420,35292,29724,29286,22265,31312,24897,32088,32608
32767,32475,32903,33350,32888,34952,37512,33052,33648,34176,37420,35292,29724,29286,22265,31312,24897,32088,32608
32774,32663,32801,32997,33059,35420,37332,33072,33722,34320,37348,35568,29600,30226,21924,31804,25253,28580,37274
32739,32903,32783,33127,32964,35420,37332,33072,33722,34320,37348,35568,29600,30226,21924,31804,25253,28580,37274
32783,32977,32863,33216,32555,35420,37332,33072,33722,34320,37348,35568,29600,30226,21924,31804,25253,28580,37274
32683,33001,32775,32981,32191,35420,37332,33072,33722,34320,37348,35568,29600,30226,21924,31804,25253,28580,37274
32730,33134,32711,33154,31143,35420,37332,33072,33722,34320,37348,35568,29600,30226,21924,31804,25253,28580,37274
32694,32856,32854,33096,32719,35420,37332,33072,33722,34320,37348,35568,29600,30226,21924,31804,25253,28580,37274
32745,32717,32673,32850,32157,35420,37332,33072,33722,34320,37348,35568,29600,30226,21924,31804,25253,28580,37274
32743,32606,32756,32951,32791,35420,37332,33072,33722,34320,37348,35568,29600,30226,21924,31804,25253,28580,37274
32812,32534,32793,33134,32454,35420,37332,33072,33722,34320,37348,35568,29600,30226,21924,31804,25253,28580,37274
32786,32615,32580,33260,32767,35420,37332,33072,33722,34320,37348,35568,29600,30226,21924,31804,25253,28580,37274
32814,32915,32836,33190,33378,35720,37472,32960,33472,34436,37392,35780,29506,30977,21797,34391,21664,27772,40544
32776,32916,32648,33116,36340,35720,37472,32960,33472,34436,37392,35780,29506,30977,21797,34391,21664,27772,40544
32763,33055,32813,33389,32257,35720,37472,32960,33472,34436,37392,35780,29506,30977,21797,34391,21664,27772,40544
32750,33110,32788,33502,31951,35720,37472,32960,33472,34436,37392,35780,29506,30977,21797,34391,21664,27772,40544
32745,32851,32659,33534,35043,35720,37472,32960,33472,34436,37392,35780,29506,30977,21797,34391,21664,27772,40544
32691,32750,32829,33287,32911,35720,37472,32960,33472,34436,37392,35780,29506,30977,21797,34391,21664,27772,40544
32738,32765,32687,33187,32812,35720,37472,32960,33472,34436,37392,35780,29506,30977,21797,34391,21664,27772,40544
32712,32845,32802,33319,33301,35720,37472,32960,33472,34436,37392,35780,29506,30977,21797,34391,21664,27772,40544
32766,32900,32790,33305,32135,35720,37472,32960,33472,34436,37392,35780,29506,30977,21797,34391,21664,27772,40544
32754,32941,32689,33184,31929,35720,37472,32960,33472,34436,37392,35780,29506,30977,21797,34391,21664,27772,40544
32744,33318,32850,33287,30604,35960,37594,32796,33424,34676,37588,35587,29464,31653,20996,37557,20985,27992,44021
32747,33215,32711,33475,33311,35960,37594,32796,33424,34676,37588,35587,29464,31653,20996,37557,20985,27992,44021
32775,32867,32835,33374,34006,35960,37594,32796,33424,34676,37588,35587,29464,31653,20996,37557,20985,27992,44021
32778,32611,32735,33196,32906,35960,37594,32796,33424,34676,37588,35587,29464,31653,20996,37557,20985,27992,44021
32770,32398,32820,33469,32695,35960,37594,32796,33424,34676,37588,35587,29464,31653,20996,37557,20985,27992,44021
32741,32599,32631,33415,33240,35960,37594,32796,33424,34676,37588,35587,29464,31653,20996,37557,20985,27992,44021
32672,32087,32871,33307,33041,35960,37594,32796,33424,34676,37588,35587,29464,31653,20996,37557,20985,27992,44021
32506,31015,32731,33138,32983,35960,37594,32796,33424,34676,37588,35587,29464,31653,20996,37557,20985,27992,44021
32561,32251,32893,33327,33394,35960,37594,32796,33424,34676,37588,35587,29464,31653,20996,37557,20985,27992,44021
32579,33106,32744,33420,33149,35960,37594,32796,33424,34676,37588,35587,29464,31653,20996,37557,20985,27992,44021
32696,32751,32879,33146,32819,35864,37424,32810,33372,34690,37544,35396,29380,31864,20616,42220,21055,31685,50375
32751,32505,32741,33210,30787,35864,37424,32810,33372,34690,37544,35396,29380,31864,20616,42220,21055,31685,50375
32740,32621,32797,33123,33176,35864,37424,32810,33372,34690,37544,35396,29380,31864,20616,42220,21055,31685,50375
32729,33499,32748,32878,32299,35864,37424,32810,33372,34690,37544,35396,29380,31864,20616,42220,21055,31685,50375
32699,33521,32805,33171,33415,35864,37424,32810,33372,34690,37544,35396,29380,31864,20616,42220,21055,31685,50375
32674,31799,32743,33311,32503,35864,37424,32810,33372,34690,37544,35396,29380,31864,20616,42220,21055,31685,50375
32612,31937,32804,33124,33919,35864,37424,32810,33372,34690,37544,35396,29380,31864,20616,42220,21055,31685,50375
32558,32902,32811,33095,32564,35864,37424,32810,33372,34690,37544,35396,29380,31864,20616,42220,21055,31685,50375
32613,32933,32723,33223,32903,35864,37424,32810,33372,34690,37544,35396,29380,31864,20616,42220,21055,31685,50375
32656,33444,32891,33109,33330,35864,37424,32810,33372,34690,37544,35396,29380,31864,20616,42220,21055,31685,50375
32815,33601,32634,32955,32445,35610,37264,32948,33456,34537,37368,35440,29281,31768,21108,46656,20452,27336,54277
32851,33181,32868,32883,30862,35610,37264,32948,33456,34537,37368,35440,29281,31768,21108,46656,20452,27336,54277
32883,32199,32774,33069,32167,35610,37264,32948,33456,34537,37368,35440,29281,31768,21108,46656,20452,27336,54277
32928,32697,32871,33134,32849,35610,37264,32948,33456,34537,37368,35440,29281,31768,21108,46656,20452,27336,54277
32795,33479,32824,33225,32793,35610,37264,32948,33456,34537,37368,35440,29281,31768,21108,46656,20452,27336,54277
32734,33327,32774,33117,33515,35610,37264,32948,33456,34537,37368,35440,29281,31768,21108,46656,20452,27336,54277
32728,32695,32938,33442,33218,35610,37264,32948,33456,34537,37368,35440,29281,31768,21108,46656,20452,27336,54277
32768,32287,32679,33378,33157,35610,37264,32948,33456,34537,37368,35440,29281,31768,21108,46656,20452,27336,54277
32907,32248,32935,33413,32903,35610,37264,32948,33456,34537,37368,35440,29281,31768,21108,46656,20452,27336,54277
32876,31775,32761,33399,31629,35610,37264,32948,33456,34537,37368,35440,29281,31768,21108,46656,20452,27336,54277
32760,31937,32811,33575,31453,35444,37168,32942,33320,34619,37300,35466,29280,32108,22460,51424,23425,30168,50716
32845,32503,32870,33394,32598,35444,37168,32942,33320,34619,37300,35466,29280,32108,22460,51424,23425,30168,50716
32863,32882,32722,33166,32717,35444,37168,32942,33320,34619,37300,35466,29280,32108,22460,51424,23425,30168,50716
32848,33175,32843,33287,32639,35444,37168,32942,33320,34619,37300,35466,29280,32108,22460,51424,23425,30168,50716
32757,32811,32670,33257,33239,35444,37168,32942,33320,34619,37300,35466,29280,32108,22460,51424,23425,30168,50716
32666,32792,32801,33056,32902,35444,37168,32942,33320,34619,37300,35466,29280,32108,22460,51424,23425,30168,50716
32699,33330,32835,32933,32827,35444,37168,32942,33320,34619,37300,35466,29280,32108,22460,51424,23425,30168,50716
32737,33251,32671,32999,33433,35444,37168,32942,33320,34619,37300,35466,29280,32108,22460,51424,23425,30168,50716
32772,33331,32730,33019,33231,35444,37168,32942,33320,34619,37300,35466,29280,32108,22460,51424,23425,30168,50716
32743,33699,32775,32934,32838,35444,37168,32942,33320,34619,37300,35466,29280,32108,22460,51424,23425,30168,50716
32830,33757,32630,32687,33897,34913,37292,33417,33400,34676,37280,35344,29210,32729,24151,52885,21284,31352,52736
32852,33415,32719,32629,33030,34913,37292,33417,33400,34676,37280,35344,29210,32729,24151,52885,21284,31352,52736
32799,32839,32806,32751,33074,34913,37292,33417,33400,34676,37280,35344,29210,32729,24151,52885,21284,31352,52736
32784,31939,32654,32991,32847,34913,37292,33417,33400,34676,37280,35344,29210,32729,24151,52885,21284,31352,52736
32738,31066,32799,33143,32588,34913,37292,33417,33400,34676,37280,35344,29210,32729,24151,52885,21284,31352,52736
32765,30011,32782,33031,32487,34913,37292,33417,33400,34676,37280,35344,29210,32729,24151,52885,21284,31352,52736
32729,30706,32639,32887,32527,34913,37292,33417,33400,34676,37280,35344,29210,32729,24151,52885,21284,31352,52736
32760,31886,32803,33046,33379,34913,37292,33417,33400,34676,37280,35344,29210,32729,24151,52885,21284,31352,52736
32729,32706,32842,33099,33524,34913,37292,33417,33400,34676,37280,35344,29210,32729,24151,52885,21284,31352,52736
32739,32877,32674,33174,33295,34913,37292,33417,33400,34676,37280,35344,29210,32729,24151,52885,21284,31352,52736
32743,32812,32741,33203,32773,35112,37264,33540,33368,34488,37176,35232,29150,34309,24929,45308,21590,26994,54668
32811,33652,32649,33015,32676,35112,37264,33540,33368,34488,37176,35232,29150,34309,24929,45308,21590,26994,54668
32677,33679,32701,33250,32191,35112,37264,33540,33368,34488,37176,35232,29150,34309,24929,45308,21590,26994,54668
32633,33186,32775,33335,31879,35112,37264,33540,33368,34488,37176,35232,29150,34309,24929,45308,21590,26994,54668
32593,33135,32605,33204,31919,35112,37264,33540,33368,34488,37176,35232,29150,34309,24929,45308,21590,26994,54668
32675,32975,32742,33159,32295,35112,37264,33540,33368,34488,37176,35232,29150,34309,24929,45308,21590,26994,54668
32696,32371,32621,33447,32848,35112,37264,33540,33368,34488,37176,35232,29150,34309,24929,45308,21590,26994,54668
32649,32645,32785,33537,32683,35112,37264,33540,33368,34488,37176,35232,29150,34309,24929,45308,21590,26994,54668
32699,33047,32807,33485,32679,35112,37264,33540,33368,34488,37176,35232,29150,34309,24929,45308,21590,26994,54668
32706,33155,32635,33239,32823,35112,37264,33540,33368,34488,37176,35232,29150,34309,24929,45308,21590,26994,54668
32752,33247,32845,33095,33165,34948,37170,33486,33301,34284,37114,35296,29048,34756,24892,50304,21880,30944,55218
32839,33273,32698,33407,32799,34948,37170,33486,33301,34284,37114,35296,29048,34756,24892,50304,21880,30944,55218
32891,33222,32723,33351,32786,34948,37170,33486,33301,34284,37114,35296,29048,34756,24892,50304,21880,30944,55218
32904,32899,32838,33334,32775,34948,37170,33486,33301,34284,37114,35296,29048,34756,24892,50304,21880,30944,55218
32895,32453,32658,33045,32799,34948,37170,33486,33301,34284,37114,35296,29048,34756,24892,50304,21880,30944,55218
32754,32373,32867,33102,32957,34948,37170,33486,33301,34284,37114,35296,29048,34756,24892,50304,21880,30944,55218
32674,32601,32862,33287,32731,34948,37170,33486,33301,34284,37114,35296,29048,34756,24892,50304,21880,30944,55218
32806,32519,32695,33389,32188,34948,37170,33486,33301,34284,37114,35296,29048,34756,24892,50304,21880,30944,55218
32972,32230,32909,33170,32751,34948,37170,33486,33301,34284,37114,35296,29048,34756,24892,50304,21880,30944,55218
33006,32191,32771,33089,32799,34948,37170,33486,33301,34284,37114,35296,29048,34756,24892,50304,21880,30944,55218
33036,32467,32896,33303,33474,34840,37250,33440,33354,34114,37084,35304,29076,35124,26205,51926,21880,28904,59596
33076,33076,32705,33159,33125,34840,37250,33440,33354,34114,37084,35304,29076,35124,26205,51926,21880,28904,59596
33106,33658,32711,33001,33089,34840,37250,33440,33354,34114,37084,35304,29076,35124,26205,51926,21880,28904,59596
33070,33437,32630,33155,33007,34840,37250,33440,33354,34114,37084,35304,29076,35124,26205,51926,21880,28904,59596
32942,33262,32647,33225,33129,34840,37250,33440,33354,34114,37084,35304,29076,35124,26205,51926,21880,28904,59596
32957,32595,32878,33175,33045,34840,37250,33440,33354,34114,37084,35304,29076,35124,26205,51926,21880,28904,59596
32871,31713,32699,32907,32995,34840,37250,33440,33354,34114,37084,35304,29076,35124,26205,51926,21880,28904,59596
32858,31407,32898,33091,32751,34840,37250,33440,33354,34114,37084,35304,29076,35124,26205,51926,21880,28904,59596
32820,32290,32681,33115,32920,34840,37250,33440,33354,34114,37084,35304,29076,35124,26205,51926,21880,28904,59596
32763,32699,32675,33199,32522,34840,37250,33440,33354,34114,37084,35304,29076,35124,26205,51926,21880,28904,59596
32686,32471,32891,33180,32725,34473,37177,33440,33384,34010,37067,35284,29004,34588,27124,54848,22788,26034,58208
32656,33037,32631,33111,32511,34473,37177,33440,33384,34010,37067,35284,29004,34588,27124,54848,22788,26034,58208
32648,33211,32857,33487,32851,34473,37177,33440,33384,34010,37067,35284,29004,34588,27124,54848,22788,26034,58208
32701,33055,32650,33526,32767,34473,37177,33440,33384,34010,37067,35284,29004,34588,27124,54848,22788,26034,58208
32646,32146,32875,33299,33127,34473,37177,33440,33384,34010,37067,35284,29004,34588,27124,54848,22788,26034,58208
32640,31591,32655,33351,33042,34473,37177,33440,33384,34010,37067,35284,29004,34588,27124,54848,22788,26034,58208
32717,32327,32863,33459,32791,34473,37177,33440,33384,34010,37067,35284,29004,34588,27124,54848,22788,26034,58208
32697,32732,32767,33369,33091,34473,37177,33440,33384,34010,37067,35284,29004,34588,27124,54848,22788,26034,58208
32756,31590,32910,33073,32871,34473,37177,33440,33384,34010,37067,35284,29004,34588,27124,54848,22788,26034,58208
32758,31846,32763,33094,32562,34473,37177,33440,33384,34010,37067,35284,29004,34588,27124,54848,22788,26034,58208
32863,34075,32694,33151,31875,34540,37274,33336,33342,33844,36960,35285,28988,34928,28452,51464,24220,25836,58524
32839,34855,32674,32786,32223,34540,37274,33336,33342,33844,36960,35285,28988,34928,28452,51464,24220,25836,58524
32713,33647,32683,32827,32237,34540,37274,33336,33342,33844,36960,35285,28988,34928,28452,51464,24220,25836,58524
32689,31791,32799,33047,32099,34540,37274,33336,33342,33844,36960,35285,28988,34928,28452,51464,24220,25836,58524
32776,32241,32665,33206,32632,34540,37274,33336,33342,33844,36960,35285,28988,34928,28452,51464,24220,25836,58524
32740,32487,32821,33133,32387,34540,37274,33336,33342,33844,36960,35285,28988,34928,28452,51464,24220,25836,58524
32794,32685,32690,33237,32775,34540,37274,33336,33342,33844,36960,35285,28988,34928,28452,51464,24220,25836,58524
32773,31826,32898,33387,32719,34540,37274,33336,33342,33844,36960,35285,28988,34928,28452,51464,24220,25836,58524
32765,31842,32717,33266,33159,34540,37274,33336,33342,33844,36960,35285,28988,34928,28452,51464,24220,25836,58524
32788,32492,32775,32899,32853,34540,37274,33336,33342,33844,36960,35285,28988,34928,28452,51464,24220,25836,58524
32745,32724,32807,32984,33623,34460,37220,33394,33232,33792,36961,35364,28958,34280,28223,53136,27005,26680,54544
32646,32189,32683,33055,33595,34460,37220,33394,33232,33792,36961,35364,28958,34280,28223,53136,27005,26680,54544
32578,32415,32739,33095,33590,34460,37220,33394,33232,33792,36961,35364,28958,34280,28223,53136,27005,26680,54544
32785,33133,32931,33401,33929,34460,37220,33394,33232,33792,36961,35364,28958,34280,28223,53136,27005,26680,54544
32933,33271,32720,33251,33127,34460,37220,33394,33232,33792,36961,35364,28958,34280,28223,53136,27005,26680,54544
32909,33041,32818,33171,33551,34460,37220,33394,33232,33792,36961,35364,28958,34280,28223,53136,27005,26680,54544
32892,32953,32759,33077,32867,34460,37220,33394,33232,33792,36961,35364,28958,34280,28223,53136,27005,26680,54544
32837,33358,32748,33175,32767,34460,37220,33394,33232,33792,36961,35364,28958,34280,28223,53136,27005,26680,54544
32805,33724,32759,33274,32641,34460,37220,33394,33232,33792,36961,35364,28958,34280,28223,53136,27005,26680,54544
32791,33969,32741,33021,32508,34460,37220,33394,33232,33792,36961,35364,28958,34280,28223,53136,27005,26680,54544
32804,34106,32887,33003,32381,34386,37145,33596,33256,33820,36908,35320,28960,34277,28350,53772,27540,26297,51664
32717,34163,32729,33087,33437,34386,37145,33596,33256,33820,36908,35320,28960,34277,28350,53772,27540,26297,51664
32669,34695,32838,33117,33041,34386,37145,33596,33256,33820,36908,35320,28960,34277,28350,53772,27540,26297,51664
32708,34150,32935,33083,32534,34386,37145,33596,33256,33820,36908,35320,28960,34277,28350,53772,27540,26297,51664
32690,33186,32791,33031,33317,34386,37145,33596,33256,33820,36908,35320,28960,34277,28350,53772,27540,26297,51664
32809,31695,32900,33237,32422,34386,37145,33596,33256,33820,36908,35320,28960,34277,28350,53772,27540,26297,51664
32683,30495,32683,33317,32608,34386,37145,33596,33256,33820,36908,35320,28960,34277,28350,53772,27540,26297,51664
32668,30848,32852,33287,32263,34386,37145,33596,33256,33820,36908,35320,28960,34277,28350,53772,27540,26297,51664
32665,30266,32816,33053,31976,34386,37145,33596,33256,33820,36908,35320,28960,34277,28350,53772,27540,26297,51664
32694,30639,32685,32982,32415,34386,37145,33596,33256,33820,36908,35320,28960,34277,28350,53772,27540,26297,51664
32848,31851,32835,33191,32080,34268,37152,33652,33344,33682,36856,35260,28938,34408,28582,56584,25524,25596,51208
32775,32683,32626,33263,33146,34268,37152,33652,33344,33682,36856,35260,28938,34408,28582,56584,25524,25596,51208
32730,33011,32848,33166,32491,34268,37152,33652,33344,33682,36856,35260,28938,34408,28582,56584,25524,25596,51208
32742,32959,32711,33159,32922,34268,37152,33652,33344,33682,36856,35260,28938,34408,28582,56584,25524,25596,51208
32725,33063,32679,33316,32455,34268,37152,33652,33344,33682,36856,35260,28938,34408,28582,56584,25524,25596,51208
32726,33013,32890,33367,32171,34268,37152,33652,33344,33682,36856,35260,28938,34408,28582,56584,25524,25596,51208
32659,33063,32661,33183,32215,34268,37152,33652,33344,33682,36856,35260,28938,34408,28582,56584,25524,25596,51208
32762,33219,32826,32916,32023,34268,37152,33652,33344,33682,36856,35260,28938,34408,28582,56584,25524,25596,51208
32794,33541,32651,33023,32658,34268,37152,33652,33344,33682,36856,35260,28938,34408,28582,56584,25524,25596,51208
32724,33467,32832,32967,33041,34268,37152,33652,33344,33682,36856,35260,28938,34408,28582,56584,25524,25596,51208
32775,33045,32811,32834,33719,34086,37124,33666,33302,33428,36840,35168,28968,34943,28908,53772,26741,23989,51213
32775,33046,32750,32751,34098,34086,37124,33666,33302,33428,36840,35168,28968,34943,28908,53772,26741,23989,51213
32506,33020,32879,32842,33493,34086,37124,33666,33302,33428,36840,35168,28968,34943,28908,53772,26741,23989,51213
32476,32897,32647,32960,34021,34086,37124,33666,33302,33428,36840,35168,28968,34943,28908,53772,26741,23989,51213
32565,32951,32843,32901,33001,34086,37124,33666,33302,33428,36840,35168,28968,34943,28908,53772,26741,23989,51213
32676,33325,32762,32911,32687,34086,37124,33666,33302,33428,36840,35168,28968,34943,28908,53772,26741,23989,51213
32823,33339,32739,33137,31943,34086,37124,33666,33302,33428,36840,35168,28968,34943,28908,53772,26741,23989,51213
32857,33260,32813,33210,32360,34086,37124,33666,33302,33428,36840,35168,28968,34943,28908,53772,26741,23989,51213
32976,33107,32647,33249,32123,34086,37124,33666,33302,33428,36840,35168,28968,34943,28908,53772,26741,23989,51213
33001,32299,32806,33166,32175,34086,37124,33666,33302,33428,36840,35168,28968,34943,28908,53772,26741,23989,51213
33027,32339,32805,33166,32459,33890,37088,33608,33392,33221,36797,35160,28958,35499,29010,53023,25508,24721,50656
33032,32373,32749,33267,32941,33890,37088,33608,33392,33221,36797,35160,28958,35499,29010,53023,25508,24721,50656
33081,32237,32888,33363,32775,33890,37088,33608,33392,33221,36797,35160,28958,35499,29010,53023,25508,24721,50656
33018,32135,32682,33452,33087,33890,37088,33608,33392,33221,36797,35160,28958,35499,29010,53023,25508,24721,50656
33012,32471,32843,33215,33148,33890,37088,33608,33392,33221,36797,35160,28958,35499,29010,53023,25508,24721,50656
32911,32237,32671,33375,33543,33890,37088,33608,33392,33221,36797,35160,28958,35499,29010,53023,25508,24721,50656
32890,31800,32598,33554,32821,33890,37088,33608,33392,33221,36797,35160,28958,35499,29010,53023,25508,24721,50656
32791,32366,32869,33472,33093,33890,37088,33608,33392,33221,36797,35160,28958,35499,29010,53023,25508,24721,50656
32766,33318,32699,33095,32530,33890,37088,33608,33392,33221,36797,35160,28958,35499,29010,53023,25508,24721,50656
32725,33013,32775,33033,32879,33890,37088,33608,33392,33221,36797,35160,28958,35499,29010,53023,25508,24721,50656
32609,32758,32882,33239,32293,33729,37072,33576,33384,33032,36792,35112,28964,34508,29281,52248,28760,24788,52832
32528,32399,32650,33603,32238,33729,37072,33576,33384,33032,36792,35112,28964,34508,29281,52248,28760,24788,52832
32488,33462,32911,33443,31958,33729,37072,33576,33384,33032,36792,35112,28964,34508,29281,52248,28760,24788,52832
32580,35189,32745,33119,32741,33729,37072,33576,33384,33032,36792,35112,28964,34508,29281,52248,28760,24788,52832
32694,35183,32756,33261,32635,33729,37072,33576,33384,33032,36792,35112,28964,34508,29281,52248,28760,24788,52832
32719,33499,32855,33191,32711,33729,37072,33576,33384,33032,36792,35112,28964,34508,29281,52248,28760,24788,52832
32704,32087,32604,33007,32665,33729,37072,33576,33384,33032,36792,35112,28964,34508,29281,52248,28760,24788,52832
32591,32317,32797,32942,33229,33729,37072,33576,33384,33032,36792,35112,28964,34508,29281,52248,28760,24788,52832
32473,32645,32791,33119,32839,33729,37072,33576,33384,33032,36792,35112,28964,34508,29281,52248,28760,24788,52832
32449,32441,32737,33410,33107,33729,37072,33576,33384,33032,36792,35112,28964,34508,29281,52248,28760,24788,52832
32530,32600,32783,33139,33197,33624,37056,33552,33484,32875,36792,35092,28984,34081,29548,55348,25845,23972,52120
32658,32735,32685,32973,33126,33624,37056,33552,33484,32875,36792,35092,28984,34081,29548,55348,25845,23972,52120
32784,33305,32896,33210,33123,33624,37056,33552,33484,32875,36792,35092,28984,34081,29548,55348,25845,23972,52120
32918,33610,32807,33243,33006,33624,37056,33552,33484,32875,36792,35092,28984,34081,29548,55348,25845,23972,52120
32949,33299,32978,33175,33163,33624,37056,33552,33484,32875,36792,35092,28984,34081,29548,55348,25845,23972,52120
32873,32733,32807,33075,33287,33624,37056,33552,33484,32875,36792,35092,28984,34081,29548,55348,25845,23972,52120
32917,32705,32802,33326,33271,33624,37056,33552,33484,32875,36792,35092,28984,34081,29548,55348,25845,23972,52120
32946,32289,32943,33495,32975,33624,37056,33552,33484,32875,36792,35092,28984,34081,29548,55348,25845,23972,52120
32946,30899,32767,33253,33325,33624,37056,33552,33484,32875,36792,35092,28984,34081,29548,55348,25845,23972,52120
32907,31191,32967,33162,32886,33624,37056,33552,33484,32875,36792,35092,28984,34081,29548,55348,25845,23972,52120
32972,31316,32739,33411,32803,33568,37096,33624,33406,33029,36688,35136,28994,34076,29776,50568,29077,22113,52700
32962,32301,32861,33463,33201,33568,37096,33624,33406,33029,36688,35136,28994,34076,29776,50568,29077,22113,52700
32883,32556,32745,33516,33369,33568,37096,33624,33406,33029,36688,35136,28994,34076,29776,50568,29077,22113,52700
32814,32627,32595,33233,32413,33568,37096,33624,33406,33029,36688,35136,28994,34076,29776,50568,29077,22113,52700
32748,33391,32767,33166,33023,33568,37096,33624,33406,33029,36688,35136,28994,34076,29776,50568,29077,22113,52700
32807,33319,32531,33103,32745,33568,37096,33624,33406,33029,36688,35136,28994,34076,29776,50568,29077,22113,52700
32812,32797,32787,33043,32295,33568,37096,33624,33406,33029,36688,35136,28994,34076,29776,50568,29077,22113,52700
32775,32677,32570,32662,32741,33568,37096,33624,33406,33029,36688,35136,28994,34076,29776,50568,29077,22113,52700
32763,33287,32741,32760,32423,33568,37096,33624,33406,33029,36688,35136,28994,34076,29776,50568,29077,22113,52700
32750,33590,32771,32829,32249,33568,37096,33624,33406,33029,36688,35136,28994,34076,29776,50568,29077,22113,52700
32726,33346,32762,32967,32263,33592,36968,33644,33355,33064,36648,35081,29032,34184,29831,51468,28911,21767,50316
32598,32819,32755,32917,32583,33592,36968,33644,33355,33064,36648,35081,29032,34184,29831,51468,28911,21767,50316
32656,32763,32615,33087,32609,33592,36968,33644,33355,33064,36648,35081,29032,34184,29831,51468,28911,21767,50316
32740,32767,32857,33169,32001,33592,36968,33644,33355,33064,36648,35081,29032,34184,29831,51468,28911,21767,50316
32726,32527,32647,32951,32983,33592,36968,33644,33355,33064,36648,35081,29032,34184,29831,51468,28911,21767,50316
32720,32775,32710,33099,32583,33592,36968,33644,33355,33064,36648,35081,29032,34184,29831,51468,28911,21767,50316
32676,33199,32854,33133,32207,33592,36968,33644,33355,33064,36648,35081,29032,34184,29831,51468,28911,21767,50316
32696,33159,32667,33071,32075,33592,36968,33644,33355,33064,36648,35081,29032,34184,29831,51468,28911,21767,50316
32681,33231,32841,32941,33213,33592,36968,33644,33355,33064,36648,35081,29032,34184,29831,51468,28911,21767,50316
32684,33280,32673,32989,33307,33592,36968,33644,33355,33064,36648,35081,29032,34184,29831,51468,28911,21767,50316
32796,32804,32903,33159,33382,33568,36952,33816,33518,32896,36576,35048,29088,34893,29576,46620,27352,21197,53663
32996,32475,32887,33116,32930,33568,36952,33816,33518,32896,36576,35048,29088,34893,29576,46620,27352,21197,53663
32998,32498,32705,33040,33403,33568,36952,33816,33518,32896,36576,35048,29088,34893,29576,46620,27352,21197,53663
32744,32812,32959,33247,33763,33568,36952,33816,33518,32896,36576,35048,29088,34893,29576,46620,27352,21197,53663
32556,33175,32837,33391,33399,33568,36952,33816,33518,32896,36576,35048,29088,34893,29576,46620,27352,21197,53663
32462,33215,32690,33415,32435,33568,36952,33816,33518,32896,36576,35048,29088,34893,29576,46620,27352,21197,53663
32427,33127,32934,33317,32731,33568,36952,33816,33518,32896,36576,35048,29088,34893,29576,46620,27352,21197,53663
32501,33183,32683,33305,32923,33568,36952,33816,33518,32896,36576,35048,29088,34893,29576,46620,27352,21197,53663
32588,33138,32782,33558,33019,33568,36952,33816,33518,32896,36576,35048,29088,34893,29576,46620,27352,21197,53663
32731,32690,32787,33569,32801,33568,36952,33816,33518,32896,36576,35048,29088,34893,29576,46620,27352,21197,53663
32730,31639,32686,33319,33114,33288,36713,33756,33380,32594,36572,35016,29124,34881,29553,45532,25907,21065,49156
32724,31715,32885,33121,32914,33288,36713,33756,33380,32594,36572,35016,29124,34881,29553,45532,25907,21065,49156
32739,32201,32711,33100,33378,33288,36713,33756,33380,32594,36572,35016,29124,34881,29553,45532,25907,21065,49156
32711,32903,32755,33017,32731,33288,36713,33756,33380,32594,36572,35016,29124,34881,29553,45532,25907,21065,49156
32693,33107,32783,32935,32971,33288,36713,33756,33380,32594,36572,35016,29124,34881,29553,45532,25907,21065,49156
32833,32753,32601,32759,33047,33288,36713,33756,33380,32594,36572,35016,29124,34881,29553,45532,25907,21065,49156
32838,32456,32786,32955,32569,33288,36713,33756,33380,32594,36572,35016,29124,34881,29553,45532,25907,21065,49156
32972,32279,32578,33156,32705,33288,36713,33756,33380,32594,36572,35016,29124,34881,29553,45532,25907,21065,49156
33029,32543,32763,32907,32428,33288,36713,33756,33380,32594,36572,35016,29124,34881,29553,45532,25907,21065,49156
32932,32515,32639,33143,32395,33288,36713,33756,33380,32594,36572,35016,29124,34881,29553,45532,25907,21065,49156
32880,32671,32771,33175,32079,32961,36752,33848,33524,32314,36642,34920,29216,33774,30185,43736,29012,20908,49937
32856,33511,32679,32910,32044,32961,36752,33848,33524,32314,36642,34920,29216,33774,30185,43736,29012,20908,49937
32839,33817,32739,33178,32583,32961,36752,33848,33524,32314,36642,34920,29216,33774,30185,43736,29012,20908,49937
32859,33279,32699,33397,32337,32961,36752,33848,33524,32314,36642,34920,29216,33774,30185,43736,29012,20908,49937
32785,32299,32861,33174,32227,32961,36752,33848,33524,32314,36642,34920,29216,33774,30185,43736,29012,20908,49937
32814,31627,32805,33487,32667,32961,36752,33848,33524,32314,36642,34920,29216,33774,30185,43736,29012,20908,49937
32787,31299,32695,33479,32821,32961,36752,33848,33524,32314,36642,34920,29216,33774,30185,43736,29012,20908,49937
32714,31725,32825,33203,32495,32961,36752,33848,33524,32314,36642,34920,29216,33774,30185,43736,29012,20908,49937
32704,32633,32703,33167,33005,32961,36752,33848,33524,32314,36642,34920,29216,33774,30185,43736,29012,20908,49937
32690,32951,32815,33277,32664,32961,36752,33848,33524,32314,36642,34920,29216,33774,30185,43736,29012,20908,49937
32733,32942,32656,33052,33061,32556,36889,33568,33433,31994,36736,34832,29296,32872,29760,44052,26214,20064,51428
32627,32459,32798,33146,32691,32556,36889,33568,33433,31994,36736,34832,29296,32872,29760,44052,26214,20064,51428
32782,32253,32734,33457,33110,32556,36889,33568,33433,31994,36736,34832,29296,32872,29760,44052,26214,20064,51428
32836,31789,32749,33498,33121,32556,36889,33568,33433,31994,36736,34832,29296,32872,29760,44052,26214,20064,51428
32808,31665,32851,33279,34183,32556,36889,33568,33433,31994,36736,34832,29296,32872,29760,44052,26214,20064,51428
32825,32162,32628,33064,33447,32556,36889,33568,33433,31994,36736,34832,29296,32872,29760,44052,26214,20064,51428
32890,33029,32845,32932,33890,32556,36889,33568,33433,31994,36736,34832,29296,32872,29760,44052,26214,20064,51428
32838,33123,32698,33129,33047,32556,36889,33568,33433,31994,36736,34832,29296,32872,29760,44052,26214,20064,51428
32772,33287,32818,32819,33029,32556,36889,33568,33433,31994,36736,34832,29296,32872,29760,44052,26214,20064,51428
32804,32663,32841,33024,33031,32556,36889,33568,33433,31994,36736,34832,29296,32872,29760,44052,26214,20064,51428
32788,31973,32627,33154,32739,31946,36840,33120,33504,31668,36738,34580,29380,32805,31572,47368,30130,19740,48369
32837,32164,32914,33279,32884,31946,36840,33120,33504,31668,36738,34580,29380,32805,31572,47368,30130,19740,48369
32868,32683,32873,33071,32856,31946,36840,33120,33504,31668,36738,34580,29380,32805,31572,47368,30130,19740,48369
32858,33171,32691,32961,32855,31946,36840,33120,33504,31668,36738,34580,29380,32805,31572,47368,30130,19740,48369
32846,33443,32831,32951,32987,31946,36840,33120,33504,31668,36738,34580,29380,32805,31572,47368,30130,19740,48369
32757,33366,32762,33037,32399,31946,36840,33120,33504,31668,36738,34580,29380,32805,31572,47368,30130,19740,48369
32725,33743,32613,33087,32601,31946,36840,33120,33504,31668,36738,34580,29380,32805,31572,47368,30130,19740,48369
32547,33461,32749,33179,32712,31946,36840,33120,33504,31668,36738,34580,29380,32805,31572,47368,30130,19740,48369
32307,33271,32768,33070,32711,31946,36840,33120,33504,31668,36738,34580,29380,32805,31572,47368,30130,19740,48369
32327,33013,32666,32951,33023,31946,36840,33120,33504,31668,36738,34580,29380,32805,31572,47368,30130,19740,48369
32388,31779,32737,32961,32924,31472,37044,33208,33633,31240,36802,34460,29485,32052,33666,44968,27945,19878,51026
32495,31059,32931,32991,32655,31472,37044,33208,33633,31240,36802,34460,29485,32052,33666,44968,27945,19878,51026
32730,32390,32727,33209,32114,31472,37044,33208,33633,31240,36802,34460,29485,32052,33666,44968,27945,19878,51026
32564,32805,32775,33338,32049,31472,37044,33208,33633,31240,36802,34460,29485,32052,33666,44968,27945,19878,51026
32432,31572,32840,33391,32114,31472,37044,33208,33633,31240,36802,34460,29485,32052,33666,44968,27945,19878,51026
32649,31686,32647,33157,32382,31472,37044,33208,33633,31240,36802,34460,29485,32052,33666,44968,27945,19878,51026
32933,32873,32863,33270,32170,31472,37044,33208,33633,31240,36802,34460,29485,32052,33666,44968,27945,19878,51026
33107,33105,32730,33318,32047,31472,37044,33208,33633,31240,36802,34460,29485,32052,33666,44968,27945,19878,51026
33308,33055,32647,33391,32255,31472,37044,33208,33633,31240,36802,34460,29485,32052,33666,44968,27945,19878,51026
33400,33267,32909,33436,32389,31472,37044,33208,33633,31240,36802,34460,29485,32052,33666,44968,27945,19878,51026
33392,33148,32803,33229,32932,30893,37020,33140,33496,30758,36796,34226,29582,31392,32684,45744,31328,20290,44148
33375,32753,32733,33211,32715,30893,37020,33140,33496,30758,36796,34226,29582,31392,32684,45744,31328,20290,44148
33312,32285,32879,33490,33333,30893,37020,33140,33496,30758,36796,34226,29582,31392,32684,45744,31328,20290,44148
33166,32029,32711,33383,33223,30893,37020,33140,33496,30758,36796,34226,29582,31392,32684,45744,31328,20290,44148
32983,33607,32642,33283,33555,30893,37020,33140,33496,30758,36796,34226,29582,31392,32684,45744,31328,20290,44148
32862,34087,32647,32877,33589,30893,37020,33140,33496,30758,36796,34226,29582,31392,32684,45744,31328,20290,44148
32760,33967,32378,32899,33178,30893,37020,33140,33496,30758,36796,34226,29582,31392,32684,45744,31328,20290,44148
32619,33743,32243,33071,33025,30893,37020,33140,33496,30758,36796,34226,29582,31392,32684,45744,31328,20290,44148
32611,33510,32252,33271,33189,30893,37020,33140,33496,30758,36796,34226,29582,31392,32684,45744,31328,20290,44148
32632,34095,32263,33272,33287,30893,37020,33140,33496,30758,36796,34226,29582,31392,32684,45744,31328,20290,44148
32560,33491,32303,33247,32809,30484,36980,32964,33712,30608,36860,33953,29688,29977,31908,45392,29423,19908,44516
32548,31145,32466,33047,32658,30484,36980,32964,33712,30608,36860,33953,29688,29977,31908,45392,29423,19908,44516
32568,27552,33039,33092,32568,30484,36980,32964,33712,30608,36860,33953,29688,29977,31908,45392,29423,19908,44516
32292,30379,33233,32758,32835,30484,36980,32964,33712,30608,36860,33953,29688,29977,31908,45392,29423,19908,44516
32175,33307,33021,32603,32911,30484,36980,32964,33712,30608,36860,33953,29688,29977,31908,45392,29423,19908,44516
32288,33697,32665,32728,32703,30484,36980,32964,33712,30608,36860,33953,29688,29977,31908,45392,29423,19908,44516
32496,34043,32786,33142,32745,30484,36980,32964,33712,30608,36860,33953,29688,29977,31908,45392,29423,19908,44516
32588,33215,32755,33300,32530,30484,36980,32964,33712,30608,36860,33953,29688,29977,31908,45392,29423,19908,44516
32751,31407,33209,33316,32506,30484,36980,32964,33712,30608,36860,33953,29688,29977,31908,45392,29423,19908,44516
32840,30469,33180,33521,32344,30484,36980,32964,33712,30608,36860,33953,29688,29977,31908,45392,29423,19908,44516
33078,31271,33443,33333,32335,30382,36848,32984,33680,30748,37032,33858,29752,29541,32676,41552,33892,20302,37084
33077,33071,34091,33411,32478,30382,36848,32984,33680,30748,37032,33858,29752,29541,32676,41552,33892,20302,37084
33048,33530,33895,33166,32665,30382,36848,32984,33680,30748,37032,33858,29752,29541,32676,41552,33892,20302,37084
33110,33266,33183,32933,32530,30382,36848,32984,33680,30748,37032,33858,29752,29541,32676,41552,33892,20302,37084
33095,32469,32858,32850,32603,30382,36848,32984,33680,30748,37032,33858,29752,29541,32676,41552,33892,20302,37084
32915,32535,33001,32935,32745,30382,36848,32984,33680,30748,37032,33858,29752,29541,32676,41552,33892,20302,37084
32793,33101,32970,33151,32681,30382,36848,32984,33680,30748,37032,33858,29752,29541,32676,41552,33892,20302,37084
32786,33323,32983,33022,32701,30382,36848,32984,33680,30748,37032,33858,29752,29541,32676,41552,33892,20302,37084
32856,33651,33147,32812,32510,30382,36848,32984,33680,30748,37032,33858,29752,29541,32676,41552,33892,20302,37084
32825,34009,32879,33054,32575,30382,36848,32984,33680,30748,37032,33858,29752,29541,32676,41552,33892,20302,37084
32722,33675,32372,33122,32443,30422,37122,32750,33774,30934,37132,33828,29872,28612,33704,37872,32640,21112,32856
32710,33111,31674,32839,32639,30422,37122,32750,33774,30934,37132,33828,29872,28612,33704,37872,32640,21112,32856
32731,33278,31646,32923,32799,30422,37122,32750,33774,30934,37132,33828,29872,28612,33704,37872,32640,21112,32856
32718,32955,31797,33355,33094,30422,37122,32750,33774,30934,37132,33828,29872,28612,33704,37872,32640,21112,32856
32688,33277,32677,33445,33022,30422,37122,32750,33774,30934,37132,33828,29872,28612,33704,37872,32640,21112,32856
32641,32630,32896,33245,33250,30422,37122,32750,33774,30934,37132,33828,29872,28612,33704,37872,32640,21112,32856
32770,31639,32822,33263,33650,30422,37122,32750,33774,30934,37132,33828,29872,28612,33704,37872,32640,21112,32856
32968,31930,33126,33455,33430,30422,37122,32750,33774,30934,37132,33828,29872,28612,33704,37872,32640,21112,32856
32937,32321,32908,33316,33127,30422,37122,32750,33774,30934,37132,33828,29872,28612,33704,37872,32640,21112,32856
32492,32924,32921,33103,32641,30422,37122,32750,33774,30934,37132,33828,29872,28612,33704,37872,32640,21112,32856
31990,33355,32710,33026,32702,30605,37132,32544,33816,30985,37152,33669,29944,27858,35320,33141,35869,21259,31058
31816,33671,32805,33249,32791,30605,37132,32544,33816,30985,37152,33669,29944,27858,35320,33141,35869,21259,31058
31933,33249,32602,33279,32687,30605,37132,32544,33816,30985,37152,33669,29944,27858,35320,33141,35869,21259,31058
32278,32843,32019,33282,32627,30605,37132,32544,33816,30985,37152,33669,29944,27858,35320,33141,35869,21259,31058
32613,32791,32210,33163,33110,30605,37132,32544,33816,30985,37152,33669,29944,27858,35320,33141,35869,21259,31058
32824,33542,32487,33131,33109,30605,37132,32544,33816,30985,37152,33669,29944,27858,35320,33141,35869,21259,31058
32957,33861,32384,33081,32875,30605,37132,32544,33816,30985,37152,33669,29944,27858,35320,33141,35869,21259,31058
33123,33696,32418,33017,32775,30605,37132,32544,33816,30985,37152,33669,29944,27858,35320,33141,35869,21259,31058
33243,35047,32855,33063,33234,30605,37132,32544,33816,30985,37152,33669,29944,27858,35320,33141,35869,21259,31058
33299,34020,32983,33207,32935,30605,37132,32544,33816,30985,37152,33669,29944,27858,35320,33141,35869,21259,31058
33170,32731,32916,33286,33036,31040,37028,32333,34080,30988,37125,33576,30024,27557,34689,29825,38292,21896,27713
33062,31949,33427,33287,33171,31040,37028,32333,34080,30988,37125,33576,30024,27557,34689,29825,38292,21896,27713
32795,30823,33471,33250,32915,31040,37028,32333,34080,30988,37125,33576,30024,27557,34689,29825,38292,21896,27713
32688,30663,33177,33178,32681,31040,37028,32333,34080,30988,37125,33576,30024,27557,34689,29825,38292,21896,27713
32636,30353,33339,33241,32204,31040,37028,32333,34080,30988,37125,33576,30024,27557,34689,29825,38292,21896,27713
32699,31285,33044,33361,32055,31040,37028,32333,34080,30988,37125,33576,30024,27557,34689,29825,38292,21896,27713
32759,33005,32578,33321,32018,31040,37028,32333,34080,30988,37125,33576,30024,27557,34689,29825,38292,21896,27713
32654,34028,32260,33199,32039,31040,37028,32333,34080,30988,37125,33576,30024,27557,34689,29825,38292,21896,27713
32647,33505,32263,32987,32261,31040,37028,32333,34080,30988,37125,33576,30024,27557,34689,29825,38292,21896,27713
32728,32591,31663,32765,32565,31040,37028,32333,34080,30988,37125,33576,30024,27557,34689,29825,38292,21896,27713
32975,32206,31026,32698,32689,31478,36936,31856,34048,31136,37012,33616,30160,29516,39068,27872,35917,22937,25106
32692,32245,31071,33010,32722,31478,36936,31856,34048,31136,37012,33616,30160,29516,39068,27872,35917,22937,25106
32648,33047,31389,33015,33249,31478,36936,31856,34048,31136,37012,33616,30160,29516,39068,27872,35917,22937,25106
32762,33182,32642,33083,33212,31478,36936,31856,34048,31136,37012,33616,30160,29516,39068,27872,35917,22937,25106
32827,33427,33847,32972,33362,31478,36936,31856,34048,31136,37012,33616,30160,29516,39068,27872,35917,22937,25106
32941,33333,35487,32725,33147,31478,36936,31856,34048,31136,37012,33616,30160,29516,39068,27872,35917,22937,25106
32921,33338,36263,32679,33043,31478,36936,31856,34048,31136,37012,33616,30160,29516,39068,27872,35917,22937,25106
32456,33887,32334,33261,32905,31478,36936,31856,34048,31136,37012,33616,30160,29516,39068,27872,35917,22937,25106
32363,32239,31065,33498,32510,31478,36936,31856,34048,31136,37012,33616,30160,29516,39068,27872,35917,22937,25106
32533,31799,31554,33630,32679,31478,36936,31856,34048,31136,37012,33616,30160,29516,39068,27872,35917,22937,25106
32790,33013,32541,33746,32831,32002,36886,31642,34128,31314,36984,33718,30202,29102,39444,22308,38472,23289,23022
32783,31909,33765,33458,32839,32002,36886,31642,34128,31314,36984,33718,30202,29102,39444,22308,38472,23289,23022
32698,30467,34269,33108,32782,32002,36886,31642,34128,31314,36984,33718,30202,29102,39444,22308,38472,23289,23022
32908,32175,34422,33273,32747,32002,36886,31642,34128,31314,36984,33718,30202,29102,39444,22308,38472,23289,23022
33223,33931,34581,33185,32837,32002,36886,31642,34128,31314,36984,33718,30202,29102,39444,22308,38472,23289,23022
33424,34599,32751,32996,32710,32002,36886,31642,34128,31314,36984,33718,30202,29102,39444,22308,38472,23289,23022
33330,34599,31959,32912,32887,32002,36886,31642,34128,31314,36984,33718,30202,29102,39444,22308,38472,23289,23022
33203,35217,31923,33133,33183,32002,36886,31642,34128,31314,36984,33718,30202,29102,39444,22308,38472,23289,23022
33092,35123,31886,33076,33199,32002,36886,31642,34128,31314,36984,33718,30202,29102,39444,22308,38472,23289,23022
33088,33538,31857,32923,32979,32002,36886,31642,34128,31314,36984,33718,30202,29102,39444,22308,38472,23289,23022
32906,31389,32027,32962,33132,32306,36850,31250,34444,31488,37009,33736,30240,29185,37413,21376,36589,25572,21836
32788,30529,32786,33430,33098,32306,36850,31250,34444,31488,37009,33736,30240,29185,37413,21376,36589,25572,21836
32680,31712,33637,33486,33097,32306,36850,31250,34444,31488,37009,33736,30240,29185,37413,21376,36589,25572,21836
32660,32615,33330,33519,32999,32306,36850,31250,34444,31488,37009,33736,30240,29185,37413,21376,36589,25572,21836
32640,30868,33081,33287,32957,32306,36850,31250,34444,31488,37009,33736,30240,29185,37413,21376,36589,25572,21836
32708,30175,33491,33286,32120,32306,36850,31250,34444,31488,37009,33736,30240,29185,37413,21376,36589,25572,21836
32674,31425,33135,33595,31943,32306,36850,31250,34444,31488,37009,33736,30240,29185,37413,21376,36589,25572,21836
32631,32327,32365,33549,31815,32306,36850,31250,34444,31488,37009,33736,30240,29185,37413,21376,36589,25572,21836
32562,32839,32185,33327,31922,32306,36850,31250,34444,31488,37009,33736,30240,29185,37413,21376,36589,25572,21836
32530,32994,32153,32914,32208,32306,36850,31250,34444,31488,37009,33736,30240,29185,37413,21376,36589,25572,21836
32607,32770,32190,32694,32373,32624,37016,30880,34512,31674,36996,33664,30412,28868,37998,20769,37810,25309,20242
32608,32805,32297,32371,32431,32624,37016,30880,34512,31674,36996,33664,30412,28868,37998,20769,37810,25309,20242
32391,33735,32305,32335,32983,32624,37016,30880,34512,31674,36996,33664,30412,28868,37998,20769,37810,25309,20242
32392,33842,32911,32207,33031,32624,37016,30880,34512,31674,36996,33664,30412,28868,37998,20769,37810,25309,20242
32456,33983,33366,32815,33017,32624,37016,30880,34512,31674,36996,33664,30412,28868,37998,20769,37810,25309,20242
32537,34225,32851,32263,33023,32624,37016,30880,34512,31674,36996,33664,30412,28868,37998,20769,37810,25309,20242
32295,34209,32795,33114,33095,32624,37016,30880,34512,31674,36996,33664,30412,28868,37998,20769,37810,25309,20242
32263,34413,33508,33557,32737,32624,37016,30880,34512,31674,36996,33664,30412,28868,37998,20769,37810,25309,20242
32535,34983,32885,33543,32845,32624,37016,30880,34512,31674,36996,33664,30412,28868,37998,20769,37810,25309,20242
32672,31727,32391,33535,32877,32624,37016,30880,34512,31674,36996,33664,30412,28868,37998,20769,37810,25309,20242
32768,29927,32485,33511,33005,33016,36989,30744,34676,32272,36937,33940,30416,28653,38078,21184,35220,26984,18675
32929,30939,32210,33055,32665,33016,36989,30744,34676,32272,36937,33940,30416,28653,38078,21184,35220,26984,18675
33034,32524,32293,32977,32877,33016,36989,30744,34676,32272,36937,33940,30416,28653,38078,21184,35220,26984,18675
33095,31113,32412,33619,32769,33016,36989,30744,34676,32272,36937,33940,30416,28653,38078,21184,35220,26984,18675
32858,30655,32548,33498,33190,33016,36989,30744,34676,32272,36937,33940,30416,28653,38078,21184,35220,26984,18675
32892,31326,32619,33395,33329,33016,36989,30744,34676,32272,36937,33940,30416,28653,38078,21184,35220,26984,18675
33076,32685,32494,33362,33223,33016,36989,30744,34676,32272,36937,33940,30416,28653,38078,21184,35220,26984,18675
33112,34663,33012,33362,33277,33016,36989,30744,34676,32272,36937,33940,30416,28653,38078,21184,35220,26984,18675
33159,35203,32726,33457,33053,33016,36989,30744,34676,32272,36937,33940,30416,28653,38078,21184,35220,26984,18675
33280,35687,33577,33183,33031,33016,36989,30744,34676,32272,36937,33940,30416,28653,38078,21184,35220,26984,18675
33185,35121,34021,32937,32751,33564,36968,31004,34484,32220,36677,33674,30468,28660,37620,20071,35090,28565,17530
33084,32863,32882,32807,32583,33564,36968,31004,34484,32220,36677,33674,30468,28660,37620,20071,35090,28565,17530
32862,30956,31789,32934,32572,33564,36968,31004,34484,32220,36677,33674,30468,28660,37620,20071,35090,28565,17530
32758,29391,32196,32985,32423,33564,36968,31004,34484,32220,36677,33674,30468,28660,37620,20071,35090,28565,17530
32770,29168,32589,33327,32551,33564,36968,31004,34484,32220,36677,33674,30468,28660,37620,20071,35090,28565,17530
32625,29319,32746,33093,32687,33564,36968,31004,34484,32220,36677,33674,30468,28660,37620,20071,35090,28565,17530
32720,32106,32954,33115,32502,33564,36968,31004,34484,32220,36677,33674,30468,28660,37620,20071,35090,28565,17530
32766,35895,32579,33040,32739,33564,36968,31004,34484,32220,36677,33674,30468,28660,37620,20071,35090,28565,17530
32780,36269,32573,33129,32722,33564,36968,31004,34484,32220,36677,33674,30468,28660,37620,20071,35090,28565,17530
32792,35319,33687,33204,32797,33564,36968,31004,34484,32220,36677,33674,30468,28660,37620,20071,35090,28565,17530
32564,34799,33189,32946,32601,34096,36928,30894,34520,31872,36492,33350,30585,28965,37464,18344,34937,32144,17848
32181,34293,32775,33042,32823,34096,36928,30894,34520,31872,36492,33350,30585,28965,37464,18344,34937,32144,17848
32278,32966,32349,33211,32822,34096,36928,30894,34520,31872,36492,33350,30585,28965,37464,18344,34937,32144,17848
32544,31815,32212,33033,32968,34096,36928,30894,34520,31872,36492,33350,30585,28965,37464,18344,34937,32144,17848
33101,31595,32379,33099,32797,34096,36928,30894,34520,31872,36492,33350,30585,28965,37464,18344,34937,32144,17848
33059,32721,32891,33406,32852,34096,36928,30894,34520,31872,36492,33350,30585,28965,37464,18344,34937,32144,17848
33036,32705,33037,33482,32732,34096,36928,30894,34520,31872,36492,33350,30585,28965,37464,18344,34937,32144,17848
32992,32946,33138,33271,32886,34096,36928,30894,34520,31872,36492,33350,30585,28965,37464,18344,34937,32144,17848
32994,34947,32698,33191,32891,34096,36928,30894,34520,31872,36492,33350,30585,28965,37464,18344,34937,32144,17848
32981,34335,32813,33315,32850,34096,36928,30894,34520,31872,36492,33350,30585,28965,37464,18344,34937,32144,17848
32900,32621,32815,33163,32875,34580,37016,30985,34640,31712,36474,33232,30572,28568,36060,16637,31360,30892,17720
32835,31814,32971,33125,32833,34580,37016,30985,34640,31712,36474,33232,30572,28568,36060,16637,31360,30892,17720
32688,33381,32653,33287,32903,34580,37016,30985,34640,31712,36474,33232,30572,28568,36060,16637,31360,30892,17720
32722,34806,32512,33219,33085,34580,37016,30985,34640,31712,36474,33232,30572,28568,36060,16637,31360,30892,17720
32610,34415,31939,33155,32968,34580,37016,30985,34640,31712,36474,33232,30572,28568,36060,16637,31360,30892,17720
32295,33859,32246,33486,33203,34580,37016,30985,34640,31712,36474,33232,30572,28568,36060,16637,31360,30892,17720
32232,34269,32301,33433,32930,34580,37016,30985,34640,31712,36474,33232,30572,28568,36060,16637,31360,30892,17720
32309,33582,32205,33142,33023,34580,37016,30985,34640,31712,36474,33232,30572,28568,36060,16637,31360,30892,17720
32593,33091,32626,33435,32719,34580,37016,30985,34640,31712,36474,33232,30572,28568,36060,16637,31360,30892,17720
32758,28214,32869,33661,33908,34580,37016,30985,34640,31712,36474,33232,30572,28568,36060,16637,31360,30892,17720
32528,26515,33577,33412,31511,34728,36832,31048,34498,31788,36508,33128,30675,27432,35176,16476,31968,36101,17383
32617,28938,34091,33295,31922,34728,36832,31048,34498,31788,36508,33128,30675,27432,35176,16476,31968,36101,17383
32814,30990,35515,33170,32215,34728,36832,31048,34498,31788,36508,33128,30675,27432,35176,16476,31968,36101,17383
32858,32365,33837,33201,33306,34728,36832,31048,34498,31788,36508,33128,30675,27432,35176,16476,31968,36101,17383
32541,33475,33309,32839,33211,34728,36832,31048,34498,31788,36508,33128,30675,27432,35176,16476,31968,36101,17383
32576,33517,33045,32875,33339,34728,36832,31048,34498,31788,36508,33128,30675,27432,35176,16476,31968,36101,17383
32484,34203,32189,33011,33086,34728,36832,31048,34498,31788,36508,33128,30675,27432,35176,16476,31968,36101,17383
32492,35167,31296,33087,32979,34728,36832,31048,34498,31788,36508,33128,30675,27432,35176,16476,31968,36101,17383
32681,35618,31239,32719,33093,34728,36832,31048,34498,31788,36508,33128,30675,27432,35176,16476,31968,36101,17383
33220,34233,31289,33183,32719,34728,36832,31048,34498,31788,36508,33128,30675,27432,35176,16476,31968,36101,17383
33590,32954,31393,33206,32510,34595,36704,31476,34620,31720,36632,32700,30698,26028,34829,16431,26768,33229,16973
33776,32955,31791,33025,32015,34595,36704,31476,34620,31720,36632,32700,30698,26028,34829,16431,26768,33229,16973
33567,33199,32669,33193,32189,34595,36704,31476,34620,31720,36632,32700,30698,26028,34829,16431,26768,33229,16973
33179,33931,33779,33368,32307,34595,36704,31476,34620,31720,36632,32700,30698,26028,34829,16431,26768,33229,16973
32876,34173,33816,33439,32419,34595,36704,31476,34620,31720,36632,32700,30698,26028,34829,16431,26768,33229,16973
32666,33451,32681,33083,32486,34595,36704,31476,34620,31720,36632,32700,30698,26028,34829,16431,26768,33229,16973
32558,32476,32094,33333,32457,34595,36704,31476,34620,31720,36632,32700,30698,26028,34829,16431,26768,33229,16973
32482,32582,33406,33527,32799,34595,36704,31476,34620,31720,36632,32700,30698,26028,34829,16431,26768,33229,16973
32476,33991,35085,33442,33010,34595,36704,31476,34620,31720,36632,32700,30698,26028,34829,16431,26768,33229,16973
32535,33251,32903,33610,33183,34595,36704,31476,34620,31720,36632,32700,30698,26028,34829,16431,26768,33229,16973
32415,30674,31347,33249,32757,34136,37220,31184,34498,32748,37504,32172,30704,24326,35144,18022,26359,39672,17702
32429,28547,31098,33414,33999,34136,37220,31184,34498,32748,37504,32172,30704,24326,35144,18022,26359,39672,17702
32392,28277,31309,33815,32116,34136,37220,31184,34498,32748,37504,32172,30704,24326,35144,18022,26359,39672,17702
32250,28249,32307,33755,32194,34136,37220,31184,34498,32748,37504,32172,30704,24326,35144,18022,26359,39672,17702
32508,28052,32210,33143,33415,34136,37220,31184,34498,32748,37504,32172,30704,24326,35144,18022,26359,39672,17702
32749,29873,32469,31809,33471,34136,37220,31184,34498,32748,37504,32172,30704,24326,35144,18022,26359,39672,17702
32949,32887,32795,30694,32795,34136,37220,31184,34498,32748,37504,32172,30704,24326,35144,18022,26359,39672,17702
33084,34301,33068,30478,31874,34136,37220,31184,34498,32748,37504,32172,30704,24326,35144,18022,26359,39672,17702
33198,35592,34987,30762,32743,34136,37220,31184,34498,32748,37504,32172,30704,24326,35144,18022,26359,39672,17702
33335,37003,34709,31175,32758,34136,37220,31184,34498,32748,37504,32172,30704,24326,35144,18022,26359,39672,17702
33396,35747,34139,31658,31863,33392,37808,31629,34576,34025,39090,31912,30720,22068,37171,19729,26380,35189,16088
33090,34109,32661,32231,32699,33392,37808,31629,34576,34025,39090,31912,30720,22068,37171,19729,26380,35189,16088
32812,32383,32639,32679,33065,33392,37808,31629,34576,34025,39090,31912,30720,22068,37171,19729,26380,35189,16088
32725,30975,32558,32738,32927,33392,37808,31629,34576,34025,39090,31912,30720,22068,37171,19729,26380,35189,16088
32738,31213,32727,32897,32137,33392,37808,31629,34576,34025,39090,31912,30720,22068,37171,19729,26380,35189,16088
32720,31122,32745,32967,32639,33392,37808,31629,34576,34025,39090,31912,30720,22068,37171,19729,26380,35189,16088
32681,31023,32469,32379,32351,33392,37808,31629,34576,34025,39090,31912,30720,22068,37171,19729,26380,35189,16088
32365,33458,32580,32167,32433,33392,37808,31629,34576,34025,39090,31912,30720,22068,37171,19729,26380,35189,16088
31979,33651,32445,31773,32632,33392,37808,31629,34576,34025,39090,31912,30720,22068,37171,19729,26380,35189,16088
32055,33577,32703,31771,32903,33392,37808,31629,34576,34025,39090,31912,30720,22068,37171,19729,26380,35189,16088
32408,33563,32589,31759,32871,33560,38188,32592,34716,35340,39720,30828,30756,20938,41472,22887,28828,32584,19065
32770,31855,32789,31559,33090,33560,38188,32592,34716,35340,39720,30828,30756,20938,41472,22887,28828,32584,19065
32795,31162,32595,31958,33175,33560,38188,32592,34716,35340,39720,30828,30756,20938,41472,22887,28828,32584,19065
32494,31431,32859,31907,33222,33560,38188,32592,34716,35340,39720,30828,30756,20938,41472,22887,28828,32584,19065
32390,30779,32691,32049,33464,33560,38188,32592,34716,35340,39720,30828,30756,20938,41472,22887,28828,32584,19065
32693,30007,32848,32239,33248,33560,38188,32592,34716,35340,39720,30828,30756,20938,41472,22887,28828,32584,19065
33112,30667,32686,32501,33366,33560,38188,32592,34716,35340,39720,30828,30756,20938,41472,22887,28828,32584,19065
33402,34075,32909,32713,33264,33560,38188,32592,34716,35340,39720,30828,30756,20938,41472,22887,28828,32584,19065
33744,35769,33031,32565,33257,33560,38188,32592,34716,35340,39720,30828,30756,20938,41472,22887,28828,32584,19065
33846,37230,32711,32623,33106,33560,38188,32592,34716,35340,39720,30828,30756,20938,41472,22887,28828,32584,19065
33964,38309,32596,32815,33563,34456,39344,31424,34684,33728,38888,30412,30832,22756,41516,24060,28321,30465,17760
33894,37383,32543,33188,33654,34456,39344,31424,34684,33728,38888,30412,30832,22756,41516,24060,28321,30465,17760
33652,36671,32583,33394,33836,34456,39344,31424,34684,33728,38888,30412,30832,22756,41516,24060,28321,30465,17760
33408,32036,32562,33350,33255,34456,39344,31424,34684,33728,38888,30412,30832,22756,41516,24060,28321,30465,17760
33021,29747,32621,33587,32770,34456,39344,31424,34684,33728,38888,30412,30832,22756,41516,24060,28321,30465,17760
32788,32142,32770,33927,32442,34456,39344,31424,34684,33728,38888,30412,30832,22756,41516,24060,28321,30465,17760
32468,32493,32770,33663,32057,34456,39344,31424,34684,33728,38888,30412,30832,22756,41516,24060,28321,30465,17760
32171,31907,32861,33449,31866,34456,39344,31424,34684,33728,38888,30412,30832,22756,41516,24060,28321,30465,17760
31960,33379,32763,33394,32361,34456,39344,31424,34684,33728,38888,30412,30832,22756,41516,24060,28321,30465,17760
31917,34130,32822,33183,32315,34456,39344,31424,34684,33728,38888,30412,30832,22756,41516,24060,28321,30465,17760
31721,32771,32925,33083,32443,34808,40104,29653,34496,33152,38464,30546,30768,25604,40773,18468,31144,33952,14327
31706,31575,32818,33267,32742,34808,40104,29653,34496,33152,38464,30546,30768,25604,40773,18468,31144,33952,14327
31666,32455,32979,33167,32870,34808,40104,29653,34496,33152,38464,30546,30768,25604,40773,18468,31144,33952,14327
31090,31777,32775,33046,32978,34808,40104,29653,34496,33152,38464,30546,30768,25604,40773,18468,31144,33952,14327
31332,31378,32861,33378,32610,34808,40104,29653,34496,33152,38464,30546,30768,25604,40773,18468,31144,33952,14327
32098,31007,32925,33394,32966,34808,40104,29653,34496,33152,38464,30546,30768,25604,40773,18468,31144,33952,14327
32432,30979,32871,33245,32902,34808,40104,29653,34496,33152,38464,30546,30768,25604,40773,18468,31144,33952,14327
32802,31999,33001,33131,32910,34808,40104,29653,34496,33152,38464,30546,30768,25604,40773,18468,31144,33952,14327
33008,32537,32831,33189,32719,34808,40104,29653,34496,33152,38464,30546,30768,25604,40773,18468,31144,33952,14327
33399,32239,33076,33094,31469,34808,40104,29653,34496,33152,38464,30546,30768,25604,40773,18468,31144,33952,14327
33918,32525,32889,32927,31619,34256,39560,29456,34722,33501,38660,30736,30912,25292,35772,14161,26756,33792,12180
34185,33519,32923,32971,32074,34256,39560,29456,34722,33501,38660,30736,30912,25292,35772,14161,26756,33792,12180
33938,33799,32637,32903,32855,34256,39560,29456,34722,33501,38660,30736,30912,25292,35772,14161,26756,33792,12180
33848,33686,32775,33058,32622,34256,39560,29456,34722,33501,38660,30736,30912,25292,35772,14161,26756,33792,12180
33622,33351,32593,33047,32407,34256,39560,29456,34722,33501,38660,30736,30912,25292,35772,14161,26756,33792,12180
33381,33039,32105,33023,32331,34256,39560,29456,34722,33501,38660,30736,30912,25292,35772,14161,26756,33792,12180
32981,32853,32051,33443,32784,34256,39560,29456,34722,33501,38660,30736,30912,25292,35772,14161,26756,33792,12180
32664,32793,32367,33453,33398,34256,39560,29456,34722,33501,38660,30736,30912,25292,35772,14161,26756,33792,12180
32614,32815,32399,33559,33175,34256,39560,29456,34722,33501,38660,30736,30912,25292,35772,14161,26756,33792,12180
32759,32990,33065,33980,32819,34256,39560,29456,34722,33501,38660,30736,30912,25292,35772,14161,26756,33792,12180
32642,32621,33271,33730,33271,33864,38664,29900,34678,33026,38132,31342,30832,23862,28475,14190,27813,34916,11297
32468,33710,32869,33791,33799,33864,38664,29900,34678,33026,38132,31342,30832,23862,28475,14190,27813,34916,11297
32390,33405,33044,34105,33539,33864,38664,29900,34678,33026,38132,31342,30832,23862,28475,14190,27813,34916,11297
32493,33307,32918,34031,33361,33864,38664,29900,34678,33026,38132,31342,30832,23862,28475,14190,27813,34916,11297
32320,33723,32967,33671,33065,33864,38664,29900,34678,33026,38132,31342,30832,23862,28475,14190,27813,34916,11297
32111,34086,32541,33735,32486,33864,38664,29900,34678,33026,38132,31342,30832,23862,28475,14190,27813,34916,11297
32031,33933,32863,33831,31952,33864,38664,29900,34678,33026,38132,31342,30832,23862,28475,14190,27813,34916,11297
32084,33915,32811,33682,32454,33864,38664,29900,34678,33026,38132,31342,30832,23862,28475,14190,27813,34916,11297
32111,32554,32903,33606,32647,33864,38664,29900,34678,33026,38132,31342,30832,23862,28475,14190,27813,34916,11297
32224,34309,32879,33714,32359,33864,38664,29900,34678,33026,38132,31342,30832,23862,28475,14190,27813,34916,11297
32420,33578,32970,33439,32225,33372,37836,30372,34650,32740,37636,32237,30809,23120,23051,11404,27884,36424,9850
32580,31751,32782,33283,32485,33372,37836,30372,34650,32740,37636,32237,30809,23120,23051,11404,27884,36424,9850
32708,30690,32791,33595,32662,33372,37836,30372,34650,32740,37636,32237,30809,23120,23051,11404,27884,36424,9850
32708,33465,32765,33678,32488,33372,37836,30372,34650,32740,37636,32237,30809,23120,23051,11404,27884,36424,9850
32647,32657,32663,33527,32898,33372,37836,30372,34650,32740,37636,32237,30809,23120,23051,11404,27884,36424,9850
32687,30454,32935,33424,33038,33372,37836,30372,34650,32740,37636,32237,30809,23120,23051,11404,27884,36424,9850
32845,29849,32690,33745,33117,33372,37836,30372,34650,32740,37636,32237,30809,23120,23051,11404,27884,36424,9850
33151,29902,33014,33762,32882,33372,37836,30372,34650,32740,37636,32237,30809,23120,23051,11404,27884,36424,9850
33239,31991,32773,33351,33222,33372,37836,30372,34650,32740,37636,32237,30809,23120,23051,11404,27884,36424,9850
33241,32391,32735,33522,33143,33372,37836,30372,34650,32740,37636,32237,30809,23120,23051,11404,27884,36424,9850
33216,32920,32550,33563,32538,33236,37088,31088,34416,33130,37490,33088,30765,22672,20065,11547,28669,38028,7965
33305,34292,32791,33378,32229,33236,37088,31088,34416,33130,37490,33088,30765,22672,20065,11547,28669,38028,7965
33415,34087,32672,33397,32329,33236,37088,31088,34416,33130,37490,33088,30765,22672,20065,11547,28669,38028,7965
33431,32898,32843,33395,33310,33236,37088,31088,34416,33130,37490,33088,30765,22672,20065,11547,28669,38028,7965
33060,32291,32613,33193,33313,33236,37088,31088,34416,33130,37490,33088,30765,22672,20065,11547,28669,38028,7965
33190,32247,32733,33143,33323,33236,37088,31088,34416,33130,37490,33088,30765,22672,20065,11547,28669,38028,7965
33345,32809,32736,33431,32416,33236,37088,31088,34416,33130,37490,33088,30765,22672,20065,11547,28669,38028,7965
33518,33170,32658,33497,30607,33236,37088,31088,34416,33130,37490,33088,30765,22672,20065,11547,28669,38028,7965
33549,34193,32899,33410,34227,33236,37088,31088,34416,33130,37490,33088,30765,22672,20065,11547,28669,38028,7965
33413,34023,32637,33287,32869,33236,37088,31088,34416,33130,37490,33088,30765,22672,20065,11547,28669,38028,7965
33199,34105,32775,33519,33222,33633,36582,32290,34313,33624,37432,33644,30712,23329,20572,10921,28452,41008,6684
33097,33407,32598,33474,33607,33633,36582,32290,34313,33624,37432,33644,30712,23329,20572,10921,28452,41008,6684
32924,31541,32713,33164,31846,33633,36582,32290,34313,33624,37432,33644,30712,23329,20572,10921,28452,41008,6684
32843,30995,32588,33094,33143,33633,36582,32290,34313,33624,37432,33644,30712,23329,20572,10921,28452,41008,6684
32552,31613,32765,33285,32519,33633,36582,32290,34313,33624,37432,33644,30712,23329,20572,10921,28452,41008,6684
32439,32036,32606,32959,31969,33633,36582,32290,34313,33624,37432,33644,30712,23329,20572,10921,28452,41008,6684
32328,32231,32865,33127,32332,33633,36582,32290,34313,33624,37432,33644,30712,23329,20572,10921,28452,41008,6684
32296,33341,32722,33079,32709,33633,36582,32290,34313,33624,37432,33644,30712,23329,20572,10921,28452,41008,6684
32162,33617,32795,32943,33356,33633,36582,32290,34313,33624,37432,33644,30712,23329,20572,10921,28452,41008,6684
32155,32965,32791,32937,33135,33633,36582,32290,34313,33624,37432,33644,30712,23329,20572,10921,28452,41008,6684
32257,32692,32697,33013,32503,34496,36472,33320,34173,33654,37298,33924,30761,24197,23592,10035,25010,39985,8255
32263,32559,32763,33187,33707,34496,36472,33320,34173,33654,37298,33924,30761,24197,23592,10035,25010,39985,8255
32220,32411,32620,32855,33186,34496,36472,33320,34173,33654,37298,33924,30761,24197,23592,10035,25010,39985,8255
32135,32767,32847,32822,33603,34496,36472,33320,34173,33654,37298,33924,30761,24197,23592,10035,25010,39985,8255
31768,33095,32663,32899,32826,34496,36472,33320,34173,33654,37298,33924,30761,24197,23592,10035,25010,39985,8255
31871,33158,32809,33095,32617,34496,36472,33320,34173,33654,37298,33924,30761,24197,23592,10035,25010,39985,8255
32404,33241,32615,32810,32659,34496,36472,33320,34173,33654,37298,33924,30761,24197,23592,10035,25010,39985,8255
32869,33105,32859,33103,32549,34496,36472,33320,34173,33654,37298,33924,30761,24197,23592,10035,25010,39985,8255
33038,32975,32668,33347,32328,34496,36472,33320,34173,33654,37298,33924,30761,24197,23592,10035,25010,39985,8255
33020,32619,32801,33130,32641,34496,36472,33320,34173,33654,37298,33924,30761,24197,23592,10035,25010,39985,8255
32942,32797,32692,33248,31423,35054,36724,33760,34148,32848,37110,33701,30792,24524,28101,13984,26664,40524,11573
33116,32867,32867,33252,32800,35054,36724,33760,34148,32848,37110,33701,30792,24524,28101,13984,26664,40524,11573
33170,32494,32749,32989,33509,35054,36724,33760,34148,32848,37110,33701,30792,24524,28101,13984,26664,40524,11573
33118,31933,32869,33078,32131,35054,36724,33760,34148,32848,37110,33701,30792,24524,28101,13984,26664,40524,11573
33154,31917,32927,33436,33203,35054,36724,33760,34148,32848,37110,33701,30792,24524,28101,13984,26664,40524,11573
33020,32039,32739,33268,32525,35054,36724,33760,34148,32848,37110,33701,30792,24524,28101,13984,26664,40524,11573
32581,32442,32885,32951,32939,35054,36724,33760,34148,32848,37110,33701,30792,24524,28101,13984,26664,40524,11573
32031,33263,32652,32992,33379,35054,36724,33760,34148,32848,37110,33701,30792,24524,28101,13984,26664,40524,11573
31138,33587,32799,33082,32953,35054,36724,33760,34148,32848,37110,33701,30792,24524,28101,13984,26664,40524,11573
30599,33453,32539,33122,32018,35054,36724,33760,34148,32848,37110,33701,30792,24524,28101,13984,26664,40524,11573
31487,33399,32562,33089,32300,34532,37320,33380,34249,32000,37364,34688,30704,23876,31024,20192,26728,38336,16813
32704,33183,32775,32922,32356,34532,37320,33380,34249,32000,37364,34688,30704,23876,31024,20192,26728,38336,16813
33540,32558,32610,33143,32348,34532,37320,33380,34249,32000,37364,34688,30704,23876,31024,20192,26728,38336,16813
34102,32310,32797,33359,32263,34532,37320,33380,34249,32000,37364,34688,30704,23876,31024,20192,26728,38336,16813
34003,31953,32637,33095,32503,34532,37320,33380,34249,32000,37364,34688,30704,23876,31024,20192,26728,38336,16813
33145,31197,32998,33162,32437,34532,37320,33380,34249,32000,37364,34688,30704,23876,31024,20192,26728,38336,16813
32864,31140,32823,33255,32911,34532,37320,33380,34249,32000,37364,34688,30704,23876,31024,20192,26728,38336,16813
33079,32443,32841,33391,33119,34532,37320,33380,34249,32000,37364,34688,30704,23876,31024,20192,26728,38336,16813
33255,33119,32807,33143,32914,34532,37320,33380,34249,32000,37364,34688,30704,23876,31024,20192,26728,38336,16813
33575,33303,32603,32878,33008,34532,37320,33380,34249,32000,37364,34688,30704,23876,31024,20192,26728,38336,16813
33799,33131,32775,33111,33198,33584,37052,34092,34180,32588,37240,34848,30724,21402,33337,30500,26082,36324,17171
33679,32931,32569,33123,32726,33584,37052,34092,34180,32588,37240,34848,30724,21402,33337,30500,26082,36324,17171
33449,32979,32659,33193,32419,33584,37052,34092,34180,32588,37240,34848,30724,21402,33337,30500,26082,36324,17171
33206,33061,32765,33079,32773,33584,37052,34092,34180,32588,37240,34848,30724,21402,33337,30500,26082,36324,17171
33092,32964,32639,33127,33263,33584,37052,34092,34180,32588,37240,34848,30724,21402,33337,30500,26082,36324,17171
32869,32853,32829,33242,33703,33584,37052,34092,34180,32588,37240,34848,30724,21402,33337,30500,26082,36324,17171
32684,32865,32514,33187,33225,33584,37052,34092,34180,32588,37240,34848,30724,21402,33337,30500,26082,36324,17171
32778,33011,32667,33001,32413,33584,37052,34092,34180,32588,37240,34848,30724,21402,33337,30500,26082,36324,17171
32588,32825,32461,33261,32588,33584,37052,34092,34180,32588,37240,34848,30724,21402,33337,30500,26082,36324,17171
32187,32933,32626,33357,32641,33584,37052,34092,34180,32588,37240,34848,30724,21402,33337,30500,26082,36324,17171
32162,32790,32627,33155,33098,32956,36690,34470,34144,32448,37064,34830,30680,21188,35053,33444,25337,38656,21117
32331,32601,32667,33012,32938,32956,36690,34470,34144,32448,37064,34830,30680,21188,35053,33444,25337,38656,21117
32197,33083,32689,33099,32743,32956,36690,34470,34144,32448,37064,34830,30680,21188,35053,33444,25337,38656,21117
32216,33313,32706,33226,32931,32956,36690,34470,34144,32448,37064,34830,30680,21188,35053,33444,25337,38656,21117
32161,33223,32765,33060,33241,32956,36690,34470,34144,32448,37064,34830,30680,21188,35053,33444,25337,38656,21117
32474,33234,32911,33183,33073,32956,36690,34470,34144,32448,37064,34830,30680,21188,35053,33444,25337,38656,21117
32840,33045,32735,33225,32735,32956,36690,34470,34144,32448,37064,34830,30680,21188,35053,33444,25337,38656,21117
33190,32999,32961,33071,32744,32956,36690,34470,34144,32448,37064,34830,30680,21188,35053,33444,25337,38656,21117
33163,32335,32823,33132,32469,32956,36690,34470,34144,32448,37064,34830,30680,21188,35053,33444,25337,38656,21117
33348,32018,32833,33309,32799,32956,36690,34470,34144,32448,37064,34830,30680,21188,35053,33444,25337,38656,21117
33346,31475,32819,33410,32561,32528,36740,34280,34144,32114,36890,34720,30728,21901,36377,29490,25594,34196,23306
33222,31147,32800,33275,32647,32528,36740,34280,34144,32114,36890,34720,30728,21901,36377,29490,25594,34196,23306
33132,32612,32631,33325,32852,32528,36740,34280,34144,32114,36890,34720,30728,21901,36377,29490,25594,34196,23306
33005,33493,32692,33415,32261,32528,36740,34280,34144,32114,36890,34720,30728,21901,36377,29490,25594,34196,23306
32893,33183,32527,33059,32741,32528,36740,34280,34144,32114,36890,34720,30728,21901,36377,29490,25594,34196,23306
32621,33427,32755,33099,32347,32528,36740,34280,34144,32114,36890,34720,30728,21901,36377,29490,25594,34196,23306
32491,32765,32540,33053,31807,32528,36740,34280,34144,32114,36890,34720,30728,21901,36377,29490,25594,34196,23306
32354,32103,32786,32735,32699,32528,36740,34280,34144,32114,36890,34720,30728,21901,36377,29490,25594,34196,23306
32288,32241,32647,32787,32625,32528,36740,34280,34144,32114,36890,34720,30728,21901,36377,29490,25594,34196,23306
32305,32658,32927,32807,33271,32528,36740,34280,34144,32114,36890,34720,30728,21901,36377,29490,25594,34196,23306
32315,32283,32613,33031,33402,32792,37084,34072,34058,32074,37138,34432,30704,22501,36473,26320,25961,36074,24037
32291,31857,32824,32802,33206,32792,37084,34072,34058,32074,37138,34432,30704,22501,36473,26320,25961,36074,24037
32326,32031,32650,32897,32823,32792,37084,34072,34058,32074,37138,34432,30704,22501,36473,26320,25961,36074,24037
32412,32363,32999,32991,32878,32792,37084,34072,34058,32074,37138,34432,30704,22501,36473,26320,25961,36074,24037
32353,33111,32711,32895,32989,32792,37084,34072,34058,32074,37138,34432,30704,22501,36473,26320,25961,36074,24037
32130,33599,32883,32923,32440,32792,37084,34072,34058,32074,37138,34432,30704,22501,36473,26320,25961,36074,24037
32118,33767,32634,33158,32451,32792,37084,34072,34058,32074,37138,34432,30704,22501,36473,26320,25961,36074,24037
32576,33311,32818,33365,32775,32792,37084,34072,34058,32074,37138,34432,30704,22501,36473,26320,25961,36074,24037
32742,33051,32640,33399,33023,32792,37084,34072,34058,32074,37138,34432,30704,22501,36473,26320,25961,36074,24037
32645,32209,32680,33494,33043,32792,37084,34072,34058,32074,37138,34432,30704,22501,36473,26320,25961,36074,24037
32626,31563,32506,33271,32663,32832,37508,33825,34004,32306,37416,34112,30680,23556,35964,23744,22500,35590,24167
32834,31909,32647,33055,32828,32832,37508,33825,34004,32306,37416,34112,30680,23556,35964,23744,22500,35590,24167
33023,32503,32611,33131,33120,32832,37508,33825,34004,32306,37416,34112,30680,23556,35964,23744,22500,35590,24167
33427,32677,32775,33636,32879,32832,37508,33825,34004,32306,37416,34112,30680,23556,35964,23744,22500,35590,24167
33661,33052,32655,33702,32447,32832,37508,33825,34004,32306,37416,34112,30680,23556,35964,23744,22500,35590,24167
33391,33019,32803,33135,32610,32832,37508,33825,34004,32306,37416,34112,30680,23556,35964,23744,22500,35590,24167
33120,32871,32658,32985,32045,32832,37508,33825,34004,32306,37416,34112,30680,23556,35964,23744,22500,35590,24167
32974,33156,32915,33313,32143,32832,37508,33825,34004,32306,37416,34112,30680,23556,35964,23744,22500,35590,24167
32827,33051,32722,33179,32311,32832,37508,33825,34004,32306,37416,34112,30680,23556,35964,23744,22500,35590,24167
32546,32954,32875,32027,32598,32832,37508,33825,34004,32306,37416,34112,30680,23556,35964,23744,22500,35590,24167
32597,32771,32678,32501,33129,32786,37620,33472,34002,32618,37578,33877,30744,23933,36996,25278,24037,32756,24824
32750,32403,32938,33329,33343,32786,37620,33472,34002,32618,37578,33877,30744,23933,36996,25278,24037,32756,24824
32742,32343,32687,33727,33019,32786,37620,33472,34002,32618,37578,33877,30744,23933,36996,25278,24037,32756,24824
32864,32663,32903,33263,32855,32786,37620,33472,34002,32618,37578,33877,30744,23933,36996,25278,24037,32756,24824
32843,32827,32669,33138,32629,32786,37620,33472,34002,32618,37578,33877,30744,23933,36996,25278,24037,32756,24824
32996,32822,32822,33025,33243,32786,37620,33472,34002,32618,37578,33877,30744,23933,36996,25278,24037,32756,24824
33080,33055,32787,32997,32897,32786,37620,33472,34002,32618,37578,33877,30744,23933,36996,25278,24037,32756,24824
32826,33198,32915,33075,33359,32786,37620,33472,34002,32618,37578,33877,30744,23933,36996,25278,24037,32756,24824
32402,33142,32686,33182,33323,32786,37620,33472,34002,32618,37578,33877,30744,23933,36996,25278,24037,32756,24824
32539,33223,32773,33263,33251,32786,37620,33472,34002,32618,37578,33877,30744,23933,36996,25278,24037,32756,24824
33013,33039,32635,32955,32729,32672,37708,33417,33920,32688,37624,33640,30696,24546,34721,23368,25576,33060,24732
33278,32506,32775,33262,32519,32672,37708,33417,33920,32688,37624,33640,30696,24546,34721,23368,25576,33060,24732
33188,32328,32873,33484,32647,32672,37708,33417,33920,32688,37624,33640,30696,24546,34721,23368,25576,33060,24732
33084,32415,32831,33379,32489,32672,37708,33417,33920,32688,37624,33640,30696,24546,34721,23368,25576,33060,24732
32981,32210,32774,33202,32053,32672,37708,33417,33920,32688,37624,33640,30696,24546,34721,23368,25576,33060,24732
32613,32370,32911,33599,32477,32672,37708,33417,33920,32688,37624,33640,30696,24546,34721,23368,25576,33060,24732
32293,32511,32619,33551,32535,32672,37708,33417,33920,32688,37624,33640,30696,24546,34721,23368,25576,33060,24732
32464,32349,32807,33415,33079,32672,37708,33417,33920,32688,37624,33640,30696,24546,34721,23368,25576,33060,24732
32643,32691,32663,32967,33376,32672,37708,33417,33920,32688,37624,33640,30696,24546,34721,23368,25576,33060,24732
32566,32982,32775,32933,33227,32672,37708,33417,33920,32688,37624,33640,30696,24546,34721,23368,25576,33060,24732
32300,33159,32610,32959,33058,32513,37569,33392,33877,32444,37488,33644,30784,25332,33057,23376,24163,32333,26901
32418,33407,32853,32598,33047,32513,37569,33392,33877,32444,37488,33644,30784,25332,33057,23376,24163,32333,26901
32790,32959,32690,32601,33027,32513,37569,33392,33877,32444,37488,33644,30784,25332,33057,23376,24163,32333,26901
33150,32219,32807,32943,33006,32513,37569,33392,33877,32444,37488,33644,30784,25332,33057,23376,24163,32333,26901
33235,32775,32711,33134,32710,32513,37569,33392,33877,32444,37488,33644,30784,25332,33057,23376,24163,32333,26901
33212,33147,32719,33348,32679,32513,37569,33392,33877,32444,37488,33644,30784,25332,33057,23376,24163,32333,26901
33042,33095,32823,33399,32150,32513,37569,33392,33877,32444,37488,33644,30784,25332,33057,23376,24163,32333,26901
32824,33031,32735,33166,32119,32513,37569,33392,33877,32444,37488,33644,30784,25332,33057,23376,24163,32333,26901
32609,32943,32948,33371,32194,32513,37569,33392,33877,32444,37488,33644,30784,25332,33057,23376,24163,32333,26901
32356,32791,32747,33287,32114,32513,37569,33392,33877,32444,37488,33644,30784,25332,33057,23376,24163,32333,26901
32185,32855,32909,33068,32387,32264,37464,33309,33948,32132,37409,33632,30792,25808,32185,23016,27473,33096,25476
32281,33066,32839,33140,32498,32264,37464,33309,33948,32132,37409,33632,30792,25808,32185,23016,27473,33096,25476
32508,33287,32804,33202,33242,32264,37464,33309,33948,32132,37409,33632,30792,25808,32185,23016,27473,33096,25476
31896,33039,32788,33183,33575,32264,37464,33309,33948,32132,37409,33632,30792,25808,32185,23016,27473,33096,25476
31954,32591,32631,33311,33351,32264,37464,33309,33948,32132,37409,33632,30792,25808,32185,23016,27473,33096,25476
32426,32413,32924,33365,33047,32264,37464,33309,33948,32132,37409,33632,30792,25808,32185,23016,27473,33096,25476
32775,32525,32647,32980,33174,32264,37464,33309,33948,32132,37409,33632,30792,25808,32185,23016,27473,33096,25476
33357,32971,32820,33277,33203,32264,37464,33309,33948,32132,37409,33632,30792,25808,32185,23016,27473,33096,25476
33559,32959,32767,33151,33356,32264,37464,33309,33948,32132,37409,33632,30792,25808,32185,23016,27473,33096,25476
33678,33067,32944,33075,33181,32264,37464,33309,33948,32132,37409,33632,30792,25808,32185,23016,27473,33096,25476
33727,33081,32989,33159,32925,32128,37293,33408,33830,31928,37217,33633,30752,26480,31106,22565,28868,33693,25797
33295,32973,32772,33255,32658,32128,37293,33408,33830,31928,37217,33633,30752,26480,31106,22565,28868,33693,25797
32909,33107,33007,33077,32639,32128,37293,33408,33830,31928,37217,33633,30752,26480,31106,22565,28868,33693,25797
32700,33276,32739,33103,32306,32128,37293,33408,33830,31928,37217,33633,30752,26480,31106,22565,28868,33693,25797
32668,33388,32922,33447,32052,32128,37293,33408,33830,31928,37217,33633,30752,26480,31106,22565,28868,33693,25797
32544,32611,32678,33225,32283,32128,37293,33408,33830,31928,37217,33633,30752,26480,31106,22565,28868,33693,25797
32580,32946,32919,33222,32171,32128,37293,33408,33830,31928,37217,33633,30752,26480,31106,22565,28868,33693,25797
32759,33023,32686,33074,32302,32128,37293,33408,33830,31928,37217,33633,30752,26480,31106,22565,28868,33693,25797
32771,32803,32794,33458,32609,32128,37293,33408,33830,31928,37217,33633,30752,26480,31106,22565,28868,33693,25797
32704,32551,32644,33747,33526,32128,37293,33408,33830,31928,37217,33633,30752,26480,31106,22565,28868,33693,25797
32625,32339,32882,33679,33135,32139,37321,33480,33860,31709,37168,33701,30792,26876,30436,21296,26636,31725,23932
32672,32211,32647,34063,33110,32139,37321,33480,33860,31709,37168,33701,30792,26876,30436,21296,26636,31725,23932
32626,32607,32855,33670,32935,32139,37321,33480,33860,31709,37168,33701,30792,26876,30436,21296,26636,31725,23932
32679,32797,32643,32059,33247,32139,37321,33480,33860,31709,37168,33701,30792,26876,30436,21296,26636,31725,23932
32816,33137,32871,31565,32970,32139,37321,33480,33860,31709,37168,33701,30792,26876,30436,21296,26636,31725,23932
32774,33311,32815,32791,32343,32139,37321,33480,33860,31709,37168,33701,30792,26876,30436,21296,26636,31725,23932
32720,33539,32905,32300,32461,32139,37321,33480,33860,31709,37168,33701,30792,26876,30436,21296,26636,31725,23932
32661,33621,32959,30901,32563,32139,37321,33480,33860,31709,37168,33701,30792,26876,30436,21296,26636,31725,23932
32746,33623,32799,32579,32615,32139,37321,33480,33860,31709,37168,33701,30792,26876,30436,21296,26636,31725,23932
32645,33662,32885,34205,32399,32139,37321,33480,33860,31709,37168,33701,30792,26876,30436,21296,26636,31725,23932
32608,32858,32675,34393,32585,32224,37492,33593,33714,31588,37320,33901,30792,27645,30016,18350,30103,35733,23714
32329,31820,32848,34436,32559,32224,37492,33593,33714,31588,37320,33901,30792,27645,30016,18350,30103,35733,23714
32196,31723,32685,33599,33133,32224,37492,33593,33714,31588,37320,33901,30792,27645,30016,18350,30103,35733,23714
32304,31775,32670,33082,32973,32224,37492,33593,33714,31588,37320,33901,30792,27645,30016,18350,30103,35733,23714
32596,32331,32727,32831,33122,32224,37492,33593,33714,31588,37320,33901,30792,27645,30016,18350,30103,35733,23714
33126,32715,32535,32835,32967,32224,37492,33593,33714,31588,37320,33901,30792,27645,30016,18350,30103,35733,23714
33394,32135,32738,32951,32793,32224,37492,33593,33714,31588,37320,33901,30792,27645,30016,18350,30103,35733,23714
33408,32462,32594,33019,32553,32224,37492,33593,33714,31588,37320,33901,30792,27645,30016,18350,30103,35733,23714
33198,32878,32793,33070,32867,32224,37492,33593,33714,31588,37320,33901,30792,27645,30016,18350,30103,35733,23714
33076,32127,32614,33205,32837,32224,37492,33593,33714,31588,37320,33901,30792,27645,30016,18350,30103,35733,23714
32864,31845,32775,33051,32931,32108,37592,33704,33748,31596,37400,34049,30700,27658,29857,21256,26995,32428,22385
32800,32368,32671,33107,32823,32108,37592,33704,33748,31596,37400,34049,30700,27658,29857,21256,26995,32428,22385
32669,32023,32749,33309,32847,32108,37592,33704,33748,31596,37400,34049,30700,27658,29857,21256,26995,32428,22385
32744,31930,32833,33202,32871,32108,37592,33704,33748,31596,37400,34049,30700,27658,29857,21256,26995,32428,22385
33040,32525,32699,33131,32590,32108,37592,33704,33748,31596,37400,34049,30700,27658,29857,21256,26995,32428,22385
33160,33179,32878,33066,32953,32108,37592,33704,33748,31596,37400,34049,30700,27658,29857,21256,26995,32428,22385
33010,33449,32826,32883,32977,32108,37592,33704,33748,31596,37400,34049,30700,27658,29857,21256,26995,32428,22385
32815,33302,32850,32957,32995,32108,37592,33704,33748,31596,37400,34049,30700,27658,29857,21256,26995,32428,22385
32652,33079,32775,33095,33059,32108,37592,33704,33748,31596,37400,34049,30700,27658,29857,21256,26995,32428,22385
32585,33179,32733,33511,32891,32108,37592,33704,33748,31596,37400,34049,30700,27658,29857,21256,26995,32428,22385
32543,33147,32877,33399,32483,31937,37561,33874,33680,31476,37435,34176,30692,27640,29581,20793,27882,31160,22946
32312,32705,32707,33021,32510,31937,37561,33874,33680,31476,37435,34176,30692,27640,29581,20793,27882,31160,22946
32371,32967,32838,33511,32610,31937,37561,33874,33680,31476,37435,34176,30692,27640,29581,20793,27882,31160,22946
32444,33255,32965,33505,32490,31937,37561,33874,33680,31476,37435,34176,30692,27640,29581,20793,27882,31160,22946
32525,33287,32775,33222,32399,31937,37561,33874,33680,31476,37435,34176,30692,27640,29581,20793,27882,31160,22946
32158,33669,32861,33127,32748,31937,37561,33874,33680,31476,37435,34176,30692,27640,29581,20793,27882,31160,22946
32031,33842,32647,33078,32690,31937,37561,33874,33680,31476,37435,34176,30692,27640,29581,20793,27882,31160,22946
32402,33783,32857,33307,32887,31937,37561,33874,33680,31476,37435,34176,30692,27640,29581,20793,27882,31160,22946
32698,33498,32675,33355,32935,31937,37561,33874,33680,31476,37435,34176,30692,27640,29581,20793,27882,31160,22946
32720,32479,32851,33260,33019,31937,37561,33874,33680,31476,37435,34176,30692,27640,29581,20793,27882,31160,22946
32815,30453,32679,33212,32973,31816,37600,34028,33762,31284,37450,34293,30728,27519,29716,20176,28648,34774,23257
32906,29979,32848,33450,33247,31816,37600,34028,33762,31284,37450,34293,30728,27519,29716,20176,28648,34774,23257
32960,30838,32669,33359,33074,31816,37600,34028,33762,31284,37450,34293,30728,27519,29716,20176,28648,34774,23257
33090,31818,32797,33003,32851,31816,37600,34028,33762,31284,37450,34293,30728,27519,29716,20176,28648,34774,23257
33287,33371,32683,33148,32986,31816,37600,34028,33762,31284,37450,34293,30728,27519,29716,20176,28648,34774,23257
33429,34204,32846,33191,32762,31816,37600,34028,33762,31284,37450,34293,30728,27519,29716,20176,28648,34774,23257
33362,33862,32799,33158,32911,31816,37600,34028,33762,31284,37450,34293,30728,27519,29716,20176,28648,34774,23257
33303,33317,32803,32981,32700,31816,37600,34028,33762,31284,37450,34293,30728,27519,29716,20176,28648,34774,23257
33163,32811,32845,32977,32541,31816,37600,34028,33762,31284,37450,34293,30728,27519,29716,20176,28648,34774,23257
33001,33518,32750,33084,32597,31816,37600,34028,33762,31284,37450,34293,30728,27519,29716,20176,28648,34774,23257
32913,33423,32735,33189,32459,31834,37524,34016,33612,31229,37410,34426,30728,27564,29864,19048,29802,34408,22329
32943,32202,32623,32883,32807,31834,37524,34016,33612,31229,37410,34426,30728,27564,29864,19048,29802,34408,22329
32844,31874,32712,32961,32775,31834,37524,34016,33612,31229,37410,34426,30728,27564,29864,19048,29802,34408,22329
32735,32595,32680,33183,33062,31834,37524,34016,33612,31229,37410,34426,30728,27564,29864,19048,29802,34408,22329
32652,31911,32716,33159,32912,31834,37524,34016,33612,31229,37410,34426,30728,27564,29864,19048,29802,34408,22329
32590,31886,32655,33141,32785,31834,37524,34016,33612,31229,37410,34426,30728,27564,29864,19048,29802,34408,22329
32628,32359,32850,33323,31887,31834,37524,34016,33612,31229,37410,34426,30728,27564,29864,19048,29802,34408,22329
32649,32337,32825,33277,32452,31834,37524,34016,33612,31229,37410,34426,30728,27564,29864,19048,29802,34408,22329
32554,32500,32918,33245,32851,31834,37524,34016,33612,31229,37410,34426,30728,27564,29864,19048,29802,34408,22329
32576,32933,32708,32935,32962,31834,37524,34016,33612,31229,37410,34426,30728,27564,29864,19048,29802,34408,22329
32617,33299,32841,33090,33071,31984,37467,33956,33668,31364,37348,34544,30694,27564,29737,19356,28476,29684,21209
32582,32693,32699,33058,32583,31984,37467,33956,33668,31364,37348,34544,30694,27564,29737,19356,28476,29684,21209
32634,32787,32826,32829,32533,31984,37467,33956,33668,31364,37348,34544,30694,27564,29737,19356,28476,29684,21209
32617,32711,32749,32402,32666,31984,37467,33956,33668,31364,37348,34544,30694,27564,29737,19356,28476,29684,21209
32696,33131,32907,32775,32901,31984,37467,33956,33668,31364,37348,34544,30694,27564,29737,19356,28476,29684,21209
32766,33415,32823,33179,32199,31984,37467,33956,33668,31364,37348,34544,30694,27564,29737,19356,28476,29684,21209
32820,33435,32788,33301,32339,31984,37467,33956,33668,31364,37348,34544,30694,27564,29737,19356,28476,29684,21209
32750,33507,32661,33180,32406,31984,37467,33956,33668,31364,37348,34544,30694,27564,29737,19356,28476,29684,21209
32643,33066,32854,33374,33190,31984,37467,33956,33668,31364,37348,34544,30694,27564,29737,19356,28476,29684,21209
32769,32229,32707,33431,33253,31984,37467,33956,33668,31364,37348,34544,30694,27564,29737,19356,28476,29684,21209
32767,32527,32869,33301,33005,32192,37397,34008,33592,31649,37372,34620,30724,28036,30058,19733,29356,29680,21261
32809,31977,32597,32979,32942,32192,37397,34008,33592,31649,37372,34620,30724,28036,30058,19733,29356,29680,21261
32704,30902,32775,33234,32509,32192,37397,34008,33592,31649,37372,34620,30724,28036,30058,19733,29356,29680,21261
32541,31380,32636,33276,32887,32192,37397,34008,33592,31649,37372,34620,30724,28036,30058,19733,29356,29680,21261
32562,32623,32772,32950,33477,32192,37397,34008,33592,31649,37372,34620,30724,28036,30058,19733,29356,29680,21261
32619,33643,32695,33090,33174,32192,37397,34008,33592,31649,37372,34620,30724,28036,30058,19733,29356,29680,21261
32380,33311,32839,33174,32422,32192,37397,34008,33592,31649,37372,34620,30724,28036,30058,19733,29356,29680,21261
32363,33349,32717,33089,32355,32192,37397,34008,33592,31649,37372,34620,30724,28036,30058,19733,29356,29680,21261
32519,33501,32845,32965,32400,32192,37397,34008,33592,31649,37372,34620,30724,28036,30058,19733,29356,29680,21261
32646,33002,32732,32983,32935,32192,37397,34008,33592,31649,37372,34620,30724,28036,30058,19733,29356,29680,21261
32775,32131,32908,33215,32677,32476,37458,33936,33504,32008,37430,34628,30731,28350,30800,20117,32976,32442,20418
32919,32173,32907,33217,33074,32476,37458,33936,33504,32008,37430,34628,30731,28350,30800,20117,32976,32442,20418
33052,32371,32729,33583,32863,32476,37458,33936,33504,32008,37430,34628,30731,28350,30800,20117,32976,32442,20418
33022,32737,32885,33573,32935,32476,37458,33936,33504,32008,37430,34628,30731,28350,30800,20117,32976,32442,20418
32761,33087,32730,33341,33132,32476,37458,33936,33504,32008,37430,34628,30731,28350,30800,20117,32976,32442,20418
32764,33075,32697,32936,33007,32476,37458,33936,33504,32008,37430,34628,30731,28350,30800,20117,32976,32442,20418
32966,32948,32729,32898,33106,32476,37458,33936,33504,32008,37430,34628,30731,28350,30800,20117,32976,32442,20418
33166,32871,32569,32747,32743,32476,37458,33936,33504,32008,37430,34628,30731,28350,30800,20117,32976,32442,20418
33205,32962,32719,32029,32447,32476,37458,33936,33504,32008,37430,34628,30731,28350,30800,20117,32976,32442,20418
33178,33135,32647,32037,32543,32476,37458,33936,33504,32008,37430,34628,30731,28350,30800,20117,32976,32442,20418
33086,32827,32850,32453,32575,32624,37480,33880,33646,32356,37436,34516,30712,28693,31342,20532,29435,28352,21417
32972,32835,32711,32891,32893,32624,37480,33880,33646,32356,37436,34516,30712,28693,31342,20532,29435,28352,21417
32875,33186,32775,33049,32619,32624,37480,33880,33646,32356,37436,34516,30712,28693,31342,20532,29435,28352,21417
32797,33367,32731,33177,32597,32624,37480,33880,33646,32356,37436,34516,30712,28693,31342,20532,29435,28352,21417
32677,32863,32575,33269,32799,32624,37480,33880,33646,32356,37436,34516,30712,28693,31342,20532,29435,28352,21417
32633,31977,32751,33145,32514,32624,37480,33880,33646,32356,37436,34516,30712,28693,31342,20532,29435,28352,21417
32800,32707,32678,33163,33559,32624,37480,33880,33646,32356,37436,34516,30712,28693,31342,20532,29435,28352,21417
32641,33287,32886,33299,33163,32624,37480,33880,33646,32356,37436,34516,30712,28693,31342,20532,29435,28352,21417
32601,33343,32723,33205,32967,32624,37480,33880,33646,32356,37436,34516,30712,28693,31342,20532,29435,28352,21417
32764,33525,32793,33179,32771,32624,37480,33880,33646,32356,37436,34516,30712,28693,31342,20532,29435,28352,21417
32949,33626,32849,33295,33009,32780,37420,33689,33586,32380,37408,34344,30720,28833,31420,20156,29935,28600,22212
32818,32715,32671,33141,33154,32780,37420,33689,33586,32380,37408,34344,30720,28833,31420,20156,29935,28600,22212
32720,32535,32855,33207,32619,32780,37420,33689,33586,32380,37408,34344,30720,28833,31420,20156,29935,28600,22212
32578,33221,32727,33309,32507,32780,37420,33689,33586,32380,37408,34344,30720,28833,31420,20156,29935,28600,22212
32552,32603,32825,33483,32112,32780,37420,33689,33586,32380,37408,34344,30720,28833,31420,20156,29935,28600,22212
32570,31310,32861,33547,32572,32780,37420,33689,33586,32380,37408,34344,30720,28833,31420,20156,29935,28600,22212
32368,31239,32606,33423,33068,32780,37420,33689,33586,32380,37408,34344,30720,28833,31420,20156,29935,28600,22212
32390,31765,32839,33207,32677,32780,37420,33689,33586,32380,37408,34344,30720,28833,31420,20156,29935,28600,22212
32284,32187,32665,33125,32775,32780,37420,33689,33586,32380,37408,34344,30720,28833,31420,20156,29935,28600,22212
32516,31239,32882,33287,32485,32780,37420,33689,33586,32380,37408,34344,30720,28833,31420,20156,29935,28600,22212
32890,31677,32837,33355,32903,32972,37424,33600,33442,32344,37400,34236,30790,28780,31585,20628,33152,31005,24252
33049,32485,32727,33181,33131,32972,37424,33600,33442,32344,37400,34236,30790,28780,31585,20628,33152,31005,24252
33096,33263,32891,33147,33618,32972,37424,33600,33442,32344,37400,34236,30790,28780,31585,20628,33152,31005,24252
33216,33399,32656,33217,33175,32972,37424,33600,33442,32344,37400,34236,30790,28780,31585,20628,33152,31005,24252
33248,32663,32863,33436,32749,32972,37424,33600,33442,32344,37400,34236,30790,28780,31585,20628,33152,31005,24252
33063,32401,32695,33192,32737,32972,37424,33600,33442,32344,37400,34236,30790,28780,31585,20628,33152,31005,24252
32873,32969,32836,32911,32843,32972,37424,33600,33442,32344,37400,34236,30790,28780,31585,20628,33152,31005,24252
32746,32991,32672,33271,32944,32972,37424,33600,33442,32344,37400,34236,30790,28780,31585,20628,33152,31005,24252
32661,33325,32833,33351,32352,32972,37424,33600,33442,32344,37400,34236,30790,28780,31585,20628,33152,31005,24252
32663,33702,32677,33366,32207,32972,37424,33600,33442,32344,37400,34236,30790,28780,31585,20628,33152,31005,24252
32706,33684,32871,32975,32324,33132,37349,33428,33472,32260,37392,34154,30880,28984,31809,20931,30384,29096,23825
32709,34079,32774,32899,32859,33132,37349,33428,33472,32260,37392,34154,30880,28984,31809,20931,30384,29096,23825
32767,33859,32833,33183,32547,33132,37349,33428,33472,32260,37392,34154,30880,28984,31809,20931,30384,29096,23825
32720,32357,32697,33249,32529,33132,37349,33428,33472,32260,37392,34154,30880,28984,31809,20931,30384,29096,23825
32654,31762,32756,33197,32053,33132,37349,33428,33472,32260,37392,34154,30880,28984,31809,20931,30384,29096,23825
32611,32182,32693,32902,33747,33132,37349,33428,33472,32260,37392,34154,30880,28984,31809,20931,30384,29096,23825
32658,32155,32691,32901,32806,33132,37349,33428,33472,32260,37392,34154,30880,28984,31809,20931,30384,29096,23825
32767,33655,32744,33010,32878,33132,37349,33428,33472,32260,37392,34154,30880,28984,31809,20931,30384,29096,23825
32760,34015,32694,32989,32539,33132,37349,33428,33472,32260,37392,34154,30880,28984,31809,20931,30384,29096,23825
32714,32814,32773,32851,32749,33132,37349,33428,33472,32260,37392,34154,30880,28984,31809,20931,30384,29096,23825
32694,32509,32721,32772,33023,33266,37312,33317,33558,32228,37352,34052,30852,29157,31608,22542,33736,27613,24516
32726,32143,32839,33133,33513,33266,37312,33317,33558,32228,37352,34052,30852,29157,31608,22542,33736,27613,24516
32768,29839,32643,33445,32770,33266,37312,33317,33558,32228,37352,34052,30852,29157,31608,22542,33736,27613,24516
32696,28917,32829,33651,33214,33266,37312,33317,33558,32228,37352,34052,30852,29157,31608,22542,33736,27613,24516
32391,30303,32639,33371,31817,33266,37312,33317,33558,32228,37352,34052,30852,29157,31608,22542,33736,27613,24516
32352,31813,32824,33138,32718,33266,37312,33317,33558,32228,37352,34052,30852,29157,31608,22542,33736,27613,24516
32434,33897,32685,33167,32643,33266,37312,33317,33558,32228,37352,34052,30852,29157,31608,22542,33736,27613,24516
32656,36596,32787,33266,31570,33266,37312,33317,33558,32228,37352,34052,30852,29157,31608,22542,33736,27613,24516
32885,36038,32759,33023,33180,33266,37312,33317,33558,32228,37352,34052,30852,29157,31608,22542,33736,27613,24516
33083,34329,32887,33023,32861,33266,37312,33317,33558,32228,37352,34052,30852,29157,31608,22542,33736,27613,24516
33103,32727,32775,33431,33379,33272,37356,33184,33584,32304,37344,33964,30937,29146,31772,25478,32824,28788,25329
33028,31289,32890,33255,33761,33272,37356,33184,33584,32304,37344,33964,30937,29146,31772,25478,32824,28788,25329
32951,30533,32611,33271,33081,33272,37356,33184,33584,32304,37344,33964,30937,29146,31772,25478,32824,28788,25329
32873,32343,32835,33227,33479,33272,37356,33184,33584,32304,37344,33964,30937,29146,31772,25478,32824,28788,25329
32714,33559,32589,33007,31549,33272,37356,33184,33584,32304,37344,33964,30937,29146,31772,25478,32824,28788,25329
32715,33335,32735,32887,33835,33272,37356,33184,33584,32304,37344,33964,30937,29146,31772,25478,32824,28788,25329
32658,33019,32577,32297,32501,33272,37356,33184,33584,32304,37344,33964,30937,29146,31772,25478,32824,28788,25329
32514,33363,32831,32691,31769,33272,37356,33184,33584,32304,37344,33964,30937,29146,31772,25478,32824,28788,25329
32069,32925,32754,33175,32761,33272,37356,33184,33584,32304,37344,33964,30937,29146,31772,25478,32824,28788,25329
32000,33499,32839,33755,32297,33272,37356,33184,33584,32304,37344,33964,30937,29146,31772,25478,32824,28788,25329
32495,33982,32573,33566,32657,33358,37392,33082,33450,32442,37340,33728,30928,29102,31240,26472,31010,27062,25224
33082,34061,32665,33818,33445,33358,37392,33082,33450,32442,37340,33728,30928,29102,31240,26472,31010,27062,25224
33601,33052,32591,33146,33479,33358,37392,33082,33450,32442,37340,33728,30928,29102,31240,26472,31010,27062,25224
33802,30949,32621,33647,31826,33358,37392,33082,33450,32442,37340,33728,30928,29102,31240,26472,31010,27062,25224
33622,31069,32805,33799,33786,33358,37392,33082,33450,32442,37340,33728,30928,29102,31240,26472,31010,27062,25224
33328,32809,32692,33899,32054,33358,37392,33082,33450,32442,37340,33728,30928,29102,31240,26472,31010,27062,25224
33043,32203,32870,33362,32365,33358,37392,33082,33450,32442,37340,33728,30928,29102,31240,26472,31010,27062,25224
32705,31200,32611,33063,34004,33358,37392,33082,33450,32442,37340,33728,30928,29102,31240,26472,31010,27062,25224
32853,32253,32771,32769,32123,33358,37392,33082,33450,32442,37340,33728,30928,29102,31240,26472,31010,27062,25224
32850,33039,32751,32742,32820,33358,37392,33082,33450,32442,37340,33728,30928,29102,31240,26472,31010,27062,25224
32644,33087,32715,32883,32715,33404,37384,32984,33470,32564,37368,33526,30968,28760,31110,27777,32544,29788,25672
32483,32835,32885,32999,32906,33404,37384,32984,33470,32564,37368,33526,30968,28760,31110,27777,32544,29788,25672
32500,33435,32678,32985,33255,33404,37384,32984,33470,32564,37368,33526,30968,28760,31110,27777,32544,29788,25672
32486,33359,32876,32967,33358,33404,37384,32984,33470,32564,37368,33526,30968,28760,31110,27777,32544,29788,25672
32474,33191,32551,33138,31667,33404,37384,32984,33470,32564,37368,33526,30968,28760,31110,27777,32544,29788,25672
32554,33390,32774,33013,32811,33404,37384,32984,33470,32564,37368,33526,30968,28760,31110,27777,32544,29788,25672
32583,33234,32647,32903,33448,33404,37384,32984,33470,32564,37368,33526,30968,28760,31110,27777,32544,29788,25672
32584,30829,32714,33180,32977,33404,37384,32984,33470,32564,37368,33526,30968,28760,31110,27777,32544,29788,25672
32609,29447,32763,33227,33125,33404,37384,32984,33470,32564,37368,33526,30968,28760,31110,27777,32544,29788,25672
32599,30764,32585,33007,32278,33404,37384,32984,33470,32564,37368,33526,30968,28760,31110,27777,32544,29788,25672
32621,32043,32935,33142,32403,33352,37468,32948,33430,32520,37440,33444,31048,28420,31160,28752,30712,28668,28932
32645,32594,32675,33129,33276,33352,37468,32948,33430,32520,37440,33444,31048,28420,31160,28752,30712,28668,28932
32573,33138,32803,32731,33600,33352,37468,32948,33430,32520,37440,33444,31048,28420,31160,28752,30712,28668,28932
32254,33255,32587,32982,33299,33352,37468,32948,33430,32520,37440,33444,31048,28420,31160,28752,30712,28668,28932
32206,33459,32837,33457,33363,33352,37468,32948,33430,32520,37440,33444,31048,28420,31160,28752,30712,28668,28932
32455,33732,32725,33551,32587,33352,37468,32948,33430,32520,37440,33444,31048,28420,31160,28752,30712,28668,28932
32730,33571,32647,33273,31429,33352,37468,32948,33430,32520,37440,33444,31048,28420,31160,28752,30712,28668,28932
33116,33124,32921,32733,33242,33352,37468,32948,33430,32520,37440,33444,31048,28420,31160,28752,30712,28668,28932
33418,32914,32731,32715,33103,33352,37468,32948,33430,32520,37440,33444,31048,28420,31160,28752,30712,28668,28932
33409,33415,32895,33023,31570,33352,37468,32948,33430,32520,37440,33444,31048,28420,31160,28752,30712,28668,28932
33306,33639,32647,33438,31869,33160,37514,32942,33396,32384,37344,33384,31068,28240,30210,30852,31254,28192,27216
33166,32356,32722,33471,33268,33160,37514,32942,33396,32384,37344,33384,31068,28240,30210,30852,31254,28192,27216
32982,32251,32775,33567,32774,33160,37514,32942,33396,32384,37344,33384,31068,28240,30210,30852,31254,28192,27216
32797,32677,32543,33661,33549,33160,37514,32942,33396,32384,37344,33384,31068,28240,30210,30852,31254,28192,27216
32802,32775,32747,32935,33499,33160,37514,32942,33396,32384,37344,33384,31068,28240,30210,30852,31254,28192,27216
32508,33151,32607,32551,31860,33160,37514,32942,33396,32384,37344,33384,31068,28240,30210,30852,31254,28192,27216
32361,33167,32835,31343,32616,33160,37514,32942,33396,32384,37344,33384,31068,28240,30210,30852,31254,28192,27216
32104,32711,32707,32194,33249,33160,37514,32942,33396,32384,37344,33384,31068,28240,30210,30852,31254,28192,27216
32239,32379,32949,33259,32099,33160,37514,32942,33396,32384,37344,33384,31068,28240,30210,30852,31254,28192,27216
32416,32489,32837,33075,33153,33160,37514,32942,33396,32384,37344,33384,31068,28240,30210,30852,31254,28192,27216
32711,32903,32931,33043,32313,32984,37436,32765,33566,32324,37306,33277,31112,28285,29857,30340,31832,29394,28020
32932,33228,32821,33231,33065,32984,37436,32765,33566,32324,37306,33277,31112,28285,29857,30340,31832,29394,28020
33206,32961,32897,33399,33052,32984,37436,32765,33566,32324,37306,33277,31112,28285,29857,30340,31832,29394,28020
33580,32019,32822,33165,33467,32984,37436,32765,33566,32324,37306,33277,31112,28285,29857,30340,31832,29394,28020
33730,31157,32762,33071,33023,32984,37436,32765,33566,32324,37306,33277,31112,28285,29857,30340,31832,29394,28020
33501,32213,32843,33122,32199,32984,37436,32765,33566,32324,37306,33277,31112,28285,29857,30340,31832,29394,28020
33085,33262,32562,33089,33170,32984,37436,32765,33566,32324,37306,33277,31112,28285,29857,30340,31832,29394,28020
32786,33907,32782,32919,32785,32984,37436,32765,33566,32324,37306,33277,31112,28285,29857,30340,31832,29394,28020
32596,33549,32607,32873,32102,32984,37436,32765,33566,32324,37306,33277,31112,28285,29857,30340,31832,29394,28020
32389,33099,32833,33131,32919,32984,37436,32765,33566,32324,37306,33277,31112,28285,29857,30340,31832,29394,28020
32376,34071,32707,33191,32233,32872,37412,32744,33401,32344,37328,33293,31060,28576,29288,29292,30316,30584,29328
32512,32487,32745,33043,32628,32872,37412,32744,33401,32344,37328,33293,31060,28576,29288,29292,30316,30584,29328
32400,31895,32821,33007,33503,32872,37412,32744,33401,32344,37328,33293,31060,28576,29288,29292,30316,30584,29328
32254,32662,32686,33189,33133,32872,37412,32744,33401,32344,37328,33293,31060,28576,29288,29292,30316,30584,29328
32239,32411,32751,33317,33222,32872,37412,32744,33401,32344,37328,33293,31060,28576,29288,29292,30316,30584,29328
32525,31701,32593,33110,32549,32872,37412,32744,33401,32344,37328,33293,31060,28576,29288,29292,30316,30584,29328
32784,32471,32869,33111,32877,32872,37412,32744,33401,32344,37328,33293,31060,28576,29288,29292,30316,30584,29328
32951,33484,32751,33299,32315,32872,37412,32744,33401,32344,37328,33293,31060,28576,29288,29292,30316,30584,29328
32839,32885,32879,33303,32610,32872,37412,32744,33401,32344,37328,33293,31060,28576,29288,29292,30316,30584,29328
32766,32104,32959,33138,33052,32872,37412,32744,33401,32344,37328,33293,31060,28576,29288,29292,30316,30584,29328
32755,32634,32750,33174,32871,32712,37480,32960,33488,32220,37369,33329,31162,28908,29113,30268,28852,28868,28705
32635,33073,32891,33381,32151,32712,37480,32960,33488,32220,37369,33329,31162,28908,29113,30268,28852,28868,28705
32605,32839,32623,33387,33007,32712,37480,32960,33488,32220,37369,33329,31162,28908,29113,30268,28852,28868,28705
32846,32321,32722,33443,33466,32712,37480,32960,33488,32220,37369,33329,31162,28908,29113,30268,28852,28868,28705
33052,32380,32771,33126,33553,32712,37480,32960,33488,32220,37369,33329,31162,28908,29113,30268,28852,28868,28705
32967,32971,32615,33022,32914,32712,37480,32960,33488,32220,37369,33329,31162,28908,29113,30268,28852,28868,28705
32930,33215,32826,33135,32551,32712,37480,32960,33488,32220,37369,33329,31162,28908,29113,30268,28852,28868,28705
32914,33394,32907,33321,31808,32712,37480,32960,33488,32220,37369,33329,31162,28908,29113,30268,28852,28868,28705
32846,33410,32658,33346,32951,32712,37480,32960,33488,32220,37369,33329,31162,28908,29113,30268,28852,28868,28705
32884,33051,32899,33269,32375,32712,37480,32960,33488,32220,37369,33329,31162,28908,29113,30268,28852,28868,28705
32836,32946,32681,33024,32493,32712,37436,32900,33460,32136,37324,33294,31113,28936,28404,28789,29796,29076,27168
32537,33052,32651,32994,32386,32712,37436,32900,33460,32136,37324,33294,31113,28936,28404,28789,29796,29076,27168
32496,33317,32775,33101,32547,32712,37436,32900,33460,32136,37324,33294,31113,28936,28404,28789,29796,29076,27168
32648,32765,32727,33063,33396,32712,37436,32900,33460,32136,37324,33294,31113,28936,28404,28789,29796,29076,27168
32436,32198,32783,33255,34164,32712,37436,32900,33460,32136,37324,33294,31113,28936,28404,28789,29796,29076,27168
32521,31660,32943,33159,33631,32712,37436,32900,33460,32136,37324,33294,31113,28936,28404,28789,29796,29076,27168
32564,31468,32679,32963,32455,32712,37436,32900,33460,32136,37324,33294,31113,28936,28404,28789,29796,29076,27168
32780,31463,32780,33051,32519,32712,37436,32900,33460,32136,37324,33294,31113,28936,28404,28789,29796,29076,27168
32773,32375,32753,33159,32604,32712,37436,32900,33460,32136,37324,33294,31113,28936,28404,28789,29796,29076,27168
33045,32309,32703,33182,32775,32712,37436,32900,33460,32136,37324,33294,31113,28936,28404,28789,29796,29076,27168
33271,31807,32902,33407,32710,32758,37471,32944,33426,32122,37268,33346,31096,28809,28272,28186,32429,30704,28066
33253,32109,32821,33207,32023,32758,37471,32944,33426,32122,37268,33346,31096,28809,28272,28186,32429,30704,28066
32982,32989,32683,33090,31971,32758,37471,32944,33426,32122,37268,33346,31096,28809,28272,28186,32429,30704,28066
32620,33499,32838,33269,33350,32758,37471,32944,33426,32122,37268,33346,31096,28809,28272,28186,32429,30704,28066
32344,33181,32723,33215,33123,32758,37471,32944,33426,32122,37268,33346,31096,28809,28272,28186,32429,30704,28066
32248,33501,32679,33223,33475,32758,37471,32944,33426,32122,37268,33346,31096,28809,28272,28186,32429,30704,28066
32512,33722,32643,33043,32541,32758,37471,32944,33426,32122,37268,33346,31096,28809,28272,28186,32429,30704,28066
32728,33247,32623,33082,32679,32758,37471,32944,33426,32122,37268,33346,31096,28809,28272,28186,32429,30704,28066
32476,33127,32818,33127,32702,32758,37471,32944,33426,32122,37268,33346,31096,28809,28272,28186,32429,30704,28066
32479,33287,32677,33096,32655,32758,37471,32944,33426,32122,37268,33346,31096,28809,28272,28186,32429,30704,28066
32816,32934,32697,33245,32637,32802,37468,32924,33496,32232,37284,33310,31170,28526,27872,27584,32693,30436,27266
32884,32263,32771,33015,32705,32802,37468,32924,33496,32232,37284,33310,31170,28526,27872,27584,32693,30436,27266
33153,32839,32644,32932,32725,32802,37468,32924,33496,32232,37284,33310,31170,28526,27872,27584,32693,30436,27266
33277,32634,32643,32783,32439,32802,37468,32924,33496,32232,37284,33310,31170,28526,27872,27584,32693,30436,27266
33221,33001,32875,32887,33499,32802,37468,32924,33496,32232,37284,33310,31170,28526,27872,27584,32693,30436,27266
33254,33122,32718,32999,33412,32802,37468,32924,33496,32232,37284,33310,31170,28526,27872,27584,32693,30436,27266
33100,32415,32815,32719,33266,32802,37468,32924,33496,32232,37284,33310,31170,28526,27872,27584,32693,30436,27266
32909,32599,32880,32859,33228,32802,37468,32924,33496,32232,37284,33310,31170,28526,27872,27584,32693,30436,27266
32723,33383,32647,32962,32139,32802,37468,32924,33496,32232,37284,33310,31170,28526,27872,27584,32693,30436,27266
32754,33193,32945,33061,31928,32802,37468,32924,33496,32232,37284,33310,31170,28526,27872,27584,32693,30436,27266
32757,33055,32863,33007,31959,33044,37352,32904,33432,32325,37248,33392,31201,28784,27361,25844,31852,29432,25732
32585,32940,32833,32943,32202,33044,37352,32904,33432,32325,37248,33392,31201,28784,27361,25844,31852,29432,25732
32398,32391,32941,33108,32171,33044,37352,32904,33432,32325,37248,33392,31201,28784,27361,25844,31852,29432,25732
32392,31907,32687,33267,32769,33044,37352,32904,33432,32325,37248,33392,31201,28784,27361,25844,31852,29432,25732
32418,32039,32847,33243,33139,33044,37352,32904,33432,32325,37248,33392,31201,28784,27361,25844,31852,29432,25732
32415,32467,32707,32999,33729,33044,37352,32904,33432,32325,37248,33392,31201,28784,27361,25844,31852,29432,25732
32538,33172,32831,33155,33543,33044,37352,32904,33432,32325,37248,33392,31201,28784,27361,25844,31852,29432,25732
32750,33102,32827,33282,33565,33044,37352,32904,33432,32325,37248,33392,31201,28784,27361,25844,31852,29432,25732
32904,33047,32767,33287,32580,33044,37352,32904,33432,32325,37248,33392,31201,28784,27361,25844,31852,29432,25732
33020,33071,32868,33014,32542,33044,37352,32904,33432,32325,37248,33392,31201,28784,27361,25844,31852,29432,25732
32954,33167,32683,33183,32647,33253,37384,32978,33469,32424,37270,33492,31148,29112,27032,26969,30348,30732,26300
32929,33107,32763,33220,32457,33253,37384,32978,33469,32424,37270,33492,31148,29112,27032,26969,30348,30732,26300
32876,33039,32753,32957,32513,33253,37384,32978,33469,32424,37270,33492,31148,29112,27032,26969,30348,30732,26300
32666,32594,32839,33188,32437,33253,37384,32978,33469,32424,37270,33492,31148,29112,27032,26969,30348,30732,26300
32520,32765,32695,33135,32936,33253,37384,32978,33469,32424,37270,33492,31148,29112,27032,26969,30348,30732,26300
32608,32935,32717,33026,32901,33253,37384,32978,33469,32424,37270,33492,31148,29112,27032,26969,30348,30732,26300
32732,32325,32791,33447,33378,33253,37384,32978,33469,32424,37270,33492,31148,29112,27032,26969,30348,30732,26300
32919,32215,32901,33373,33151,33253,37384,32978,33469,32424,37270,33492,31148,29112,27032,26969,30348,30732,26300
32917,32353,32742,33195,33202,33253,37384,32978,33469,32424,37270,33492,31148,29112,27032,26969,30348,30732,26300
33010,32487,32929,33210,32607,33253,37384,32978,33469,32424,37270,33492,31148,29112,27032,26969,30348,30732,26300
33060,32757,32762,33242,32775,33352,37301,33084,33528,32416,37294,33636,31149,29228,26324,28100,31124,30786,29726
33060,33007,32903,33264,32259,33352,37301,33084,33528,32416,37294,33636,31149,29228,26324,28100,31124,30786,29726
32993,32897,32711,33127,32735,33352,37301,33084,33528,32416,37294,33636,31149,29228,26324,28100,31124,30786,29726
32784,32831,32871,33287,32529,33352,37301,33084,33528,32416,37294,33636,31149,29228,26324,28100,31124,30786,29726
32605,32898,32803,33271,32774,33352,37301,33084,33528,32416,37294,33636,31149,29228,26324,28100,31124,30786,29726
32647,32938,32690,33298,32775,33352,37301,33084,33528,32416,37294,33636,31149,29228,26324,28100,31124,30786,29726
32659,32895,32819,33055,33174,33352,37301,33084,33528,32416,37294,33636,31149,29228,26324,28100,31124,30786,29726
32594,32376,32711,33279,33179,33352,37301,33084,33528,32416,37294,33636,31149,29228,26324,28100,31124,30786,29726
32543,32455,32935,33455,32685,33352,37301,33084,33528,32416,37294,33636,31149,29228,26324,28100,31124,30786,29726
32667,32795,32887,33511,32814,33352,37301,33084,33528,32416,37294,33636,31149,29228,26324,28100,31124,30786,29726
32910,32951,32879,33388,32561,33268,37248,33104,33396,32324,37281,33852,31124,29128,26240,29768,28190,29241,30440
33354,33210,32973,33334,32669,33268,37248,33104,33396,32324,37281,33852,31124,29128,26240,29768,28190,29241,30440
33377,33323,32724,33287,32500,33268,37248,33104,33396,32324,37281,33852,31124,29128,26240,29768,28190,29241,30440
33254,33094,32811,33397,32535,33268,37248,33104,33396,32324,37281,33852,31124,29128,26240,29768,28190,29241,30440
32908,33117,32806,33341,32749,33268,37248,33104,33396,32324,37281,33852,31124,29128,26240,29768,28190,29241,30440
32736,32838,32523,33275,32934,33268,37248,33104,33396,32324,37281,33852,31124,29128,26240,29768,28190,29241,30440
32672,32243,32642,33287,33325,33268,37248,33104,33396,32324,37281,33852,31124,29128,26240,29768,28190,29241,30440
32490,32825,32561,33223,32747,33268,37248,33104,33396,32324,37281,33852,31124,29128,26240,29768,28190,29241,30440
32370,33063,32563,33454,32647,33268,37248,33104,33396,32324,37281,33852,31124,29128,26240,29768,28190,29241,30440
32297,32927,32757,33451,32491,33268,37248,33104,33396,32324,37281,33852,31124,29128,26240,29768,28190,29241,30440
32310,32510,32590,33311,32629,33105,37308,33116,33497,32217,37340,33924,31026,28773,26574,31764,31552,31689,29700
32412,32245,32747,33083,32767,33105,37308,33116,33497,32217,37340,33924,31026,28773,26574,31764,31552,31689,29700
32435,32455,32768,33119,33070,33105,37308,33116,33497,32217,37340,33924,31026,28773,26574,31764,31552,31689,29700
32597,32467,32713,33069,33015,33105,37308,33116,33497,32217,37340,33924,31026,28773,26574,31764,31552,31689,29700
32814,32550,32879,33053,32771,33105,37308,33116,33497,32217,37340,33924,31026,28773,26574,31764,31552,31689,29700
32951,33060,32793,33127,32729,33105,37308,33116,33497,32217,37340,33924,31026,28773,26574,31764,31552,31689,29700
32872,33031,32877,33019,32519,33105,37308,33116,33497,32217,37340,33924,31026,28773,26574,31764,31552,31689,29700
32805,32511,32966,33045,32973,33105,37308,33116,33497,32217,37340,33924,31026,28773,26574,31764,31552,31689,29700
32678,32487,32676,33140,33231,33105,37308,33116,33497,32217,37340,33924,31026,28773,26574,31764,31552,31689,29700
32477,32554,32811,33045,33207,33105,37308,33116,33497,32217,37340,33924,31026,28773,26574,31764,31552,31689,29700
32485,32963,32699,32805,32773,32806,37388,33152,33536,32176,37461,34060,31088,28429,27428,33205,28951,29652,30480
32553,33149,32895,32994,32379,32806,37388,33152,33536,32176,37461,34060,31088,28429,27428,33205,28951,29652,30480
32634,32995,32670,33113,32448,32806,37388,33152,33536,32176,37461,34060,31088,28429,27428,33205,28951,29652,30480
32698,32199,32882,33031,32993,32806,37388,33152,33536,32176,37461,34060,31088,28429,27428,33205,28951,29652,30480
32782,32007,32697,33115,32757,32806,37388,33152,33536,32176,37461,34060,31088,28429,27428,33205,28951,29652,30480
33017,32352,32877,33431,32989,32806,37388,33152,33536,32176,37461,34060,31088,28429,27428,33205,28951,29652,30480
32911,32529,32684,33315,32229,32806,37388,33152,33536,32176,37461,34060,31088,28429,27428,33205,28951,29652,30480
32604,32551,32795,33159,32817,32806,37388,33152,33536,32176,37461,34060,31088,28429,27428,33205,28951,29652,30480
32684,32775,32623,33307,32855,32806,37388,33152,33536,32176,37461,34060,31088,28429,27428,33205,28951,29652,30480
33084,32965,32701,33479,33355,32806,37388,33152,33536,32176,37461,34060,31088,28429,27428,33205,28951,29652,30480
33322,33371,32630,33247,32685,32578,37396,33140,33416,32080,37362,33893,31012,28366,27980,34320,30248,31120,31689
33308,33219,32639,33108,32679,32578,37396,33140,33416,32080,37362,33893,31012,28366,27980,34320,30248,31120,31689
33135,32991,32683,33498,32475,32578,37396,33140,33416,32080,37362,33893,31012,28366,27980,34320,30248,31120,31689
32813,33119,32631,33391,33177,32578,37396,33140,33416,32080,37362,33893,31012,28366,27980,34320,30248,31120,31689
32656,33287,32806,33329,32838,32578,37396,33140,33416,32080,37362,33893,31012,28366,27980,34320,30248,31120,31689
32505,33139,32679,32959,32933,32578,37396,33140,33416,32080,37362,33893,31012,28366,27980,34320,30248,31120,31689
32669,32754,32781,32997,32631,32578,37396,33140,33416,32080,37362,33893,31012,28366,27980,34320,30248,31120,31689
32900,32277,32855,33119,32525,32578,37396,33140,33416,32080,37362,33893,31012,28366,27980,34320,30248,31120,31689
32896,32211,32607,33159,33307,32578,37396,33140,33416,32080,37362,33893,31012,28366,27980,34320,30248,31120,31689
32719,32653,32911,33163,32937,32578,37396,33140,33416,32080,37362,33893,31012,28366,27980,34320,30248,31120,31689
32693,32999,32815,33170,32653,32524,37424,33260,33574,32008,37340,33774,31074,28676,28448,33951,29276,30500,33285
32500,33213,32671,32975,32877,32524,37424,33260,33574,32008,37340,33774,31074,28676,28448,33951,29276,30500,33285
32355,33267,32797,33167,32138,32524,37424,33260,33574,32008,37340,33774,31074,28676,28448,33951,29276,30500,33285
32410,33195,32608,33304,32583,32524,37424,33260,33574,32008,37340,33774,31074,28676,28448,33951,29276,30500,33285
32420,32570,32847,33327,32932,32524,37424,33260,33574,32008,37340,33774,31074,28676,28448,33951,29276,30500,33285
32543,32187,32831,33263,33181,32524,37424,33260,33574,32008,37340,33774,31074,28676,28448,33951,29276,30500,33285
32831,32730,32787,33061,33195,32524,37424,33260,33574,32008,37340,33774,31074,28676,28448,33951,29276,30500,33285
33102,33063,32967,33355,32830,32524,37424,33260,33574,32008,37340,33774,31074,28676,28448,33951,29276,30500,33285
33199,33007,32769,33334,32806,32524,37424,33260,33574,32008,37340,33774,31074,28676,28448,33951,29276,30500,33285
33045,33079,32860,33367,32342,32524,37424,33260,33574,32008,37340,33774,31074,28676,28448,33951,29276,30500,33285
33126,32987,32663,33099,32531,32578,37392,33264,33528,31978,37332,33778,30980,29008,28125,34112,28805,29841,33857
33165,32785,32786,33215,32707,32578,37392,33264,33528,31978,37332,33778,30980,29008,28125,34112,28805,29841,33857
33164,32722,32800,33207,32303,32578,37392,33264,33528,31978,37332,33778,30980,29008,28125,34112,28805,29841,33857
33133,32719,32631,33106,32247,32578,37392,33264,33528,31978,37332,33778,30980,29008,28125,34112,28805,29841,33857
33060,32739,32667,33221,32761,32578,37392,33264,33528,31978,37332,33778,30980,29008,28125,34112,28805,29841,33857
32987,32857,32639,32943,32751,32578,37392,33264,33528,31978,37332,33778,30980,29008,28125,34112,28805,29841,33857
32866,32827,32579,33053,33229,32578,37392,33264,33528,31978,37332,33778,30980,29008,28125,34112,28805,29841,33857
32722,32699,32819,33250,32743,32578,37392,33264,33528,31978,37332,33778,30980,29008,28125,34112,28805,29841,33857
32636,32635,32694,33171,33241,32578,37392,33264,33528,31978,37332,33778,30980,29008,28125,34112,28805,29841,33857
32568,32617,32705,33167,32927,32578,37392,33264,33528,31978,37332,33778,30980,29008,28125,34112,28805,29841,33857
32513,32619,32903,33103,32775,32680,37340,33234,33514,31968,37320,33864,31050,29372,27995,33800,29188,29217,33232
32508,32596,32749,32879,32955,32680,37340,33234,33514,31968,37320,33864,31050,29372,27995,33800,29188,29217,33232
32476,32645,32760,33003,32278,32680,37340,33234,33514,31968,37320,33864,31050,29372,27995,33800,29188,29217,33232
32559,32685,32875,33245,32491,32680,37340,33234,33514,31968,37320,33864,31050,29372,27995,33800,29188,29217,33232
32602,32693,32703,33382,32642,32680,37340,33234,33514,31968,37320,33864,31050,29372,27995,33800,29188,29217,33232
32596,32710,32855,33359,32948,32680,37340,33234,33514,31968,37320,33864,31050,29372,27995,33800,29188,29217,33232
32614,32665,32822,33031,32981,32680,37340,33234,33514,31968,37320,33864,31050,29372,27995,33800,29188,29217,33232
32576,32709,32719,33095,32902,32680,37340,33234,33514,31968,37320,33864,31050,29372,27995,33800,29188,29217,33232
32626,32676,32903,33425,33053,32680,37340,33234,33514,31968,37320,33864,31050,29372,27995,33800,29188,29217,33232
32702,32943,32733,33529,32623,32680,37340,33234,33514,31968,37320,33864,31050,29372,27995,33800,29188,29217,33232
32733,33125,32888,33391,32647,32733,37328,33288,33472,31970,37276,34008,30977,29236,28289,33739,31536,31876,31636
32815,33043,32815,33297,32639,32733,37328,33288,33472,31970,37276,34008,30977,29236,28289,33739,31536,31876,31636
32884,33002,32763,33349,32490,32733,37328,33288,33472,31970,37276,34008,30977,29236,28289,33739,31536,31876,31636
32841,32663,32817,33428,32529,32733,37328,33288,33472,31970,37276,34008,30977,29236,28289,33739,31536,31876,31636
32775,32499,32698,33371,32846,32733,37328,33288,33472,31970,37276,34008,30977,29236,28289,33739,31536,31876,31636
32770,32197,32901,33173,32882,32733,37328,33288,33472,31970,37276,34008,30977,29236,28289,33739,31536,31876,31636
32786,32377,32706,33074,32889,32733,37328,33288,33472,31970,37276,34008,30977,29236,28289,33739,31536,31876,31636
32869,32371,32899,33332,33123,32733,37328,33288,33472,31970,37276,34008,30977,29236,28289,33739,31536,31876,31636
32816,32655,32775,33333,33031,32733,37328,33288,33472,31970,37276,34008,30977,29236,28289,33739,31536,31876,31636
32692,32607,32723,33287,32843,32733,37328,33288,33472,31970,37276,34008,30977,29236,28289,33739,31536,31876,31636
32670,32756,32915,33135,32519,32997,37256,33296,33432,32188,37209,34102,31048,29068,28616,33757,29673,29620,31788
32690,33055,32715,33079,32761,32997,37256,33296,33432,32188,37209,34102,31048,29068,28616,33757,29673,29620,31788
32744,33211,32815,33316,32323,32997,37256,33296,33432,32188,37209,34102,31048,29068,28616,33757,29673,29620,31788
32688,33142,32701,33427,32827,32997,37256,33296,33432,32188,37209,34102,31048,29068,28616,33757,29673,29620,31788
32253,33005,32848,33134,32839,32997,37256,33296,33432,32188,37209,34102,31048,29068,28616,33757,29673,29620,31788
32027,33078,32831,33255,33243,32997,37256,33296,33432,32188,37209,34102,31048,29068,28616,33757,29673,29620,31788
32256,33053,32735,33214,32957,32997,37256,33296,33432,32188,37209,34102,31048,29068,28616,33757,29673,29620,31788
32580,32989,32934,33263,33690,32997,37256,33296,33432,32188,37209,34102,31048,29068,28616,33757,29673,29620,31788
32932,32866,32787,33079,33035,32997,37256,33296,33432,32188,37209,34102,31048,29068,28616,33757,29673,29620,31788
33255,33047,32858,33031,32729,32997,37256,33296,33432,32188,37209,34102,31048,29068,28616,33757,29673,29620,31788
33457,33120,32821,33103,32660,33268,37260,33318,33474,32442,37252,34186,31024,29018,28786,32505,28748,29196,31012
33572,32946,32690,33250,30903,33268,37260,33318,33474,32442,37252,34186,31024,29018,28786,32505,28748,29196,31012
33409,32865,32857,33458,32611,33268,37260,33318,33474,32442,37252,34186,31024,29018,28786,32505,28748,29196,31012
33279,32605,32683,33407,32292,33268,37260,33318,33474,32442,37252,34186,31024,29018,28786,32505,28748,29196,31012
33132,32573,32623,33135,32637,33268,37260,33318,33474,32442,37252,34186,31024,29018,28786,32505,28748,29196,31012
33147,32789,32783,33146,32911,33268,37260,33318,33474,32442,37252,34186,31024,29018,28786,32505,28748,29196,31012
33044,32986,32630,33401,32527,33268,37260,33318,33474,32442,37252,34186,31024,29018,28786,32505,28748,29196,31012
32836,32953,32775,33327,32970,33268,37260,33318,33474,32442,37252,34186,31024,29018,28786,32505,28748,29196,31012
32707,32619,32775,33306,33047,33268,37260,33318,33474,32442,37252,34186,31024,29018,28786,32505,28748,29196,31012
32860,32615,32619,33081,32683,33268,37260,33318,33474,32442,37252,34186,31024,29018,28786,32505,28748,29196,31012
32957,32479,32785,32963,32719,33316,37288,33364,33500,32525,37320,34176,30952,28877,28900,34075,31079,31861,31296
32775,32391,32823,32811,33086,33316,37288,33364,33500,32525,37320,34176,30952,28877,28900,34075,31079,31861,31296
32488,32327,32631,32925,32831,33316,37288,33364,33500,32525,37320,34176,30952,28877,28900,34075,31079,31861,31296
32381,31828,32898,32915,32503,33316,37288,33364,33500,32525,37320,34176,30952,28877,28900,34075,31079,31861,31296
32347,32199,32763,32519,32647,33316,37288,33364,33500,32525,37320,34176,30952,28877,28900,34075,31079,31861,31296
32358,32658,32727,32223,33890,33316,37288,33364,33500,32525,37320,34176,30952,28877,28900,34075,31079,31861,31296
32320,32631,32825,32009,32588,33316,37288,33364,33500,32525,37320,34176,30952,28877,28900,34075,31079,31861,31296
32487,32425,32605,32134,32925,33316,37288,33364,33500,32525,37320,34176,30952,28877,28900,34075,31079,31861,31296
32532,32023,32799,32251,32782,33316,37288,33364,33500,32525,37320,34176,30952,28877,28900,34075,31079,31861,31296
32479,31975,32759,32385,33068,33316,37288,33364,33500,32525,37320,34176,30952,28877,28900,34075,31079,31861,31296
32535,32127,32604,32671,32919,33274,37262,33312,33672,32476,37274,34096,31028,29012,28858,34737,29848,31396,34216
32666,32215,32678,32738,32956,33274,37262,33312,33672,32476,37274,34096,31028,29012,28858,34737,29848,31396,34216
32824,32146,32775,32759,33197,33274,37262,33312,33672,32476,37274,34096,31028,29012,28858,34737,29848,31396,34216
32636,32153,32623,32678,33698,33274,37262,33312,33672,32476,37274,34096,31028,29012,28858,34737,29848,31396,34216
32628,32373,32791,33038,33498,33274,37262,33312,33672,32476,37274,34096,31028,29012,28858,34737,29848,31396,34216
32611,32508,32813,33281,32920,33274,37262,33312,33672,32476,37274,34096,31028,29012,28858,34737,29848,31396,34216
32456,32579,32607,33271,32877,33274,37262,33312,33672,32476,37274,34096,31028,29012,28858,34737,29848,31396,34216
32467,32699,32876,33309,32370,33274,37262,33312,33672,32476,37274,34096,31028,29012,28858,34737,29848,31396,34216
32696,32583,32703,33205,33222,33274,37262,33312,33672,32476,37274,34096,31028,29012,28858,34737,29848,31396,34216
32932,32623,32729,33434,32499,33274,37262,33312,33672,32476,37274,34096,31028,29012,28858,34737,29848,31396,34216
33078,32920,32836,33581,32106,33140,37336,33129,33592,32394,37356,33992,31042,29217,28972,35224,29440,33132,36472
33285,32929,32687,33574,32289,33140,37336,33129,33592,32394,37356,33992,31042,29217,28972,35224,29440,33132,36472
33320,32850,32750,33327,32526,33140,37336,33129,33592,32394,37356,33992,31042,29217,28972,35224,29440,33132,36472
33329,32774,32861,33139,32903,33140,37336,33129,33592,32394,37356,33992,31042,29217,28972,35224,29440,33132,36472
33218,32927,32794,33060,32669,33140,37336,33129,33592,32394,37356,33992,31042,29217,28972,35224,29440,33132,36472
32995,33073,32767,33086,32002,33140,37336,33129,33592,32394,37356,33992,31042,29217,28972,35224,29440,33132,36472
32829,32986,32731,33316,33069,33140,37336,33129,33592,32394,37356,33992,31042,29217,28972,35224,29440,33132,36472
32744,32939,32637,33456,32826,33140,37336,33129,33592,32394,37356,33992,31042,29217,28972,35224,29440,33132,36472
32713,32889,32811,33303,32836,33140,37336,33129,33592,32394,37356,33992,31042,29217,28972,35224,29440,33132,36472
32616,32822,32710,33199,32855,33140,37336,33129,33592,32394,37356,33992,31042,29217,28972,35224,29440,33132,36472
32645,32773,32621,33431,32459,32704,37424,33208,33640,31928,37408,33924,30960,29132,29122,36081,27530,29038,36688
32652,32487,32827,33641,32387,32704,37424,33208,33640,31928,37408,33924,30960,29132,29122,36081,27530,29038,36688
32610,32406,32652,33447,32591,32704,37424,33208,33640,31928,37408,33924,30960,29132,29122,36081,27530,29038,36688
32578,32862,32764,33155,32785,32704,37424,33208,33640,31928,37408,33924,30960,29132,29122,36081,27530,29038,36688
32655,32955,32846,33133,32605,32704,37424,33208,33640,31928,37408,33924,30960,29132,29122,36081,27530,29038,36688
32564,33031,32695,33232,31931,32704,37424,33208,33640,31928,37408,33924,30960,29132,29122,36081,27530,29038,36688
32628,33010,32837,33319,32391,32704,37424,33208,33640,31928,37408,33924,30960,29132,29122,36081,27530,29038,36688
32722,32896,32729,33431,32837,32704,37424,33208,33640,31928,37408,33924,30960,29132,29122,36081,27530,29038,36688
32729,33015,32767,33191,32847,32704,37424,33208,33640,31928,37408,33924,30960,29132,29122,36081,27530,29038,36688
32678,33343,32803,33071,33247,32704,37424,33208,33640,31928,37408,33924,30960,29132,29122,36081,27530,29038,36688
32541,33158,32686,33319,33029,32164,37504,33288,33632,31564,37380,33864,30960,28876,29700,37584,31253,32931,34266
32438,32695,32859,33431,33108,32164,37504,33288,33632,31564,37380,33864,30960,28876,29700,37584,31253,32931,34266
32501,32661,32711,33263,33122,32164,37504,33288,33632,31564,37380,33864,30960,28876,29700,37584,31253,32931,34266
32494,32795,32866,33245,33413,32164,37504,33288,33632,31564,37380,33864,30960,28876,29700,37584,31253,32931,34266
32586,32601,32740,33415,32711,32164,37504,33288,33632,31564,37380,33864,30960,28876,29700,37584,31253,32931,34266
32794,32575,32859,33486,32415,32164,37504,33288,33632,31564,37380,33864,30960,28876,29700,37584,31253,32931,34266
32992,32871,32701,33182,32634,32164,37504,33288,33632,31564,37380,33864,30960,28876,29700,37584,31253,32931,34266
33081,33143,32903,33268,33717,32164,37504,33288,33632,31564,37380,33864,30960,28876,29700,37584,31253,32931,34266
33144,33095,32684,33198,33629,32164,37504,33288,33632,31564,37380,33864,30960,28876,29700,37584,31253,32931,34266
33176,33054,32843,33130,33069,32164,37504,33288,33632,31564,37380,33864,30960,28876,29700,37584,31253,32931,34266
33196,32791,32654,32991,32742,31856,37386,33328,33796,31272,37276,33704,31012,28615,29884,36532,29049,30665,34344
33151,32449,32850,33255,32575,31856,37386,33328,33796,31272,37276,33704,31012,28615,29884,36532,29049,30665,34344
33139,32742,32747,33101,32410,31856,37386,33328,33796,31272,37276,33704,31012,28615,29884,36532,29049,30665,34344
33118,32977,32878,33453,32519,31856,37386,33328,33796,31272,37276,33704,31012,28615,29884,36532,29049,30665,34344
33096,32730,32820,33814,32710,31856,37386,33328,33796,31272,37276,33704,31012,28615,29884,36532,29049,30665,34344
32870,32358,32647,33498,32944,31856,37386,33328,33796,31272,37276,33704,31012,28615,29884,36532,29049,30665,34344
32800,32459,32807,33079,32925,31856,37386,33328,33796,31272,37276,33704,31012,28615,29884,36532,29049,30665,34344
32720,32607,32637,32938,32675,31856,37386,33328,33796,31272,37276,33704,31012,28615,29884,36532,29049,30665,34344
32626,32737,32926,33085,33123,31856,37386,33328,33796,31272,37276,33704,31012,28615,29884,36532,29049,30665,34344
32669,32605,32696,33167,33453,31856,37386,33328,33796,31272,37276,33704,31012,28615,29884,36532,29049,30665,34344
32601,32541,32855,32859,33421,31802,37504,33302,33825,31138,37291,33684,31052,28448,30489,34672,30828,31958,30376
32624,32468,32733,33026,32654,31802,37504,33302,33825,31138,37291,33684,31052,28448,30489,34672,30828,31958,30376
32512,32544,32799,33230,32502,31802,37504,33302,33825,31138,37291,33684,31052,28448,30489,34672,30828,31958,30376
32447,32763,32907,33327,32007,31802,37504,33302,33825,31138,37291,33684,31052,28448,30489,34672,30828,31958,30376
32478,33043,32753,33024,32799,31802,37504,33302,33825,31138,37291,33684,31052,28448,30489,34672,30828,31958,30376
32617,33141,32903,33055,32663,31802,37504,33302,33825,31138,37291,33684,31052,28448,30489,34672,30828,31958,30376
32854,33019,32717,33305,32735,31802,37504,33302,33825,31138,37291,33684,31052,28448,30489,34672,30828,31958,30376
32954,32805,32751,33411,32719,31802,37504,33302,33825,31138,37291,33684,31052,28448,30489,34672,30828,31958,30376
33033,32855,32815,33269,32559,31802,37504,33302,33825,31138,37291,33684,31052,28448,30489,34672,30828,31958,30376
32929,32763,32839,33053,32580,31802,37504,33302,33825,31138,37291,33684,31052,28448,30489,34672,30828,31958,30376
32954,32795,32799,33196,33746,31816,37488,33320,33856,31314,37432,33888,31012,28677,30388,32192,31928,32395,28888
32936,32820,32871,33111,32077,31816,37488,33320,33856,31314,37432,33888,31012,28677,30388,32192,31928,32395,28888
32871,32686,32791,33197,32435,31816,37488,33320,33856,31314,37432,33888,31012,28677,30388,32192,31928,32395,28888
32851,32678,32744,33287,32135,31816,37488,33320,33856,31314,37432,33888,31012,28677,30388,32192,31928,32395,28888
32760,32735,32734,33122,32690,31816,37488,33320,33856,31314,37432,33888,31012,28677,30388,32192,31928,32395,28888
32715,32797,32683,32975,32775,31816,37488,33320,33856,31314,37432,33888,31012,28677,30388,32192,31928,32395,28888
32739,32708,32949,33231,33319,31816,37488,33320,33856,31314,37432,33888,31012,28677,30388,32192,31928,32395,28888
32729,32533,32717,33039,32243,31816,37488,33320,33856,31314,37432,33888,31012,28677,30388,32192,31928,32395,28888
32664,32638,32799,32951,31786,31816,37488,33320,33856,31314,37432,33888,31012,28677,30388,32192,31928,32395,28888
32671,32743,32848,32899,33785,31816,37488,33320,33856,31314,37432,33888,31012,28677,30388,32192,31928,32395,28888
32627,32763,32614,32962,31803,32036,37620,33648,33888,31652,37464,34072,30952,28820,32020,30352,32624,30574,27041
32637,32847,32771,33067,33011,32036,37620,33648,33888,31652,37464,34072,30952,28820,32020,30352,32624,30574,27041
32775,32775,32679,33255,32503,32036,37620,33648,33888,31652,37464,34072,30952,28820,32020,30352,32624,30574,27041
32806,32703,32791,33063,32623,32036,37620,33648,33888,31652,37464,34072,30952,28820,32020,30352,32624,30574,27041
32768,32647,32841,32966,33094,32036,37620,33648,33888,31652,37464,34072,30952,28820,32020,30352,32624,30574,27041
32718,32715,32717,32995,33835,32036,37620,33648,33888,31652,37464,34072,30952,28820,32020,30352,32624,30574,27041
32684,32663,32873,33079,34279,32036,37620,33648,33888,31652,37464,34072,30952,28820,32020,30352,32624,30574,27041
32694,32735,32783,33143,33879,32036,37620,33648,33888,31652,37464,34072,30952,28820,32020,30352,32624,30574,27041
32991,32694,32741,33075,33799,32036,37620,33648,33888,31652,37464,34072,30952,28820,32020,30352,32624,30574,27041
33106,32701,32869,33009,32242,32036,37620,33648,33888,31652,37464,34072,30952,28820,32020,30352,32624,30574,27041
33012,32745,32839,33071,32833,32281,37472,33920,33928,31748,37360,34204,31000,29125,31254,30885,30960,28960,27180
32790,32780,32815,33239,32430,32281,37472,33920,33928,31748,37360,34204,31000,29125,31254,30885,30960,28960,27180
32599,32831,32975,33266,32615,32281,37472,33920,33928,31748,37360,34204,31000,29125,31254,30885,30960,28960,27180
32518,32876,32769,33413,32430,32281,37472,33920,33928,31748,37360,34204,31000,29125,31254,30885,30960,28960,27180
32251,32827,32735,33199,31704,32281,37472,33920,33928,31748,37360,34204,31000,29125,31254,30885,30960,28960,27180
32036,32742,32883,32964,32094,32281,37472,33920,33928,31748,37360,34204,31000,29125,31254,30885,30960,28960,27180
31675,32747,32621,33126,32542,32281,37472,33920,33928,31748,37360,34204,31000,29125,31254,30885,30960,28960,27180
31696,32771,32811,33171,32689,32281,37472,33920,33928,31748,37360,34204,31000,29125,31254,30885,30960,28960,27180
32194,32801,32787,33295,32914,32281,37472,33920,33928,31748,37360,34204,31000,29125,31254,30885,30960,28960,27180
32728,32711,32651,33174,32811,32281,37472,33920,33928,31748,37360,34204,31000,29125,31254,30885,30960,28960,27180
33280,32637,32911,33148,32670,32396,37410,33888,33840,31880,37252,34386,31022,29260,31071,29862,30746,28944,27168
33546,32695,32833,33154,32187,32396,37410,33888,33840,31880,37252,34386,31022,29260,31071,29862,30746,28944,27168
33487,32751,32679,33217,33142,32396,37410,33888,33840,31880,37252,34386,31022,29260,31071,29862,30746,28944,27168
33547,32725,32903,33231,32425,32396,37410,33888,33840,31880,37252,34386,31022,29260,31071,29862,30746,28944,27168
33350,32677,32785,33187,32973,32396,37410,33888,33840,31880,37252,34386,31022,29260,31071,29862,30746,28944,27168
33229,32735,32775,33141,32826,32396,37410,33888,33840,31880,37252,34386,31022,29260,31071,29862,30746,28944,27168
32928,32719,32863,33172,33110,32396,37410,33888,33840,31880,37252,34386,31022,29260,31071,29862,30746,28944,27168
32619,32475,32730,33252,33107,32396,37410,33888,33840,31880,37252,34386,31022,29260,31071,29862,30746,28944,27168
32484,32623,32820,33217,33193,32396,37410,33888,33840,31880,37252,34386,31022,29260,31071,29862,30746,28944,27168
32488,32959,32735,32999,32988,32396,37410,33888,33840,31880,37252,34386,31022,29260,31071,29862,30746,28944,27168
32624,33104,32847,33043,32519,32706,37316,34024,33948,32216,37240,34504,31000,29324,30676,28512,32001,28868,27056
32898,33075,32853,33146,32727,32706,37316,34024,33948,32216,37240,34504,31000,29324,30676,28512,32001,28868,27056
33156,32903,32581,33117,32562,32706,37316,34024,33948,32216,37240,34504,31000,29324,30676,28512,32001,28868,27056
33218,32801,32847,33110,32765,32706,37316,34024,33948,32216,37240,34504,31000,29324,30676,28512,32001,28868,27056
33122,32720,32667,33208,32241,32706,37316,34024,33948,32216,37240,34504,31000,29324,30676,28512,32001,28868,27056
32920,32855,32543,33391,32423,32706,37316,34024,33948,32216,37240,34504,31000,29324,30676,28512,32001,28868,27056
32796,32763,32799,33395,32351,32706,37316,34024,33948,32216,37240,34504,31000,29324,30676,28512,32001,28868,27056
32822,32653,32701,33171,32735,32706,37316,34024,33948,32216,37240,34504,31000,29324,30676,28512,32001,28868,27056
32916,32683,32689,33126,32647,32706,37316,34024,33948,32216,37240,34504,31000,29324,30676,28512,32001,28868,27056
32878,32697,32805,33277,32889,32706,37316,34024,33948,32216,37240,34504,31000,29324,30676,28512,32001,28868,27056
32703,32658,32684,33260,32963,33024,37250,33968,33896,32476,37228,34468,31026,29512,30614,28174,33412,29049,29604
32501,32751,32857,33004,33015,33024,37250,33968,33896,32476,37228,34468,31026,29512,30614,28174,33412,29049,29604
32368,32851,32652,33165,33490,33024,37250,33968,33896,32476,37228,34468,31026,29512,30614,28174,33412,29049,29604
32425,32833,32903,33249,32927,33024,37250,33968,33896,32476,37228,34468,31026,29512,30614,28174,33412,29049,29604
32488,32877,32722,33148,32794,33024,37250,33968,33896,32476,37228,34468,31026,29512,30614,28174,33412,29049,29604
32523,32631,32723,33055,33156,33024,37250,33968,33896,32476,37228,34468,31026,29512,30614,28174,33412,29049,29604
32476,32263,32771,33171,33013,33024,37250,33968,33896,32476,37228,34468,31026,29512,30614,28174,33412,29049,29604
32535,32379,32709,33321,33263,33024,37250,33968,33896,32476,37228,34468,31026,29512,30614,28174,33412,29049,29604
32588,32741,32962,33271,33195,33024,37250,33968,33896,32476,37228,34468,31026,29512,30614,28174,33412,29049,29604
32670,33063,32791,33001,33015,33024,37250,33968,33896,32476,37228,34468,31026,29512,30614,28174,33412,29049,29604
32631,32851,32890,33056,32831,33272,37249,33960,33964,32480,37282,34416,31046,29481,30823,27609,30137,30793,30895
32574,32678,32626,33117,32923,33272,37249,33960,33964,32480,37282,34416,31046,29481,30823,27609,30137,30793,30895
32539,32835,32827,32973,32647,33272,37249,33960,33964,32480,37282,34416,31046,29481,30823,27609,30137,30793,30895
32497,32453,32656,33021,32847,33272,37249,33960,33964,32480,37282,34416,31046,29481,30823,27609,30137,30793,30895
32606,32359,32759,33103,32837,33272,37249,33960,33964,32480,37282,34416,31046,29481,30823,27609,30137,30793,30895
32707,32434,32883,33390,32662,33272,37249,33960,33964,32480,37282,34416,31046,29481,30823,27609,30137,30793,30895
32848,32789,32656,33287,32797,33272,37249,33960,33964,32480,37282,34416,31046,29481,30823,27609,30137,30793,30895
32906,33239,32827,33155,33066,33272,37249,33960,33964,32480,37282,34416,31046,29481,30823,27609,30137,30793,30895
32882,33307,32655,33375,32990,33272,37249,33960,33964,32480,37282,34416,31046,29481,30823,27609,30137,30793,30895
32850,33231,32855,33377,33071,33272,37249,33960,33964,32480,37282,34416,31046,29481,30823,27609,30137,30793,30895
32932,33003,32759,33167,32685,33272,37280,33980,33972,32372,37272,34365,31056,29480,30896,29172,30126,30673,30880
32943,32754,32859,33307,32679,33272,37280,33980,33972,32372,37272,34365,31056,29480,30896,29172,30126,30673,30880
32915,33015,32775,33323,32287,33272,37280,33980,33972,32372,37272,34365,31056,29480,30896,29172,30126,30673,30880
32971,33069,32799,33043,32290,33272,37280,33980,33972,32372,37272,34365,31056,29480,30896,29172,30126,30673,30880
32850,33062,32759,33044,32407,33272,37280,33980,33972,32372,37272,34365,31056,29480,30896,29172,30126,30673,30880
32880,33003,32671,33088,32607,33272,37280,33980,33972,32372,37272,34365,31056,29480,30896,29172,30126,30673,30880
32786,33053,32734,32903,32541,33272,37280,33980,33972,32372,37272,34365,31056,29480,30896,29172,30126,30673,30880
32689,32939,32741,32839,32495,33272,37280,33980,33972,32372,37272,34365,31056,29480,30896,29172,30126,30673,30880
32739,32725,32795,33205,32609,33272,37280,33980,33972,32372,37272,34365,31056,29480,30896,29172,30126,30673,30880
32700,32842,32663,33175,32373,33272,37280,33980,33972,32372,37272,34365,31056,29480,30896,29172,30126,30673,30880
32787,32876,32763,32863,32399,33112,37236,33917,33936,32196,37220,34242,31094,29608,30428,30264,31849,29880,28668
32748,32548,32683,32975,32277,33112,37236,33917,33936,32196,37220,34242,31094,29608,30428,30264,31849,29880,28668
32796,32263,32890,33095,31911,33112,37236,33917,33936,32196,37220,34242,31094,29608,30428,30264,31849,29880,28668
32736,32620,32703,33047,31692,33112,37236,33917,33936,32196,37220,34242,31094,29608,30428,30264,31849,29880,28668
32751,32877,32809,32901,31583,33112,37236,33917,33936,32196,37220,34242,31094,29608,30428,30264,31849,29880,28668
32782,32733,32591,33043,32103,33112,37236,33917,33936,32196,37220,34242,31094,29608,30428,30264,31849,29880,28668
32749,32689,32808,33251,32438,33112,37236,33917,33936,32196,37220,34242,31094,29608,30428,30264,31849,29880,28668
32760,32682,32643,33001,32764,33112,37236,33917,33936,32196,37220,34242,31094,29608,30428,30264,31849,29880,28668
32821,32679,32809,33103,33325,33112,37236,33917,33936,32196,37220,34242,31094,29608,30428,30264,31849,29880,28668
32805,32615,32710,33279,33991,33112,37236,33917,33936,32196,37220,34242,31094,29608,30428,30264,31849,29880,28668
32805,32605,32842,33381,33575,32902,37248,33904,34160,32044,37174,34284,31064,29508,30712,30357,30240,29504,28201
32832,32669,32686,33129,33565,32902,37248,33904,34160,32044,37174,34284,31064,29508,30712,30357,30240,29504,28201
32754,32519,32839,33241,33011,32902,37248,33904,34160,32044,37174,34284,31064,29508,30712,30357,30240,29504,28201
32733,32567,32763,33399,33039,32902,37248,33904,34160,32044,37174,34284,31064,29508,30712,30357,30240,29504,28201
32756,32523,32699,33510,32430,32902,37248,33904,34160,32044,37174,34284,31064,29508,30712,30357,30240,29504,28201
32717,32631,32768,33151,32564,32902,37248,33904,34160,32044,37174,34284,31064,29508,30712,30357,30240,29504,28201
32690,32659,32652,33361,33027,32902,37248,33904,34160,32044,37174,34284,31064,29508,30712,30357,30240,29504,28201
32716,32747,32838,33295,33817,32902,37248,33904,34160,32044,37174,34284,31064,29508,30712,30357,30240,29504,28201
32722,32825,32684,33167,33821,32902,37248,33904,34160,32044,37174,34284,31064,29508,30712,30357,30240,29504,28201
32610,32851,32873,33059,34529,32902,37248,33904,34160,32044,37174,34284,31064,29508,30712,30357,30240,29504,28201
32472,32836,32629,33203,34537,32834,37304,34002,34016,32052,37164,34246,31120,29304,30889,29564,29577,29788,27513
32466,32829,32722,33327,34713,32834,37304,34002,34016,32052,37164,34246,31120,29304,30889,29564,29577,29788,27513
32552,32813,32826,33395,33870,32834,37304,34002,34016,32052,37164,34246,31120,29304,30889,29564,29577,29788,27513
32665,32791,32745,32987,33497,32834,37304,34002,34016,32052,37164,34246,31120,29304,30889,29564,29577,29788,27513
32747,32801,32885,33225,32979,32834,37304,34002,34016,32052,37164,34246,31120,29304,30889,29564,29577,29788,27513
33092,32743,32701,33213,31879,32834,37304,34002,34016,32052,37164,34246,31120,29304,30889,29564,29577,29788,27513
33429,32797,32869,33157,31365,32834,37304,34002,34016,32052,37164,34246,31120,29304,30889,29564,29577,29788,27513
33424,32908,32650,33039,30969,32834,37304,34002,34016,32052,37164,34246,31120,29304,30889,29564,29577,29788,27513
33296,32851,32903,33379,30951,32834,37304,34002,34016,32052,37164,34246,31120,29304,30889,29564,29577,29788,27513
33202,32809,32702,33372,31346,32834,37304,34002,34016,32052,37164,34246,31120,29304,30889,29564,29577,29788,27513
32975,32687,32720,33231,31453,32778,37324,33976,34027,32084,37196,34184,31130,28938,30784,29496,33808,29653,29356
32406,32589,32775,33156,32246,32778,37324,33976,34027,32084,37196,34184,31130,28938,30784,29496,33808,29653,29356
32079,32626,32558,33279,32559,32778,37324,33976,34027,32084,37196,34184,31130,28938,30784,29496,33808,29653,29356
32358,32786,32747,33329,33335,32778,37324,33976,34027,32084,37196,34184,31130,28938,30784,29496,33808,29653,29356
32570,32923,32611,33181,33715,32778,37324,33976,34027,32084,37196,34184,31130,28938,30784,29496,33808,29653,29356
32595,32865,32891,32988,33563,32778,37324,33976,34027,32084,37196,34184,31130,28938,30784,29496,33808,29653,29356
32681,32839,32679,33261,33632,32778,37324,33976,34027,32084,37196,34184,31130,28938,30784,29496,33808,29653,29356
32834,32855,32724,33255,33719,32778,37324,33976,34027,32084,37196,34184,31130,28938,30784,29496,33808,29653,29356
32721,32894,32807,33319,32996,32778,37324,33976,34027,32084,37196,34184,31130,28938,30784,29496,33808,29653,29356
32792,32641,32630,32991,33250,32778,37324,33976,34027,32084,37196,34184,31130,28938,30784,29496,33808,29653,29356
32854,32549,32903,33250,32837,32760,37408,33974,34208,32182,37220,34186,31132,28776,30677,28545,29572,27144,27036
33070,32327,32595,33243,32373,32760,37408,33974,34208,32182,37220,34186,31132,28776,30677,28545,29572,27144,27036
33174,32655,32865,33143,31710,32760,37408,33974,34208,32182,37220,34186,31132,28776,30677,28545,29572,27144,27036
33318,32972,32719,32919,31546,32760,37408,33974,34208,32182,37220,34186,31132,28776,30677,28545,29572,27144,27036
33159,33229,32887,32929,31100,32760,37408,33974,34208,32182,37220,34186,31132,28776,30677,28545,29572,27144,27036
32850,33247,32922,33086,31521,32760,37408,33974,34208,32182,37220,34186,31132,28776,30677,28545,29572,27144,27036
32452,33011,32703,33038,32061,32760,37408,33974,34208,32182,37220,34186,31132,28776,30677,28545,29572,27144,27036
32423,32850,32927,33204,32727,32760,37408,33974,34208,32182,37220,34186,31132,28776,30677,28545,29572,27144,27036
32474,32719,32653,32943,34450,32760,37408,33974,34208,32182,37220,34186,31132,28776,30677,28545,29572,27144,27036
32672,32687,32795,33083,35966,32760,37408,33974,34208,32182,37220,34186,31132,28776,30677,28545,29572,27144,27036
32837,32735,32678,33147,36407,32788,37410,33916,34216,32264,37274,34178,31168,28984,30348,27557,30148,29831,29073
32845,32628,32686,32943,36027,32788,37410,33916,34216,32264,37274,34178,31168,28984,30348,27557,30148,29831,29073
32822,32559,32758,32882,34229,32788,37410,33916,34216,32264,37274,34178,31168,28984,30348,27557,30148,29831,29073
32841,32603,32589,32943,32087,32788,37410,33916,34216,32264,37274,34178,31168,28984,30348,27557,30148,29831,29073
32914,32551,32775,32995,30380,32788,37410,33916,34216,32264,37274,34178,31168,28984,30348,27557,30148,29831,29073
32932,32549,32594,32895,29693,32788,37410,33916,34216,32264,37274,34178,31168,28984,30348,27557,30148,29831,29073
32936,32551,32903,32833,29670,32788,37410,33916,34216,32264,37274,34178,31168,28984,30348,27557,30148,29831,29073
32954,32631,32742,33103,30319,32788,37410,33916,34216,32264,37274,34178,31168,28984,30348,27557,30148,29831,29073
32916,32745,32843,33147,31251,32788,37410,33916,34216,32264,37274,34178,31168,28984,30348,27557,30148,29831,29073
