32905,32786,32245,33022,32615,32748,37492,33792,35484,32068,36905,34570,25836,28444,24978,27819,34916,38749,27352
31983,32593,31963,33209,32783,32748,37492,33792,35484,32068,36905,34570,25836,28444,24978,27819,34916,38749,27352
31972,32775,32027,33385,32695,32748,37492,33792,35484,32068,36905,34570,25836,28444,24978,27819,34916,38749,27352
32957,32760,31967,33031,32711,32748,37492,33792,35484,32068,36905,34570,25836,28444,24978,27819,34916,38749,27352
32837,32677,31994,33343,32799,32748,37492,33792,35484,32068,36905,34570,25836,28444,24978,27819,34916,38749,27352
32402,32813,32207,33058,32847,32748,37492,33792,35484,32068,36905,34570,25836,28444,24978,27819,34916,38749,27352
32804,32671,32415,33420,32763,32748,37492,33792,35484,32068,36905,34570,25836,28444,24978,27819,34916,38749,27352
33023,32855,32559,33014,32877,32748,37492,33792,35484,32068,36905,34570,25836,28444,24978,27819,34916,38749,27352
32220,32677,32387,33112,32763,32748,37492,33792,35484,32068,36905,34570,25836,28444,24978,27819,34916,38749,27352
31801,32803,32295,33083,32839,32748,37492,33792,35484,32068,36905,34570,25836,28444,24978,27819,34916,38749,27352
31143,32855,32339,32741,32817,33059,37168,33892,35536,32152,36764,34492,25808,27876,25574,27964,33949,36121,26000
30160,39663,32479,33053,32699,33059,37168,33892,35536,32152,36764,34492,25808,27876,25574,27964,33949,36121,26000
30141,41716,32710,32891,32829,33059,37168,33892,35536,32152,36764,34492,25808,27876,25574,27964,33949,36121,26000
30860,45085,32543,32874,32815,33059,37168,33892,35536,32152,36764,34492,25808,27876,25574,27964,33949,36121,26000
31505,49156,32293,33073,32971,33059,37168,33892,35536,32152,36764,34492,25808,27876,25574,27964,33949,36121,26000
32315,50044,32092,32872,51398,33059,37168,33892,35536,32152,36764,34492,25808,27876,25574,27964,33949,36121,26000
32850,49325,31813,33206,39540,33059,37168,33892,35536,32152,36764,34492,25808,27876,25574,27964,33949,36121,26000
33052,46160,31643,32952,22853,33059,37168,33892,35536,32152,36764,34492,25808,27876,25574,27964,33949,36121,26000
32876,42140,31238,33147,11635,33059,37168,33892,35536,32152,36764,34492,25808,27876,25574,27964,33949,36121,26000
32989,37301,31001,33103,13506,33059,37168,33892,35536,32152,36764,34492,25808,27876,25574,27964,33949,36121,26000
33637,33243,30921,33154,25784,33168,36984,33590,35576,31858,36820,34584,25760,27388,26074,28100,34202,37640,26424
33668,29906,31084,33401,35655,33168,36984,33590,35576,31858,36820,34584,25760,27388,26074,28100,34202,37640,26424
32579,27226,31279,33017,38872,33168,36984,33590,35576,31858,36820,34584,25760,27388,26074,28100,34202,37640,26424
31947,25305,31598,33420,40311,33168,36984,33590,35576,31858,36820,34584,25760,27388,26074,28100,34202,37640,26424
31550,24393,31536,33061,42147,33168,36984,33590,35576,31858,36820,34584,25760,27388,26074,28100,34202,37640,26424
31353,24127,31431,33251,40194,33168,36984,33590,35576,31858,36820,34584,25760,27388,26074,28100,34202,37640,26424
31728,26233,31439,33343,37383,33168,36984,33590,35576,31858,36820,34584,25760,27388,26074,28100,34202,37640,26424
32144,29724,31461,32907,37183,33168,36984,33590,35576,31858,36820,34584,25760,27388,26074,28100,34202,37640,26424
32151,32853,31401,32985,35538,33168,36984,33590,35576,31858,36820,34584,25760,27388,26074,28100,34202,37640,26424
31997,35933,31463,32623,31003,33168,36984,33590,35576,31858,36820,34584,25760,27388,26074,28100,34202,37640,26424
32189,38831,31652,33053,31093,33088,37120,33584,35592,31660,36737,34692,25601,27000,27108,28408,34058,38037,25605
32085,41733,31721,32831,33517,33088,37120,33584,35592,31660,36737,34692,25601,27000,27108,28408,34058,38037,25605
31999,43661,31780,32939,33324,33088,37120,33584,35592,31660,36737,34692,25601,27000,27108,28408,34058,38037,25605
32482,45209,32228,32673,30696,33088,37120,33584,35592,31660,36737,34692,25601,27000,27108,28408,34058,38037,25605
32887,45729,32464,32121,27791,33088,37120,33584,35592,31660,36737,34692,25601,27000,27108,28408,34058,38037,25605
33004,44122,32678,32386,27529,33088,37120,33584,35592,31660,36737,34692,25601,27000,27108,28408,34058,38037,25605
32782,42119,32783,32581,29331,33088,37120,33584,35592,31660,36737,34692,25601,27000,27108,28408,34058,38037,25605
31952,41165,32917,32674,32300,33088,37120,33584,35592,31660,36737,34692,25601,27000,27108,28408,34058,38037,25605
32099,39991,33547,33039,33299,33088,37120,33584,35592,31660,36737,34692,25601,27000,27108,28408,34058,38037,25605
32909,38714,33761,32926,32596,33088,37120,33584,35592,31660,36737,34692,25601,27000,27108,28408,34058,38037,25605
33427,37095,33601,32858,31830,33064,37304,33712,35643,31848,36864,34552,25580,26940,27924,28046,30847,34249,23512
32696,35791,33170,32785,31763,33064,37304,33712,35643,31848,36864,34552,25580,26940,27924,28046,30847,34249,23512
32699,35043,33124,32589,32564,33064,37304,33712,35643,31848,36864,34552,25580,26940,27924,28046,30847,34249,23512
32912,34215,33634,32882,33175,33064,37304,33712,35643,31848,36864,34552,25580,26940,27924,28046,30847,34249,23512
33284,33621,33836,33257,33014,33064,37304,33712,35643,31848,36864,34552,25580,26940,27924,28046,30847,34249,23512
33307,34081,33543,33559,33787,33064,37304,33712,35643,31848,36864,34552,25580,26940,27924,28046,30847,34249,23512
32996,34959,33197,33629,33563,33064,37304,33712,35643,31848,36864,34552,25580,26940,27924,28046,30847,34249,23512
32855,35971,33077,33279,33287,33064,37304,33712,35643,31848,36864,34552,25580,26940,27924,28046,30847,34249,23512
32415,36426,33017,33191,33915,33064,37304,33712,35643,31848,36864,34552,25580,26940,27924,28046,30847,34249,23512
32763,38071,33017,32607,35419,33064,37304,33712,35643,31848,36864,34552,25580,26940,27924,28046,30847,34249,23512
33020,40178,33045,32445,33754,33368,37232,34020,35536,31724,36964,34568,25469,27312,27826,27214,30332,33295,21889
33536,42834,33119,32939,33694,33368,37232,34020,35536,31724,36964,34568,25469,27312,27826,27214,30332,33295,21889
33772,43847,33157,32926,31973,33368,37232,34020,35536,31724,36964,34568,25469,27312,27826,27214,30332,33295,21889
33837,44877,33135,33310,31853,33368,37232,34020,35536,31724,36964,34568,25469,27312,27826,27214,30332,33295,21889
33093,45439,33064,33213,32655,33368,37232,34020,35536,31724,36964,34568,25469,27312,27826,27214,30332,33295,21889
32909,45846,33005,33107,32366,33368,37232,34020,35536,31724,36964,34568,25469,27312,27826,27214,30332,33295,21889
32997,46917,32938,33087,31374,33368,37232,34020,35536,31724,36964,34568,25469,27312,27826,27214,30332,33295,21889
32865,47969,32954,32980,31198,33368,37232,34020,35536,31724,36964,34568,25469,27312,27826,27214,30332,33295,21889
32611,48807,33011,33052,30989,33368,37232,34020,35536,31724,36964,34568,25469,27312,27826,27214,30332,33295,21889
32460,48703,33101,33237,31616,33368,37232,34020,35536,31724,36964,34568,25469,27312,27826,27214,30332,33295,21889
32384,46982,33213,32987,32815,33850,37058,34236,35432,31972,36912,35064,25445,27784,27673,27284,30712,35024,21972
31378,45055,33247,33313,33086,33850,37058,34236,35432,31972,36912,35064,25445,27784,27673,27284,30712,35024,21972
31015,43671,32901,33165,33081,33850,37058,34236,35432,31972,36912,35064,25445,27784,27673,27284,30712,35024,21972
31364,42018,32969,33166,33305,33850,37058,34236,35432,31972,36912,35064,25445,27784,27673,27284,30712,35024,21972
32306,40982,33043,33319,33079,33850,37058,34236,35432,31972,36912,35064,25445,27784,27673,27284,30712,35024,21972
32399,40071,32995,33166,33449,33850,37058,34236,35432,31972,36912,35064,25445,27784,27673,27284,30712,35024,21972
32164,39023,32684,33203,33857,33850,37058,34236,35432,31972,36912,35064,25445,27784,27673,27284,30712,35024,21972
31300,38308,32466,33306,33391,33850,37058,34236,35432,31972,36912,35064,25445,27784,27673,27284,30712,35024,21972
31574,37686,32584,33071,33575,33850,37058,34236,35432,31972,36912,35064,25445,27784,27673,27284,30712,35024,21972
31820,36961,32833,33394,33075,33850,37058,34236,35432,31972,36912,35064,25445,27784,27673,27284,30712,35024,21972
31958,36309,32775,33471,32921,34256,36732,33960,35450,32580,36840,35240,25320,28441,28400,27816,31947,34525,22920
32089,35965,32863,33475,32679,34256,36732,33960,35450,32580,36840,35240,25320,28441,28400,27816,31947,34525,22920
32533,35679,33021,33224,32943,34256,36732,33960,35450,32580,36840,35240,25320,28441,28400,27816,31947,34525,22920
33162,35127,33043,33382,32630,34256,36732,33960,35450,32580,36840,35240,25320,28441,28400,27816,31947,34525,22920
33245,35059,32887,33204,33030,34256,36732,33960,35450,32580,36840,35240,25320,28441,28400,27816,31947,34525,22920
33399,34711,32877,33429,32994,34256,36732,33960,35450,32580,36840,35240,25320,28441,28400,27816,31947,34525,22920
33834,34519,32805,33430,32473,34256,36732,33960,35450,32580,36840,35240,25320,28441,28400,27816,31947,34525,22920
33540,34347,32807,33423,32393,34256,36732,33960,35450,32580,36840,35240,25320,28441,28400,27816,31947,34525,22920
33317,34151,32807,33394,31998,34256,36732,33960,35450,32580,36840,35240,25320,28441,28400,27816,31947,34525,22920
33161,33959,32743,33491,31707,34256,36732,33960,35450,32580,36840,35240,25320,28441,28400,27816,31947,34525,22920
32561,33757,32679,33559,32365,34692,36456,33728,35554,33170,36850,35486,25206,29132,29960,28328,32158,34876,25920
32869,33586,32987,33563,32686,34692,36456,33728,35554,33170,36850,35486,25206,29132,29960,28328,32158,34876,25920
33479,33447,33071,33548,33111,34692,36456,33728,35554,33170,36850,35486,25206,29132,29960,28328,32158,34876,25920
33893,33351,33067,33526,32858,34692,36456,33728,35554,33170,36850,35486,25206,29132,29960,28328,32158,34876,25920
33823,33343,33123,33210,32918,34692,36456,33728,35554,33170,36850,35486,25206,29132,29960,28328,32158,34876,25920
34447,33406,33090,33223,33183,34692,36456,33728,35554,33170,36850,35486,25206,29132,29960,28328,32158,34876,25920
34766,33398,32787,33375,33477,34692,36456,33728,35554,33170,36850,35486,25206,29132,29960,28328,32158,34876,25920
35059,33326,32551,33401,33671,34692,36456,33728,35554,33170,36850,35486,25206,29132,29960,28328,32158,34876,25920
34358,33285,32353,33467,33226,34692,36456,33728,35554,33170,36850,35486,25206,29132,29960,28328,32158,34876,25920
33381,33267,32163,33461,33362,34692,36456,33728,35554,33170,36850,35486,25206,29132,29960,28328,32158,34876,25920
32911,33231,32263,33495,32505,35040,36389,33544,35581,33548,36772,35824,25116,29479,31342,30112,27933,31170,29500
32840,33187,32441,33516,32582,35040,36389,33544,35581,33548,36772,35824,25116,29479,31342,30112,27933,31170,29500
33306,32993,32679,33133,32291,35040,36389,33544,35581,33548,36772,35824,25116,29479,31342,30112,27933,31170,29500
33374,32973,32895,33275,32915,35040,36389,33544,35581,33548,36772,35824,25116,29479,31342,30112,27933,31170,29500
33230,32966,32866,32861,32741,35040,36389,33544,35581,33548,36772,35824,25116,29479,31342,30112,27933,31170,29500
32664,32959,32847,32584,32566,35040,36389,33544,35581,33548,36772,35824,25116,29479,31342,30112,27933,31170,29500
32441,29334,32825,32667,32652,35040,36389,33544,35581,33548,36772,35824,25116,29479,31342,30112,27933,31170,29500
32294,26459,32904,32906,32889,35040,36389,33544,35581,33548,36772,35824,25116,29479,31342,30112,27933,31170,29500
32197,24961,32839,33035,36374,35040,36389,33544,35581,33548,36772,35824,25116,29479,31342,30112,27933,31170,29500
32245,24450,33062,33178,31275,35040,36389,33544,35581,33548,36772,35824,25116,29479,31342,30112,27933,31170,29500
32387,23907,33161,33202,29509,35328,36498,33698,35616,33769,36648,35956,25152,29541,32238,32328,27842,33224,31293
32459,23853,33002,33047,32826,35328,36498,33698,35616,33769,36648,35956,25152,29541,32238,32328,27842,33224,31293
32946,24313,33141,32962,32918,35328,36498,33698,35616,33769,36648,35956,25152,29541,32238,32328,27842,33224,31293
33228,24883,33409,33166,33351,35328,36498,33698,35616,33769,36648,35956,25152,29541,32238,32328,27842,33224,31293
32820,25063,33511,33319,33557,35328,36498,33698,35616,33769,36648,35956,25152,29541,32238,32328,27842,33224,31293
32672,26030,33202,33175,32989,35328,36498,33698,35616,33769,36648,35956,25152,29541,32238,32328,27842,33224,31293
32930,26933,33100,33221,32919,35328,36498,33698,35616,33769,36648,35956,25152,29541,32238,32328,27842,33224,31293
32868,27575,33104,33153,33251,35328,36498,33698,35616,33769,36648,35956,25152,29541,32238,32328,27842,33224,31293
32784,28210,33075,33439,34211,35328,36498,33698,35616,33769,36648,35956,25152,29541,32238,32328,27842,33224,31293
32760,28349,33230,33143,33727,35328,36498,33698,35616,33769,36648,35956,25152,29541,32238,32328,27842,33224,31293
32379,28598,33182,33564,33341,35564,36605,33760,35538,33764,36564,36264,25078,29920,32517,34414,26508,31753,33143
32635,28653,33214,33249,32289,35564,36605,33760,35538,33764,36564,36264,25078,29920,32517,34414,26508,31753,33143
32694,28803,33215,33427,32614,35564,36605,33760,35538,33764,36564,36264,25078,29920,32517,34414,26508,31753,33143
32575,28844,33158,33007,32827,35564,36605,33760,35538,33764,36564,36264,25078,29920,32517,34414,26508,31753,33143
32135,29217,33063,33151,32766,35564,36605,33760,35538,33764,36564,36264,25078,29920,32517,34414,26508,31753,33143
32214,28617,33179,32799,32819,35564,36605,33760,35538,33764,36564,36264,25078,29920,32517,34414,26508,31753,33143
32356,27721,33312,32836,31657,35564,36605,33760,35538,33764,36564,36264,25078,29920,32517,34414,26508,31753,33143
32572,25599,33439,33138,31679,35564,36605,33760,35538,33764,36564,36264,25078,29920,32517,34414,26508,31753,33143
32877,22870,33507,33243,32717,35564,36605,33760,35538,33764,36564,36264,25078,29920,32517,34414,26508,31753,33143
33077,21251,33511,33479,31683,35564,36605,33760,35538,33764,36564,36264,25078,29920,32517,34414,26508,31753,33143
33211,20826,33537,33335,32158,35552,36692,33588,35398,33678,36488,36427,25024,30381,31980,36364,26932,35280,34400
33053,21590,33389,33525,32998,35552,36692,33588,35398,33678,36488,36427,25024,30381,31980,36364,26932,35280,34400
32928,22810,33327,33233,33707,35552,36692,33588,35398,33678,36488,36427,25024,30381,31980,36364,26932,35280,34400
32621,23783,33340,33055,33498,35552,36692,33588,35398,33678,36488,36427,25024,30381,31980,36364,26932,35280,34400
32367,24120,33459,33334,33631,35552,36692,33588,35398,33678,36488,36427,25024,30381,31980,36364,26932,35280,34400
32409,24519,33430,33191,33042,35552,36692,33588,35398,33678,36488,36427,25024,30381,31980,36364,26932,35280,34400
32486,24965,33383,33156,33687,35552,36692,33588,35398,33678,36488,36427,25024,30381,31980,36364,26932,35280,34400
32618,25111,33423,33217,32853,35552,36692,33588,35398,33678,36488,36427,25024,30381,31980,36364,26932,35280,34400
32885,24205,33447,33117,32608,35552,36692,33588,35398,33678,36488,36427,25024,30381,31980,36364,26932,35280,34400
33292,23380,33252,33376,32630,35552,36692,33588,35398,33678,36488,36427,25024,30381,31980,36364,26932,35280,34400
33659,22138,33088,33521,31855,35144,36796,33680,35588,33427,36606,36097,24984,30415,31492,35864,25958,32314,37064
33948,21371,33060,33657,31938,35144,36796,33680,35588,33427,36606,36097,24984,30415,31492,35864,25958,32314,37064
33911,21451,32905,33986,32743,35144,36796,33680,35588,33427,36606,36097,24984,30415,31492,35864,25958,32314,37064
33344,21415,32775,33605,32014,35144,36796,33680,35588,33427,36606,36097,24984,30415,31492,35864,25958,32314,37064
33154,21477,32735,33418,32071,35144,36796,33680,35588,33427,36606,36097,24984,30415,31492,35864,25958,32314,37064
32981,21848,32625,33098,32050,35144,36796,33680,35588,33427,36606,36097,24984,30415,31492,35864,25958,32314,37064
32612,22407,32715,32495,32731,35144,36796,33680,35588,33427,36606,36097,24984,30415,31492,35864,25958,32314,37064
32201,23093,32820,31845,32923,35144,36796,33680,35588,33427,36606,36097,24984,30415,31492,35864,25958,32314,37064
32014,24071,32711,32031,33737,35144,36796,33680,35588,33427,36606,36097,24984,30415,31492,35864,25958,32314,37064
32046,24962,32649,31949,33903,35144,36796,33680,35588,33427,36606,36097,24984,30415,31492,35864,25958,32314,37064
31969,26383,32897,31936,33889,34553,37032,33692,35482,32956,36728,35955,24840,30536,31914,34652,29016,34550,32961
32307,28046,32999,32299,33895,34553,37032,33692,35482,32956,36728,35955,24840,30536,31914,34652,29016,34550,32961
32658,29716,33207,32839,34006,34553,37032,33692,35482,32956,36728,35955,24840,30536,31914,34652,29016,34550,32961
32938,31387,33401,33205,33330,34553,37032,33692,35482,32956,36728,35955,24840,30536,31914,34652,29016,34550,32961
32791,32977,33262,33497,32794,34553,37032,33692,35482,32956,36728,35955,24840,30536,31914,34652,29016,34550,32961
32732,34483,33141,33724,32757,34553,37032,33692,35482,32956,36728,35955,24840,30536,31914,34652,29016,34550,32961
32698,35802,32813,33712,32285,34553,37032,33692,35482,32956,36728,35955,24840,30536,31914,34652,29016,34550,32961
32743,37293,32758,33415,31840,34553,37032,33692,35482,32956,36728,35955,24840,30536,31914,34652,29016,34550,32961
32727,38535,32608,33243,31692,34553,37032,33692,35482,32956,36728,35955,24840,30536,31914,34652,29016,34550,32961
32187,39474,32578,33107,32065,34553,37032,33692,35482,32956,36728,35955,24840,30536,31914,34652,29016,34550,32961
32021,40239,32535,33229,31789,34120,37308,33674,35400,32552,37072,35612,24840,30460,32048,33848,25200,29068,35556
32887,40610,32684,33373,32407,34120,37308,33674,35400,32552,37072,35612,24840,30460,32048,33848,25200,29068,35556
33703,40941,32510,33402,32575,34120,37308,33674,35400,32552,37072,35612,24840,30460,32048,33848,25200,29068,35556
33548,40831,32286,33249,32134,34120,37308,33674,35400,32552,37072,35612,24840,30460,32048,33848,25200,29068,35556
33357,40555,32162,33159,32582,34120,37308,33674,35400,32552,37072,35612,24840,30460,32048,33848,25200,29068,35556
33360,39942,32098,33139,33181,34120,37308,33674,35400,32552,37072,35612,24840,30460,32048,33848,25200,29068,35556
32795,39175,32083,33206,33331,34120,37308,33674,35400,32552,37072,35612,24840,30460,32048,33848,25200,29068,35556
32422,38235,32175,33323,33069,34120,37308,33674,35400,32552,37072,35612,24840,30460,32048,33848,25200,29068,35556
32205,37035,32322,33407,33235,34120,37308,33674,35400,32552,37072,35612,24840,30460,32048,33848,25200,29068,35556
31674,35703,32399,33473,33071,34120,37308,33674,35400,32552,37072,35612,24840,30460,32048,33848,25200,29068,35556
31563,34695,32396,33257,33394,33916,37489,33994,35632,32424,37280,35704,24832,30670,31440,32540,25970,28444,33294
31649,33775,32427,33005,33214,33916,37489,33994,35632,32424,37280,35704,24832,30670,31440,32540,25970,28444,33294
31858,33195,32563,32851,33343,33916,37489,33994,35632,32424,37280,35704,24832,30670,31440,32540,25970,28444,33294
31983,32519,32597,32855,33325,33916,37489,33994,35632,32424,37280,35704,24832,30670,31440,32540,25970,28444,33294
32356,32143,32663,33151,33135,33916,37489,33994,35632,32424,37280,35704,24832,30670,31440,32540,25970,28444,33294
32728,31834,32898,33389,32751,33916,37489,33994,35632,32424,37280,35704,24832,30670,31440,32540,25970,28444,33294
33112,31545,32937,33363,32827,33916,37489,33994,35632,32424,37280,35704,24832,30670,31440,32540,25970,28444,33294
33131,31663,32665,33167,32725,33916,37489,33994,35632,32424,37280,35704,24832,30670,31440,32540,25970,28444,33294
32900,31703,32387,33064,32375,33916,37489,33994,35632,32424,37280,35704,24832,30670,31440,32540,25970,28444,33294
32774,31615,32207,33095,32615,33916,37489,33994,35632,32424,37280,35704,24832,30670,31440,32540,25970,28444,33294
32743,31791,32455,33109,32426,33852,37696,34032,35552,32698,37234,35945,24712,30944,31261,32710,28552,30240,33728
32812,32195,32513,32915,32310,33852,37696,34032,35552,32698,37234,35945,24712,30944,31261,32710,28552,30240,33728
32717,32303,32557,32806,32223,33852,37696,34032,35552,32698,37234,35945,24712,30944,31261,32710,28552,30240,33728
32583,32696,32619,32882,32310,33852,37696,34032,35552,32698,37234,35945,24712,30944,31261,32710,28552,30240,33728
32400,33147,32795,33311,32491,33852,37696,34032,35552,32698,37234,35945,24712,30944,31261,32710,28552,30240,33728
32328,33607,32848,33578,32687,33852,37696,34032,35552,32698,37234,35945,24712,30944,31261,32710,28552,30240,33728
32293,35150,32922,33321,32967,33852,37696,34032,35552,32698,37234,35945,24712,30944,31261,32710,28552,30240,33728
32334,38326,32957,33239,32927,33852,37696,34032,35552,32698,37234,35945,24712,30944,31261,32710,28552,30240,33728
32397,40103,32945,33228,33022,33852,37696,34032,35552,32698,37234,35945,24712,30944,31261,32710,28552,30240,33728
32449,39558,32943,33157,32635,33852,37696,34032,35552,32698,37234,35945,24712,30944,31261,32710,28552,30240,33728
32508,38319,33087,33014,32817,33629,37788,33885,35480,32656,37240,35636,24781,31282,31936,32443,28892,32788,31764
32838,35659,33035,33285,32726,33629,37788,33885,35480,32656,37240,35636,24781,31282,31936,32443,28892,32788,31764
33260,33359,32954,33376,32823,33629,37788,33885,35480,32656,37240,35636,24781,31282,31936,32443,28892,32788,31764
33493,31207,32720,33078,33138,33629,37788,33885,35480,32656,37240,35636,24781,31282,31936,32443,28892,32788,31764
33488,29768,32639,33027,33080,33629,37788,33885,35480,32656,37240,35636,24781,31282,31936,32443,28892,32788,31764
33447,29166,32583,32833,32914,33629,37788,33885,35480,32656,37240,35636,24781,31282,31936,32443,28892,32788,31764
33240,27241,32462,32819,32924,33629,37788,33885,35480,32656,37240,35636,24781,31282,31936,32443,28892,32788,31764
32769,25320,32372,32431,33019,33629,37788,33885,35480,32656,37240,35636,24781,31282,31936,32443,28892,32788,31764
32867,24485,32311,32732,32683,33629,37788,33885,35480,32656,37240,35636,24781,31282,31936,32443,28892,32788,31764
32839,24769,32431,33157,32923,33629,37788,33885,35480,32656,37240,35636,24781,31282,31936,32443,28892,32788,31764
32510,25621,32551,33067,32428,33584,37708,34056,35496,32444,37186,35800,24766,31800,32832,32146,27130,29668,32408
32358,26835,32518,33410,32820,33584,37708,34056,35496,32444,37186,35800,24766,31800,32832,32146,27130,29668,32408
32545,28066,32419,33163,33317,33584,37708,34056,35496,32444,37186,35800,24766,31800,32832,32146,27130,29668,32408
32465,29343,32247,33519,32899,33584,37708,34056,35496,32444,37186,35800,24766,31800,32832,32146,27130,29668,32408
32588,30649,32359,33484,32767,33584,37708,34056,35496,32444,37186,35800,24766,31800,32832,32146,27130,29668,32408
32719,32091,32549,33751,32668,33584,37708,34056,35496,32444,37186,35800,24766,31800,32832,32146,27130,29668,32408
32732,33255,32728,33207,32727,33584,37708,34056,35496,32444,37186,35800,24766,31800,32832,32146,27130,29668,32408
32709,34487,33154,32274,32839,33584,37708,34056,35496,32444,37186,35800,24766,31800,32832,32146,27130,29668,32408
32866,35149,33462,32673,32614,33584,37708,34056,35496,32444,37186,35800,24766,31800,32832,32146,27130,29668,32408
32886,35747,33352,32861,32689,33584,37708,34056,35496,32444,37186,35800,24766,31800,32832,32146,27130,29668,32408
32917,35442,33173,32869,32537,33500,37616,34502,35470,32301,37178,36012,24800,32505,33924,31780,28936,29324,38197
32656,35041,33303,34155,32675,33500,37616,34502,35470,32301,37178,36012,24800,32505,33924,31780,28936,29324,38197
32453,34807,33177,34002,33015,33500,37616,34502,35470,32301,37178,36012,24800,32505,33924,31780,28936,29324,38197
32472,34717,32802,33326,33193,33500,37616,34502,35470,32301,37178,36012,24800,32505,33924,31780,28936,29324,38197
32639,34633,32887,32973,32920,33500,37616,34502,35470,32301,37178,36012,24800,32505,33924,31780,28936,29324,38197
32679,35127,33115,32236,32891,33500,37616,34502,35470,32301,37178,36012,24800,32505,33924,31780,28936,29324,38197
32690,35501,33047,32431,32748,33500,37616,34502,35470,32301,37178,36012,24800,32505,33924,31780,28936,29324,38197
32740,36423,32813,32831,32678,33500,37616,34502,35470,32301,37178,36012,24800,32505,33924,31780,28936,29324,38197
32905,36950,32797,33251,33103,33500,37616,34502,35470,32301,37178,36012,24800,32505,33924,31780,28936,29324,38197
33281,37779,32789,33206,32806,33500,37616,34502,35470,32301,37178,36012,24800,32505,33924,31780,28936,29324,38197
33773,38639,32582,32833,32704,33584,37468,34852,35642,32244,36984,36348,24734,32884,34552,32380,29580,28460,30324
33839,39208,32487,32348,32786,33584,37468,34852,35642,32244,36984,36348,24734,32884,34552,32380,29580,28460,30324
33634,39768,32215,32492,32949,33584,37468,34852,35642,32244,36984,36348,24734,32884,34552,32380,29580,28460,30324
33468,39766,32162,32735,32903,33584,37468,34852,35642,32244,36984,36348,24734,32884,34552,32380,29580,28460,30324
33312,40091,32253,33202,32855,33584,37468,34852,35642,32244,36984,36348,24734,32884,34552,32380,29580,28460,30324
33225,39607,32323,33331,33103,33584,37468,34852,35642,32244,36984,36348,24734,32884,34552,32380,29580,28460,30324
33124,39578,32167,33663,33255,33584,37468,34852,35642,32244,36984,36348,24734,32884,34552,32380,29580,28460,30324
32516,39255,32066,33099,33134,33584,37468,34852,35642,32244,36984,36348,24734,32884,34552,32380,29580,28460,30324
32148,39109,32078,33451,32927,33584,37468,34852,35642,32244,36984,36348,24734,32884,34552,32380,29580,28460,30324
32309,38426,32147,33366,32573,33584,37468,34852,35642,32244,36984,36348,24734,32884,34552,32380,29580,28460,30324
32377,38329,32235,33135,32503,33581,37236,34956,35580,32326,36912,36717,24813,33256,34369,32546,29232,29836,30145
32544,37853,32399,33343,32423,33581,37236,34956,35580,32326,36912,36717,24813,33256,34369,32546,29232,29836,30145
32687,37997,32347,33307,32437,33581,37236,34956,35580,32326,36912,36717,24813,33256,34369,32546,29232,29836,30145
32696,37837,32493,33563,32599,33581,37236,34956,35580,32326,36912,36717,24813,33256,34369,32546,29232,29836,30145
32809,38423,32538,33151,32359,33581,37236,34956,35580,32326,36912,36717,24813,33256,34369,32546,29232,29836,30145
32824,38671,32565,33131,32495,33581,37236,34956,35580,32326,36912,36717,24813,33256,34369,32546,29232,29836,30145
32757,39547,32614,32737,32508,33581,37236,34956,35580,32326,36912,36717,24813,33256,34369,32546,29232,29836,30145
32789,39785,32713,33194,32835,33581,37236,34956,35580,32326,36912,36717,24813,33256,34369,32546,29232,29836,30145
32775,40567,32767,32997,32803,33581,37236,34956,35580,32326,36912,36717,24813,33256,34369,32546,29232,29836,30145
32748,40819,32833,33148,32993,33581,37236,34956,35580,32326,36912,36717,24813,33256,34369,32546,29232,29836,30145
32750,41599,32823,33076,32937,33577,37246,34900,35684,31880,36840,36464,24808,33882,34780,31880,27424,27726,31880
32672,41839,32830,33188,33031,33577,37246,34900,35684,31880,36840,36464,24808,33882,34780,31880,27424,27726,31880
32688,42005,32917,33373,32868,33577,37246,34900,35684,31880,36840,36464,24808,33882,34780,31880,27424,27726,31880
32611,42054,32887,33178,32886,33577,37246,34900,35684,31880,36840,36464,24808,33882,34780,31880,27424,27726,31880
32710,41643,32979,33511,32704,33577,37246,34900,35684,31880,36840,36464,24808,33882,34780,31880,27424,27726,31880
32730,41631,32863,33267,32864,33577,37246,34900,35684,31880,36840,36464,24808,33882,34780,31880,27424,27726,31880
32789,38705,32751,33369,32983,33577,37246,34900,35684,31880,36840,36464,24808,33882,34780,31880,27424,27726,31880
32794,35181,32951,33408,33058,33577,37246,34900,35684,31880,36840,36464,24808,33882,34780,31880,27424,27726,31880
32737,31526,32695,32975,33022,33577,37246,34900,35684,31880,36840,36464,24808,33882,34780,31880,27424,27726,31880
32755,28999,32663,32850,32932,33577,37246,34900,35684,31880,36840,36464,24808,33882,34780,31880,27424,27726,31880
32779,27591,33019,33522,32887,33658,37324,34762,35625,32112,36880,36416,24872,34529,34371,31392,28848,27826,30086
32736,27018,33442,33516,32983,33658,37324,34762,35625,32112,36880,36416,24872,34529,34371,31392,28848,27826,30086
32710,26991,33458,33689,32518,33658,37324,34762,35625,32112,36880,36416,24872,34529,34371,31392,28848,27826,30086
32731,27834,33366,33391,32791,33658,37324,34762,35625,32112,36880,36416,24872,34529,34371,31392,28848,27826,30086
32725,28919,33099,33527,32819,33658,37324,34762,35625,32112,36880,36416,24872,34529,34371,31392,28848,27826,30086
32722,30673,32741,33445,32964,33658,37324,34762,35625,32112,36880,36416,24872,34529,34371,31392,28848,27826,30086
32622,31952,32575,33417,32495,33658,37324,34762,35625,32112,36880,36416,24872,34529,34371,31392,28848,27826,30086
32676,32585,32524,34149,32339,33658,37324,34762,35625,32112,36880,36416,24872,34529,34371,31392,28848,27826,30086
32663,33287,31943,33786,32516,33658,37324,34762,35625,32112,36880,36416,24872,34529,34371,31392,28848,27826,30086
32775,33961,31050,33385,32754,33658,37324,34762,35625,32112,36880,36416,24872,34529,34371,31392,28848,27826,30086
32780,35602,30975,32519,32587,33746,37412,34382,35464,32377,36888,36310,24770,34979,34438,31556,27056,25605,28844
32744,36668,31627,32310,33159,33746,37412,34382,35464,32377,36888,36310,24770,34979,34438,31556,27056,25605,28844
32698,37407,32163,32023,33056,33746,37412,34382,35464,32377,36888,36310,24770,34979,34438,31556,27056,25605,28844
32728,37415,32526,30757,32795,33746,37412,34382,35464,32377,36888,36310,24770,34979,34438,31556,27056,25605,28844
32647,37892,32849,30253,32852,33746,37412,34382,35464,32377,36888,36310,24770,34979,34438,31556,27056,25605,28844
32717,37230,33043,32516,32957,33746,37412,34382,35464,32377,36888,36310,24770,34979,34438,31556,27056,25605,28844
32602,36279,33031,33989,32167,33746,37412,34382,35464,32377,36888,36310,24770,34979,34438,31556,27056,25605,28844
32596,34591,32931,33366,32406,33746,37412,34382,35464,32377,36888,36310,24770,34979,34438,31556,27056,25605,28844
32619,33166,33102,32939,32287,33746,37412,34382,35464,32377,36888,36310,24770,34979,34438,31556,27056,25605,28844
32542,32095,33095,32245,32238,33746,37412,34382,35464,32377,36888,36310,24770,34979,34438,31556,27056,25605,28844
32594,30938,32989,32391,32767,34020,37378,34120,35560,32656,37044,36228,24833,35332,33828,32501,30540,26444,30895
32597,30082,32758,32717,33245,34020,37378,34120,35560,32656,37044,36228,24833,35332,33828,32501,30540,26444,30895
32629,29325,33158,32857,33076,34020,37378,34120,35560,32656,37044,36228,24833,35332,33828,32501,30540,26444,30895
32647,28942,33475,32867,32877,34020,37378,34120,35560,32656,37044,36228,24833,35332,33828,32501,30540,26444,30895
32760,29031,33354,32923,32218,34020,37378,34120,35560,32656,37044,36228,24833,35332,33828,32501,30540,26444,30895
32690,29607,33261,33367,34105,34020,37378,34120,35560,32656,37044,36228,24833,35332,33828,32501,30540,26444,30895
32696,29993,33015,33487,33639,34020,37378,34120,35560,32656,37044,36228,24833,35332,33828,32501,30540,26444,30895
32765,30383,33038,33593,32177,34020,37378,34120,35560,32656,37044,36228,24833,35332,33828,32501,30540,26444,30895
32775,31397,33089,34350,32913,34020,37378,34120,35560,32656,37044,36228,24833,35332,33828,32501,30540,26444,30895
32868,32066,33077,34023,33682,34020,37378,34120,35560,32656,37044,36228,24833,35332,33828,32501,30540,26444,30895
32829,33145,33095,33601,32471,34350,37266,33960,35484,33001,37148,36096,24952,35332,33728,33852,29996,26449,32784
32807,33695,32909,32903,32553,34350,37266,33960,35484,33001,37148,36096,24952,35332,33728,33852,29996,26449,32784
32727,34517,32894,32861,33357,34350,37266,33960,35484,33001,37148,36096,24952,35332,33728,33852,29996,26449,32784
32630,34807,32999,32699,33733,34350,37266,33960,35484,33001,37148,36096,24952,35332,33728,33852,29996,26449,32784
32651,35159,33081,31893,31328,34350,37266,33960,35484,33001,37148,36096,24952,35332,33728,33852,29996,26449,32784
32925,35615,32911,32167,31583,34350,37266,33960,35484,33001,37148,36096,24952,35332,33728,33852,29996,26449,32784
33253,35432,32815,33925,32785,34350,37266,33960,35484,33001,37148,36096,24952,35332,33728,33852,29996,26449,32784
33348,34898,32879,33533,32935,34350,37266,33960,35484,33001,37148,36096,24952,35332,33728,33852,29996,26449,32784
33044,33739,32815,33093,31939,34350,37266,33960,35484,33001,37148,36096,24952,35332,33728,33852,29996,26449,32784
32917,33174,32587,33622,31847,34350,37266,33960,35484,33001,37148,36096,24952,35332,33728,33852,29996,26449,32784
32623,32493,32531,33737,33504,34516,37120,33868,35680,33280,37104,35872,25058,35048,34048,35340,27256,27615,37773
32452,31614,32409,33636,32802,34516,37120,33868,35680,33280,37104,35872,25058,35048,34048,35340,27256,27615,37773
32868,31995,32391,33123,33487,34516,37120,33868,35680,33280,37104,35872,25058,35048,34048,35340,27256,27615,37773
33001,31702,32463,33015,32649,34516,37120,33868,35680,33280,37104,35872,25058,35048,34048,35340,27256,27615,37773
32622,31439,32401,31842,32758,34516,37120,33868,35680,33280,37104,35872,25058,35048,34048,35340,27256,27615,37773
32332,30691,32412,31665,34204,34516,37120,33868,35680,33280,37104,35872,25058,35048,34048,35340,27256,27615,37773
32518,30111,32471,32071,33895,34516,37120,33868,35680,33280,37104,35872,25058,35048,34048,35340,27256,27615,37773
33017,30269,32571,32629,32511,34516,37120,33868,35680,33280,37104,35872,25058,35048,34048,35340,27256,27615,37773
33321,30995,32851,32730,33298,34516,37120,33868,35680,33280,37104,35872,25058,35048,34048,35340,27256,27615,37773
33379,32696,32970,33090,32350,34516,37120,33868,35680,33280,37104,35872,25058,35048,34048,35340,27256,27615,37773
33050,34701,32983,33007,32149,34502,37088,33880,35524,33326,37056,35640,25076,34837,34021,36252,28692,27085,35521
32632,36775,32971,33313,33049,34502,37088,33880,35524,33326,37056,35640,25076,34837,34021,36252,28692,27085,35521
32516,38237,33127,33764,32493,34502,37088,33880,35524,33326,37056,35640,25076,34837,34021,36252,28692,27085,35521
32481,39055,33090,33719,32599,34502,37088,33880,35524,33326,37056,35640,25076,34837,34021,36252,28692,27085,35521
32730,39663,33173,33901,33526,34502,37088,33880,35524,33326,37056,35640,25076,34837,34021,36252,28692,27085,35521
32866,39491,33181,33911,32541,34502,37088,33880,35524,33326,37056,35640,25076,34837,34021,36252,28692,27085,35521
32641,39623,33147,34347,32344,34502,37088,33880,35524,33326,37056,35640,25076,34837,34021,36252,28692,27085,35521
32528,39311,33199,33799,32528,34502,37088,33880,35524,33326,37056,35640,25076,34837,34021,36252,28692,27085,35521
32787,38779,33253,31408,32175,34502,37088,33880,35524,33326,37056,35640,25076,34837,34021,36252,28692,27085,35521
32968,38074,33400,30162,31975,34502,37088,33880,35524,33326,37056,35640,25076,34837,34021,36252,28692,27085,35521
33349,36623,33453,32957,32492,34368,37106,33787,35457,33148,37077,35492,25185,34416,33544,37364,26633,27137,37672
33358,34866,33521,33522,32519,34368,37106,33787,35457,33148,37077,35492,25185,34416,33544,37364,26633,27137,37672
33129,33147,33633,30380,32908,34368,37106,33787,35457,33148,37077,35492,25185,34416,33544,37364,26633,27137,37672
32689,32654,33819,30687,33223,34368,37106,33787,35457,33148,37077,35492,25185,34416,33544,37364,26633,27137,37672
32836,32263,33702,33071,33261,34368,37106,33787,35457,33148,37077,35492,25185,34416,33544,37364,26633,27137,37672
32774,32198,33431,33560,33285,34368,37106,33787,35457,33148,37077,35492,25185,34416,33544,37364,26633,27137,37672
33072,33059,32990,33413,33197,34368,37106,33787,35457,33148,37077,35492,25185,34416,33544,37364,26633,27137,37672
33594,34807,32863,33940,33139,34368,37106,33787,35457,33148,37077,35492,25185,34416,33544,37364,26633,27137,37672
33336,35827,32507,35311,32997,34368,37106,33787,35457,33148,37077,35492,25185,34416,33544,37364,26633,27137,37672
32464,37019,32208,35999,32823,34368,37106,33787,35457,33148,37077,35492,25185,34416,33544,37364,26633,27137,37672
32328,37968,32164,34883,32935,34124,37124,33754,35496,32760,36904,35536,25229,34928,33237,36796,27349,28344,35716
32408,38349,32289,33223,32946,34124,37124,33754,35496,32760,36904,35536,25229,34928,33237,36796,27349,28344,35716
32775,37816,32523,32037,32787,34124,37124,33754,35496,32760,36904,35536,25229,34928,33237,36796,27349,28344,35716
33200,37323,32737,31105,32509,34124,37124,33754,35496,32760,36904,35536,25229,34928,33237,36796,27349,28344,35716
32892,36489,32909,31517,32223,34124,37124,33754,35496,32760,36904,35536,25229,34928,33237,36796,27349,28344,35716
32712,36167,33147,33619,32351,34124,37124,33754,35496,32760,36904,35536,25229,34928,33237,36796,27349,28344,35716
32855,35829,33341,33903,32255,34124,37124,33754,35496,32760,36904,35536,25229,34928,33237,36796,27349,28344,35716
32883,35227,33427,33813,31747,34124,37124,33754,35496,32760,36904,35536,25229,34928,33237,36796,27349,28344,35716
33016,35125,33487,32573,32547,34124,37124,33754,35496,32760,36904,35536,25229,34928,33237,36796,27349,28344,35716
33018,34793,33503,31702,32667,34124,37124,33754,35496,32760,36904,35536,25229,34928,33237,36796,27349,28344,35716
33030,34439,33287,31235,33021,33912,37082,33864,35706,32415,37008,35104,25296,34553,32992,36246,27268,28308,34436
33225,34407,33594,32039,32669,33912,37082,33864,35706,32415,37008,35104,25296,34553,32992,36246,27268,28308,34436
33573,33997,33857,31657,33016,33912,37082,33864,35706,32415,37008,35104,25296,34553,32992,36246,27268,28308,34436
33869,33962,33695,32487,33490,33912,37082,33864,35706,32415,37008,35104,25296,34553,32992,36246,27268,28308,34436
33728,33909,33470,33302,33145,33912,37082,33864,35706,32415,37008,35104,25296,34553,32992,36246,27268,28308,34436
33876,33549,33375,33533,33413,33912,37082,33864,35706,32415,37008,35104,25296,34553,32992,36246,27268,28308,34436
33590,33698,33286,33310,33373,33912,37082,33864,35706,32415,37008,35104,25296,34553,32992,36246,27268,28308,34436
33049,33467,33237,33734,33159,33912,37082,33864,35706,32415,37008,35104,25296,34553,32992,36246,27268,28308,34436
33106,33337,33371,34569,32508,33912,37082,33864,35706,32415,37008,35104,25296,34553,32992,36246,27268,28308,34436
33211,33431,33529,34045,32723,33912,37082,33864,35706,32415,37008,35104,25296,34553,32992,36246,27268,28308,34436
33420,33172,33591,34086,32695,33620,37084,33756,35708,32216,36909,34944,25408,34358,32480,36113,28580,30048,37612
34114,33317,33629,33612,32471,33620,37084,33756,35708,32216,36909,34944,25408,34358,32480,36113,28580,30048,37612
33813,33271,33597,33150,32615,33620,37084,33756,35708,32216,36909,34944,25408,34358,32480,36113,28580,30048,37612
34067,33042,33554,32408,32476,33620,37084,33756,35708,32216,36909,34944,25408,34358,32480,36113,28580,30048,37612
33606,26706,33281,32616,32661,33620,37084,33756,35708,32216,36909,34944,25408,34358,32480,36113,28580,30048,37612
33597,24309,33043,33580,32214,33620,37084,33756,35708,32216,36909,34944,25408,34358,32480,36113,28580,30048,37612
33028,23107,32987,33438,32447,33620,37084,33756,35708,32216,36909,34944,25408,34358,32480,36113,28580,30048,37612
32636,21721,32850,32401,32695,33620,37084,33756,35708,32216,36909,34944,25408,34358,32480,36113,28580,30048,37612
33120,19846,32864,33380,32557,33620,37084,33756,35708,32216,36909,34944,25408,34358,32480,36113,28580,30048,37612
33352,16278,32985,33377,32536,33620,37084,33756,35708,32216,36909,34944,25408,34358,32480,36113,28580,30048,37612
33320,13504,32969,31390,32699,33408,37042,33738,35512,32168,36816,34732,25516,33900,31871,36124,27890,27729,37864
32582,11335,32768,32866,32711,33408,37042,33738,35512,32168,36816,34732,25516,33900,31871,36124,27890,27729,37864
32340,9840,32652,32722,32717,33408,37042,33738,35512,32168,36816,34732,25516,33900,31871,36124,27890,27729,37864
32696,9237,32718,32029,33193,33408,37042,33738,35512,32168,36816,34732,25516,33900,31871,36124,27890,27729,37864
32562,8834,32740,32071,33043,33408,37042,33738,35512,32168,36816,34732,25516,33900,31871,36124,27890,27729,37864
32713,9190,32713,32863,33101,33408,37042,33738,35512,32168,36816,34732,25516,33900,31871,36124,27890,27729,37864
32772,10128,32851,33847,32984,33408,37042,33738,35512,32168,36816,34732,25516,33900,31871,36124,27890,27729,37864
32604,11166,32843,34779,32727,33408,37042,33738,35512,32168,36816,34732,25516,33900,31871,36124,27890,27729,37864
32660,12326,33111,33586,32644,33408,37042,33738,35512,32168,36816,34732,25516,33900,31871,36124,27890,27729,37864
32823,13351,33353,30994,32619,33408,37042,33738,35512,32168,36816,34732,25516,33900,31871,36124,27890,27729,37864
32911,15099,33495,31322,32871,33148,37018,33724,35548,32016,36728,34500,25610,33302,31128,34532,31410,32059,35388
33316,17332,33437,31511,32727,33148,37018,33724,35548,32016,36728,34500,25610,33302,31128,34532,31410,32059,35388
33202,19396,33314,31033,33055,33148,37018,33724,35548,32016,36728,34500,25610,33302,31128,34532,31410,32059,35388
33282,21179,33329,32043,32813,33148,37018,33724,35548,32016,36728,34500,25610,33302,31128,34532,31410,32059,35388
32995,22697,33274,33033,32890,33148,37018,33724,35548,32016,36728,34500,25610,33302,31128,34532,31410,32059,35388
32858,23907,33062,34565,32898,33148,37018,33724,35548,32016,36728,34500,25610,33302,31128,34532,31410,32059,35388
32604,25104,32910,34655,33450,33148,37018,33724,35548,32016,36728,34500,25610,33302,31128,34532,31410,32059,35388
33216,26073,32711,33034,32969,33148,37018,33724,35548,32016,36728,34500,25610,33302,31128,34532,31410,32059,35388
34384,26937,32647,32223,32352,33148,37018,33724,35548,32016,36728,34500,25610,33302,31128,34532,31410,32059,35388
34974,27718,32331,32959,32501,33148,37018,33724,35548,32016,36728,34500,25610,33302,31128,34532,31410,32059,35388
34183,28369,32091,33147,32701,32818,37060,33684,35762,31937,36581,34264,25616,32870,30133,33302,28544,29953,32760
33525,28975,32139,32134,32603,32818,37060,33684,35762,31937,36581,34264,25616,32870,30133,33302,28544,29953,32760
33187,29377,32332,30515,32639,32818,37060,33684,35762,31937,36581,34264,25616,32870,30133,33302,28544,29953,32760
32914,29933,32498,31239,33145,32818,37060,33684,35762,31937,36581,34264,25616,32870,30133,33302,28544,29953,32760
32124,30174,32550,32485,33139,32818,37060,33684,35762,31937,36581,34264,25616,32870,30133,33302,28544,29953,32760
31519,30663,32831,34281,33010,32818,37060,33684,35762,31937,36581,34264,25616,32870,30133,33302,28544,29953,32760
31379,30848,32595,34697,33002,32818,37060,33684,35762,31937,36581,34264,25616,32870,30133,33302,28544,29953,32760
31190,31003,32629,34357,32994,32818,37060,33684,35762,31937,36581,34264,25616,32870,30133,33302,28544,29953,32760
30799,31430,32743,33135,32978,32818,37060,33684,35762,31937,36581,34264,25616,32870,30133,33302,28544,29953,32760
30768,31450,32643,32511,32930,32818,37060,33684,35762,31937,36581,34264,25616,32870,30133,33302,28544,29953,32760
31074,31675,32817,32770,33095,32680,37028,33428,35644,31906,36680,33746,25696,32568,29621,32928,29604,33300,33145
31478,31855,32981,33238,32921,32680,37028,33428,35644,31906,36680,33746,25696,32568,29621,32928,29604,33300,33145
31682,31815,33089,31461,32873,32680,37028,33428,35644,31906,36680,33746,25696,32568,29621,32928,29604,33300,33145
31784,32125,33099,32725,32615,32680,37028,33428,35644,31906,36680,33746,25696,32568,29621,32928,29604,33300,33145
31888,32022,33010,33376,32186,32680,37028,33428,35644,31906,36680,33746,25696,32568,29621,32928,29604,33300,33145
31972,32310,32906,33899,32150,32680,37028,33428,35644,31906,36680,33746,25696,32568,29621,32928,29604,33300,33145
31923,32199,32802,32490,32187,32680,37028,33428,35644,31906,36680,33746,25696,32568,29621,32928,29604,33300,33145
31920,32415,32635,33334,32283,32680,37028,33428,35644,31906,36680,33746,25696,32568,29621,32928,29604,33300,33145
31909,32455,32638,34790,32294,32680,37028,33428,35644,31906,36680,33746,25696,32568,29621,32928,29604,33300,33145
31830,32311,32646,35363,32607,32680,37028,33428,35644,31906,36680,33746,25696,32568,29621,32928,29604,33300,33145
31886,32583,32476,35611,33287,32580,37104,33032,35808,32040,36832,33330,25764,32221,29508,32828,28667,30554,33774
31890,32491,32544,36325,33260,32580,37104,33032,35808,32040,36832,33330,25764,32221,29508,32828,28667,30554,33774
31773,32437,32328,35980,33351,32580,37104,33032,35808,32040,36832,33330,25764,32221,29508,32828,28667,30554,33774
31812,32693,32019,34213,33559,32580,37104,33032,35808,32040,36832,33330,25764,32221,29508,32828,28667,30554,33774
31782,32537,31837,32700,33454,32580,37104,33032,35808,32040,36832,33330,25764,32221,29508,32828,28667,30554,33774
31620,32534,31651,33255,33003,32580,37104,33032,35808,32040,36832,33330,25764,32221,29508,32828,28667,30554,33774
31667,32767,31806,32707,32687,32580,37104,33032,35808,32040,36832,33330,25764,32221,29508,32828,28667,30554,33774
31499,32566,31823,32426,32684,32580,37104,33032,35808,32040,36832,33330,25764,32221,29508,32828,28667,30554,33774
31172,32807,31964,34090,32747,32580,37104,33032,35808,32040,36832,33330,25764,32221,29508,32828,28667,30554,33774
31535,32629,32127,34909,33113,32580,37104,33032,35808,32040,36832,33330,25764,32221,29508,32828,28667,30554,33774
31444,32743,31947,36429,32415,32474,37302,32816,35616,32092,36832,33298,25716,31464,29496,32284,32761,34288,32194
31191,32819,31619,35206,32375,32474,37302,32816,35616,32092,36832,33298,25716,31464,29496,32284,32761,34288,32194
31439,32623,31569,33133,32767,32474,37302,32816,35616,32092,36832,33298,25716,31464,29496,32284,32761,34288,32194
31881,32701,31629,32434,32854,32474,37302,32816,35616,32092,36832,33298,25716,31464,29496,32284,32761,34288,32194
32328,32827,31453,29991,32639,32474,37302,32816,35616,32092,36832,33298,25716,31464,29496,32284,32761,34288,32194
32484,32606,31538,28048,32707,32474,37302,32816,35616,32092,36832,33298,25716,31464,29496,32284,32761,34288,32194
32360,32839,31847,29117,32711,32474,37302,32816,35616,32092,36832,33298,25716,31464,29496,32284,32761,34288,32194
32403,32698,32055,29132,32492,32474,37302,32816,35616,32092,36832,33298,25716,31464,29496,32284,32761,34288,32194
32789,32805,32213,29974,32747,32474,37302,32816,35616,32092,36832,33298,25716,31464,29496,32284,32761,34288,32194
32658,32733,32738,32437,32987,32474,37302,32816,35616,32092,36832,33298,25716,31464,29496,32284,32761,34288,32194
32662,32771,32933,34290,33122,32365,37356,32733,35852,31938,36869,33216,25777,30828,30560,31873,30308,32508,31968
32682,32811,32973,34426,33017,32365,37356,32733,35852,31938,36869,33216,25777,30828,30560,31873,30308,32508,31968
32756,32647,32807,33687,33253,32365,37356,32733,35852,31938,36869,33216,25777,30828,30560,31873,30308,32508,31968
32572,32881,32298,34653,32991,32365,37356,32733,35852,31938,36869,33216,25777,30828,30560,31873,30308,32508,31968
32304,32730,31893,35869,33403,32365,37356,32733,35852,31938,36869,33216,25777,30828,30560,31873,30308,32508,31968
32314,32817,31633,33341,32799,32365,37356,32733,35852,31938,36869,33216,25777,30828,30560,31873,30308,32508,31968
32291,32853,31640,31327,32847,32365,37356,32733,35852,31938,36869,33216,25777,30828,30560,31873,30308,32508,31968
32110,32682,31564,33367,33021,32365,37356,32733,35852,31938,36869,33216,25777,30828,30560,31873,30308,32508,31968
32067,32891,31488,34263,32946,32365,37356,32733,35852,31938,36869,33216,25777,30828,30560,31873,30308,32508,31968
32250,32743,31234,32223,33230,32365,37356,32733,35852,31938,36869,33216,25777,30828,30560,31873,30308,32508,31968
32407,35228,31187,32423,33061,32380,37376,32728,35684,31660,36680,33276,25766,30761,31853,31140,32472,34256,28112
32589,34801,30990,32676,33029,32380,37376,32728,35684,31660,36680,33276,25766,30761,31853,31140,32472,34256,28112
32709,33287,30683,29056,33145,32380,37376,32728,35684,31660,36680,33276,25766,30761,31853,31140,32472,34256,28112
32649,32850,30733,28765,32439,32380,37376,32728,35684,31660,36680,33276,25766,30761,31853,31140,32472,34256,28112
32738,32164,30755,31818,32210,32380,37376,32728,35684,31660,36680,33276,25766,30761,31853,31140,32472,34256,28112
33085,32273,31247,34535,32141,32380,37376,32728,35684,31660,36680,33276,25766,30761,31853,31140,32472,34256,28112
33363,32228,31581,34944,32194,32380,37376,32728,35684,31660,36680,33276,25766,30761,31853,31140,32472,34256,28112
33239,32967,31742,34681,32491,32380,37376,32728,35684,31660,36680,33276,25766,30761,31853,31140,32472,34256,28112
33031,34919,31895,34338,32396,32380,37376,32728,35684,31660,36680,33276,25766,30761,31853,31140,32472,34256,28112
33047,33415,32502,35211,32871,32380,37376,32728,35684,31660,36680,33276,25766,30761,31853,31140,32472,34256,28112
33056,32738,32665,36607,32797,32776,37236,33430,35832,31804,36792,33780,25806,30900,33356,30529,32108,33568,27976
33070,32723,32485,36911,32985,32776,37236,33430,35832,31804,36792,33780,25806,30900,33356,30529,32108,33568,27976
33162,33977,33183,36421,32991,32776,37236,33430,35832,31804,36792,33780,25806,30900,33356,30529,32108,33568,27976
33349,33893,34423,36083,32819,32776,37236,33430,35832,31804,36792,33780,25806,30900,33356,30529,32108,33568,27976
33468,35615,33573,30382,32910,32776,37236,33430,35832,31804,36792,33780,25806,30900,33356,30529,32108,33568,27976
33326,38436,33528,26631,32885,32776,37236,33430,35832,31804,36792,33780,25806,30900,33356,30529,32108,33568,27976
33264,42057,32960,26311,33053,32776,37236,33430,35832,31804,36792,33780,25806,30900,33356,30529,32108,33568,27976
33240,45087,33044,29138,32933,32776,37236,33430,35832,31804,36792,33780,25806,30900,33356,30529,32108,33568,27976
33287,49444,33051,31057,32771,32776,37236,33430,35832,31804,36792,33780,25806,30900,33356,30529,32108,33568,27976
33214,53952,32727,28974,33005,32776,37236,33430,35832,31804,36792,33780,25806,30900,33356,30529,32108,33568,27976
33121,58319,32445,29761,33180,33386,37000,34060,35834,32034,36698,34816,25814,31536,34628,30602,32376,30162,24125
32960,59417,32730,33204,32825,33386,37000,34060,35834,32034,36698,34816,25814,31536,34628,30602,32376,30162,24125
33196,58672,32959,34823,32833,33386,37000,34060,35834,32034,36698,34816,25814,31536,34628,30602,32376,30162,24125
33426,57581,32996,34247,32768,33386,37000,34060,35834,32034,36698,34816,25814,31536,34628,30602,32376,30162,24125
33417,56042,33287,34886,32212,33386,37000,34060,35834,32034,36698,34816,25814,31536,34628,30602,32376,30162,24125
33366,55260,33563,35420,32118,33386,37000,34060,35834,32034,36698,34816,25814,31536,34628,30602,32376,30162,24125
33340,55892,33628,34644,32512,33386,37000,34060,35834,32034,36698,34816,25814,31536,34628,30602,32376,30162,24125
33330,55015,33631,34621,32411,33386,37000,34060,35834,32034,36698,34816,25814,31536,34628,30602,32376,30162,24125
33412,52629,33635,34171,32951,33386,37000,34060,35834,32034,36698,34816,25814,31536,34628,30602,32376,30162,24125
33357,50182,33638,32865,32711,33386,37000,34060,35834,32034,36698,34816,25814,31536,34628,30602,32376,30162,24125
33316,47886,33650,31411,33079,34296,36602,34832,35816,32487,36520,36096,25844,32466,34572,31127,32748,33232,23756
33392,45958,33674,32734,32679,34296,36602,34832,35816,32487,36520,36096,25844,32466,34572,31127,32748,33232,23756
33326,44383,33781,32711,32988,34296,36602,34832,35816,32487,36520,36096,25844,32466,34572,31127,32748,33232,23756
33384,42655,33705,34871,32412,34296,36602,34832,35816,32487,36520,36096,25844,32466,34572,31127,32748,33232,23756
33348,41671,33469,33785,32866,34296,36602,34832,35816,32487,36520,36096,25844,32466,34572,31127,32748,33232,23756
33434,40433,33138,33043,33153,34296,36602,34832,35816,32487,36520,36096,25844,32466,34572,31127,32748,33232,23756
33456,39305,32585,34081,33011,34296,36602,34832,35816,32487,36520,36096,25844,32466,34572,31127,32748,33232,23756
33436,38713,32492,27444,33253,34296,36602,34832,35816,32487,36520,36096,25844,32466,34572,31127,32748,33232,23756
33282,37970,32559,27287,32745,34296,36602,34832,35816,32487,36520,36096,25844,32466,34572,31127,32748,33232,23756
33166,37099,32378,30706,32861,34296,36602,34832,35816,32487,36520,36096,25844,32466,34572,31127,32748,33232,23756
33182,36637,32051,33670,32967,35076,36236,35140,35812,32928,36300,36980,25718,33172,34364,33844,31317,30700,25837
33272,36271,31980,34113,32977,35076,36236,35140,35812,32928,36300,36980,25718,33172,34364,33844,31317,30700,25837
33235,35847,31997,34461,33069,35076,36236,35140,35812,32928,36300,36980,25718,33172,34364,33844,31317,30700,25837
33206,35455,32066,33499,32497,35076,36236,35140,35812,32928,36300,36980,25718,33172,34364,33844,31317,30700,25837
33287,34963,32185,32733,32864,35076,36236,35140,35812,32928,36300,36980,25718,33172,34364,33844,31317,30700,25837
33206,34706,32278,32457,32927,35076,36236,35140,35812,32928,36300,36980,25718,33172,34364,33844,31317,30700,25837
33171,34451,32549,33025,32696,35076,36236,35140,35812,32928,36300,36980,25718,33172,34364,33844,31317,30700,25837
33196,34249,32802,35367,32743,35076,36236,35140,35812,32928,36300,36980,25718,33172,34364,33844,31317,30700,25837
33170,34069,32782,37239,33051,35076,36236,35140,35812,32928,36300,36980,25718,33172,34364,33844,31317,30700,25837
33182,33919,32914,37462,32406,35076,36236,35140,35812,32928,36300,36980,25718,33172,34364,33844,31317,30700,25837
33109,33767,32727,36165,32747,35652,36032,35304,35786,33432,36326,37236,25690,35884,34880,33612,31360,32238,28250
33067,33714,32975,36023,32783,35652,36032,35304,35786,33432,36326,37236,25690,35884,34880,33612,31360,32238,28250
33129,33561,33333,35411,32583,35652,36032,35304,35786,33432,36326,37236,25690,35884,34880,33612,31360,32238,28250
33153,33447,33255,31249,33309,35652,36032,35304,35786,33432,36326,37236,25690,35884,34880,33612,31360,32238,28250
33146,33363,32527,28922,33405,35652,36032,35304,35786,33432,36326,37236,25690,35884,34880,33612,31360,32238,28250
33007,33368,32604,27101,33443,35652,36032,35304,35786,33432,36326,37236,25690,35884,34880,33612,31360,32238,28250
32765,33367,33135,25043,33079,35652,36032,35304,35786,33432,36326,37236,25690,35884,34880,33612,31360,32238,28250
32464,33372,33537,29365,32867,35652,36032,35304,35786,33432,36326,37236,25690,35884,34880,33612,31360,32238,28250
32457,33334,33855,31377,33157,35652,36032,35304,35786,33432,36326,37236,25690,35884,34880,33612,31360,32238,28250
32410,33299,34311,30815,32747,35652,36032,35304,35786,33432,36326,37236,25690,35884,34880,33612,31360,32238,28250
32399,33219,34439,31918,32643,36176,35944,35479,35672,33548,36544,37544,25740,36160,32601,36875,28928,28842,28800
32473,33179,34395,31363,33019,36176,35944,35479,35672,33548,36544,37544,25740,36160,32601,36875,28928,28842,28800
32525,33143,34131,30823,32437,36176,35944,35479,35672,33548,36544,37544,25740,36160,32601,36875,28928,28842,28800
32526,32999,33645,33614,32429,36176,35944,35479,35672,33548,36544,37544,25740,36160,32601,36875,28928,28842,28800
32471,32928,33408,35020,32851,36176,35944,35479,35672,33548,36544,37544,25740,36160,32601,36875,28928,28842,28800
32527,32897,33527,34651,32559,36176,35944,35479,35672,33548,36544,37544,25740,36160,32601,36875,28928,28842,28800
32525,33057,33565,33518,32669,36176,35944,35479,35672,33548,36544,37544,25740,36160,32601,36875,28928,28842,28800
32476,33051,33383,31686,32806,36176,35944,35479,35672,33548,36544,37544,25740,36160,32601,36875,28928,28842,28800
32398,33022,33163,32601,32641,36176,35944,35479,35672,33548,36544,37544,25740,36160,32601,36875,28928,28842,28800
32414,33063,32994,33247,32775,36176,35944,35479,35672,33548,36544,37544,25740,36160,32601,36875,28928,28842,28800
32331,33049,32805,33271,32820,36040,36012,35634,35584,33676,36898,37530,25772,35284,32533,36412,28304,28174,31785
32358,33042,32682,36423,32799,36040,36012,35634,35584,33676,36898,37530,25772,35284,32533,36412,28304,28174,31785
32441,33031,32491,36475,32727,36040,36012,35634,35584,33676,36898,37530,25772,35284,32533,36412,28304,28174,31785
32420,33029,32489,34495,32871,36040,36012,35634,35584,33676,36898,37530,25772,35284,32533,36412,28304,28174,31785
32440,32973,32438,32175,32644,36040,36012,35634,35584,33676,36898,37530,25772,35284,32533,36412,28304,28174,31785
32468,32979,32361,31092,32677,36040,36012,35634,35584,33676,36898,37530,25772,35284,32533,36412,28304,28174,31785
32486,32867,32473,32703,32851,36040,36012,35634,35584,33676,36898,37530,25772,35284,32533,36412,28304,28174,31785
32504,32806,32554,33567,32592,36040,36012,35634,35584,33676,36898,37530,25772,35284,32533,36412,28304,28174,31785
32579,32887,32548,34598,33030,36040,36012,35634,35584,33676,36898,37530,25772,35284,32533,36412,28304,28174,31785
32644,32891,32651,34879,32871,36040,36012,35634,35584,33676,36898,37530,25772,35284,32533,36412,28304,28174,31785
32671,32818,32684,33949,32821,36216,36632,35156,35524,33640,37213,37244,25900,36312,32416,36500,29705,31468,35236
32711,32845,32746,33106,33015,36216,36632,35156,35524,33640,37213,37244,25900,36312,32416,36500,29705,31468,35236
32677,32837,32703,31830,33029,36216,36632,35156,35524,33640,37213,37244,25900,36312,32416,36500,29705,31468,35236
32719,32791,32679,31313,32663,36216,36632,35156,35524,33640,37213,37244,25900,36312,32416,36500,29705,31468,35236
32685,32839,32750,32642,32733,36216,36632,35156,35524,33640,37213,37244,25900,36312,32416,36500,29705,31468,35236
32716,32839,32835,32999,32987,36216,36632,35156,35524,33640,37213,37244,25900,36312,32416,36500,29705,31468,35236
32741,32775,32855,32355,49607,36216,36632,35156,35524,33640,37213,37244,25900,36312,32416,36500,29705,31468,35236
32740,32770,32998,34419,30071,36216,36632,35156,35524,33640,37213,37244,25900,36312,32416,36500,29705,31468,35236
32810,32762,32887,33673,23007,36216,36632,35156,35524,33640,37213,37244,25900,36312,32416,36500,29705,31468,35236
33025,32765,32931,32655,24443,36216,36632,35156,35524,33640,37213,37244,25900,36312,32416,36500,29705,31468,35236
33069,30015,33075,31711,29224,36068,37272,34736,35696,33596,37606,36524,26020,35492,34304,39712,28216,28234,39073
33220,27911,33345,31973,34856,36068,37272,34736,35696,33596,37606,36524,26020,35492,34304,39712,28216,28234,39073
33221,30982,33455,32006,35289,36068,37272,34736,35696,33596,37606,36524,26020,35492,34304,39712,28216,28234,39073
33299,33999,33327,32823,35914,36068,37272,34736,35696,33596,37606,36524,26020,35492,34304,39712,28216,28234,39073
33336,24703,33263,32512,36352,36068,37272,34736,35696,33596,37606,36524,26020,35492,34304,39712,28216,28234,39073
33352,9645,33308,30156,36037,36068,37272,34736,35696,33596,37606,36524,26020,35492,34304,39712,28216,28234,39073
33292,23,33432,31511,35485,36068,37272,34736,35696,33596,37606,36524,26020,35492,34304,39712,28216,28234,39073
33235,12,33820,32908,34694,36068,37272,34736,35696,33596,37606,36524,26020,35492,34304,39712,28216,28234,39073
33240,7,33828,32509,34486,36068,37272,34736,35696,33596,37606,36524,26020,35492,34304,39712,28216,28234,39073
33165,7260,33522,33353,33938,36068,37272,34736,35696,33596,37606,36524,26020,35492,34304,39712,28216,28234,39073
32694,21040,33430,33663,33316,35376,37409,34618,35424,33324,37748,36112,26060,34996,34195,37940,29849,29488,32960
32148,36359,33300,34113,32554,35376,37409,34618,35424,33324,37748,36112,26060,34996,34195,37940,29849,29488,32960
31666,49415,32957,34951,31814,35376,37409,34618,35424,33324,37748,36112,26060,34996,34195,37940,29849,29488,32960
31352,54791,33023,35236,31194,35376,37409,34618,35424,33324,37748,36112,26060,34996,34195,37940,29849,29488,32960
31020,52671,33071,34023,31447,35376,37409,34618,35424,33324,37748,36112,26060,34996,34195,37940,29849,29488,32960
30858,49815,33033,32809,31588,35376,37409,34618,35424,33324,37748,36112,26060,34996,34195,37940,29849,29488,32960
30943,47727,32871,32114,31527,35376,37409,34618,35424,33324,37748,36112,26060,34996,34195,37940,29849,29488,32960
31069,45733,32924,30426,31106,35376,37409,34618,35424,33324,37748,36112,26060,34996,34195,37940,29849,29488,32960
31536,43911,33095,29964,30606,35376,37409,34618,35424,33324,37748,36112,26060,34996,34195,37940,29849,29488,32960
32005,42599,33388,31855,30665,35376,37409,34618,35424,33324,37748,36112,26060,34996,34195,37940,29849,29488,32960
32740,41009,33541,33194,31910,34862,37584,34525,35516,32880,37724,35856,26089,34908,33614,38372,29572,28060,42181
33281,40157,33462,33799,32796,34862,37584,34525,35516,32880,37724,35856,26089,34908,33614,38372,29572,28060,42181
33581,39170,33276,33287,32815,34862,37584,34525,35516,32880,37724,35856,26089,34908,33614,38372,29572,28060,42181
33519,38215,33177,32801,32769,34862,37584,34525,35516,32880,37724,35856,26089,34908,33614,38372,29572,28060,42181
33353,37639,32725,32103,33608,34862,37584,34525,35516,32880,37724,35856,26089,34908,33614,38372,29572,28060,42181
33171,36903,32559,33318,34165,34862,37584,34525,35516,32880,37724,35856,26089,34908,33614,38372,29572,28060,42181
32982,36459,32677,33799,34598,34862,37584,34525,35516,32880,37724,35856,26089,34908,33614,38372,29572,28060,42181
32834,35923,32655,33379,34707,34862,37584,34525,35516,32880,37724,35856,26089,34908,33614,38372,29572,28060,42181
32757,35387,32518,31983,34175,34862,37584,34525,35516,32880,37724,35856,26089,34908,33614,38372,29572,28060,42181
32995,35271,32753,33162,34081,34862,37584,34525,35516,32880,37724,35856,26089,34908,33614,38372,29572,28060,42181
33081,34731,33249,36730,33907,34264,37514,34536,35456,32264,37592,35384,26209,34284,32600,37569,29441,32565,40177
33106,34682,33443,35572,33262,34264,37514,34536,35456,32264,37592,35384,26209,34284,32600,37569,29441,32565,40177
33205,34235,33360,32532,32964,34264,37514,34536,35456,32264,37592,35384,26209,34284,32600,37569,29441,32565,40177
33353,34273,33305,29268,32889,34264,37514,34536,35456,32264,37592,35384,26209,34284,32600,37569,29441,32565,40177
33287,33878,33273,30258,32013,34264,37514,34536,35456,32264,37592,35384,26209,34284,32600,37569,29441,32565,40177
33027,33871,33339,30763,31735,34264,37514,34536,35456,32264,37592,35384,26209,34284,32600,37569,29441,32565,40177
32660,33646,32993,32511,32053,34264,37514,34536,35456,32264,37592,35384,26209,34284,32600,37569,29441,32565,40177
32775,21568,32674,34004,31557,34264,37514,34536,35456,32264,37592,35384,26209,34284,32600,37569,29441,32565,40177
32880,14586,32126,34376,32643,34264,37514,34536,35456,32264,37592,35384,26209,34284,32600,37569,29441,32565,40177
32944,13355,31926,33033,32375,34264,37514,34536,35456,32264,37592,35384,26209,34284,32600,37569,29441,32565,40177
33088,15250,32018,32423,31911,33908,37848,34516,35450,32788,37788,35109,26360,32813,28124,35976,30202,30216,39060
33380,20261,32271,32739,33206,33908,37848,34516,35450,32788,37788,35109,26360,32813,28124,35976,30202,30216,39060
33502,25483,32399,33027,33365,33908,37848,34516,35450,32788,37788,35109,26360,32813,28124,35976,30202,30216,39060
33488,32356,32722,33472,33205,33908,37848,34516,35450,32788,37788,35109,26360,32813,28124,35976,30202,30216,39060
33570,38542,33049,33159,32623,33908,37848,34516,35450,32788,37788,35109,26360,32813,28124,35976,30202,30216,39060
33636,43726,33008,33287,32541,33908,37848,34516,35450,32788,37788,35109,26360,32813,28124,35976,30202,30216,39060
33724,43255,33129,33300,33055,33908,37848,34516,35450,32788,37788,35109,26360,32813,28124,35976,30202,30216,39060
33652,41943,33586,33308,33427,33908,37848,34516,35450,32788,37788,35109,26360,32813,28124,35976,30202,30216,39060
33595,40599,34646,32647,33497,33908,37848,34516,35450,32788,37788,35109,26360,32813,28124,35976,30202,30216,39060
33545,39647,34957,32635,33161,33908,37848,34516,35450,32788,37788,35109,26360,32813,28124,35976,30202,30216,39060
33571,38359,34493,32810,32611,33648,38056,34352,35700,32184,37984,34754,26412,33940,26796,35164,30562,33360,34616
33593,37895,34003,33031,33107,33648,38056,34352,35700,32184,37984,34754,26412,33940,26796,35164,30562,33360,34616
33622,36953,33559,32903,32997,33648,38056,34352,35700,32184,37984,34754,26412,33940,26796,35164,30562,33360,34616
33432,36626,33332,33003,32361,33648,38056,34352,35700,32184,37984,34754,26412,33940,26796,35164,30562,33360,34616
33226,35847,33099,32950,32669,33648,38056,34352,35700,32184,37984,34754,26412,33940,26796,35164,30562,33360,34616
32896,35662,32899,32903,32663,33648,38056,34352,35700,32184,37984,34754,26412,33940,26796,35164,30562,33360,34616
32649,35065,32583,32490,32711,33648,38056,34352,35700,32184,37984,34754,26412,33940,26796,35164,30562,33360,34616
32464,34976,32199,32487,33286,33648,38056,34352,35700,32184,37984,34754,26412,33940,26796,35164,30562,33360,34616
32498,34471,31988,32353,33274,33648,38056,34352,35700,32184,37984,34754,26412,33940,26796,35164,30562,33360,34616
32506,34439,31853,32583,32597,33648,38056,34352,35700,32184,37984,34754,26412,33940,26796,35164,30562,33360,34616
32630,34077,31796,32175,32849,33554,38440,34282,35436,32140,38344,34484,26432,34148,26016,34104,31816,31868,34052
32823,34036,31796,32260,32746,33554,38440,34282,35436,32140,38344,34484,26432,34148,26016,34104,31816,31868,34052
32962,48,31660,32078,33608,33554,38440,34282,35436,32140,38344,34484,26432,34148,26016,34104,31816,31868,34052
32996,1,31767,32295,33611,33554,38440,34282,35436,32140,38344,34484,26432,34148,26016,34104,31816,31868,34052
32956,5,31920,32018,33710,33554,38440,34282,35436,32140,38344,34484,26432,34148,26016,34104,31816,31868,34052
33006,10,32139,32007,32941,33554,38440,34282,35436,32140,38344,34484,26432,34148,26016,34104,31816,31868,34052
32912,9,32229,31748,33089,33554,38440,34282,35436,32140,38344,34484,26432,34148,26016,34104,31816,31868,34052
32876,4791,32564,31535,33245,33554,38440,34282,35436,32140,38344,34484,26432,34148,26016,34104,31816,31868,34052
32834,8572,32691,31235,32368,33554,38440,34282,35436,32140,38344,34484,26432,34148,26016,34104,31816,31868,34052
32639,12074,32594,30827,31366,33554,38440,34282,35436,32140,38344,34484,26432,34148,26016,34104,31816,31868,34052
32445,14810,32481,30487,30875,33260,39336,33756,35676,32256,39308,33522,26554,33634,26416,30790,35897,33926,31288
32270,17241,32467,30274,31662,33260,39336,33756,35676,32256,39308,33522,26554,33634,26416,30790,35897,33926,31288
32319,19315,32583,30279,31935,33260,39336,33756,35676,32256,39308,33522,26554,33634,26416,30790,35897,33926,31288
32192,21047,32815,29994,32426,33260,39336,33756,35676,32256,39308,33522,26554,33634,26416,30790,35897,33926,31288
32058,22519,33004,29893,32692,33260,39336,33756,35676,32256,39308,33522,26554,33634,26416,30790,35897,33926,31288
32093,23898,33118,29771,32487,33260,39336,33756,35676,32256,39308,33522,26554,33634,26416,30790,35897,33926,31288
32282,24983,33153,29629,32995,33260,39336,33756,35676,32256,39308,33522,26554,33634,26416,30790,35897,33926,31288
32400,26020,33187,29351,33643,33260,39336,33756,35676,32256,39308,33522,26554,33634,26416,30790,35897,33926,31288
32456,26893,33474,29703,32018,33260,39336,33756,35676,32256,39308,33522,26554,33634,26416,30790,35897,33926,31288
32360,27635,33749,29679,33287,33260,39336,33756,35676,32256,39308,33522,26554,33634,26416,30790,35897,33926,31288
32428,28355,34134,30343,34643,32888,40232,32872,35472,32300,39680,33648,26536,32252,26208,29004,32722,33872,33641
32517,28850,33909,31077,31837,32888,40232,32872,35472,32300,39680,33648,26536,32252,26208,29004,32722,33872,33641
32384,29447,33570,31836,34266,32888,40232,32872,35472,32300,39680,33648,26536,32252,26208,29004,32722,33872,33641
32176,29757,33175,32593,34535,32888,40232,32872,35472,32300,39680,33648,26536,32252,26208,29004,32722,33872,33641
32119,30291,33047,33707,33023,32888,40232,32872,35472,32300,39680,33648,26536,32252,26208,29004,32722,33872,33641
32097,30507,32967,30790,33443,32888,40232,32872,35472,32300,39680,33648,26536,32252,26208,29004,32722,33872,33641
32196,30912,32995,29574,34503,32888,40232,32872,35472,32300,39680,33648,26536,32252,26208,29004,32722,33872,33641
32123,31009,32739,29810,32813,32888,40232,32872,35472,32300,39680,33648,26536,32252,26208,29004,32722,33872,33641
31969,31395,32363,31531,31123,32888,40232,32872,35472,32300,39680,33648,26536,32252,26208,29004,32722,33872,33641
31890,31409,32214,33203,31104,32888,40232,32872,35472,32300,39680,33648,26536,32252,26208,29004,32722,33872,33641
31832,31713,32348,34095,30082,32648,40896,32210,35685,32600,39600,33000,26569,31264,24444,27476,30460,37878,44060
31958,31732,32477,34436,29599,32648,40896,32210,35685,32600,39600,33000,26569,31264,24444,27476,30460,37878,44060
32314,32005,32477,33931,28575,32648,40896,32210,35685,32600,39600,33000,26569,31264,24444,27476,30460,37878,44060
32466,31958,32423,33765,28221,32648,40896,32210,35685,32600,39600,33000,26569,31264,24444,27476,30460,37878,44060
32281,32139,32257,33543,28455,32648,40896,32210,35685,32600,39600,33000,26569,31264,24444,27476,30460,37878,44060
32263,32263,32259,33873,29274,32648,40896,32210,35685,32600,39600,33000,26569,31264,24444,27476,30460,37878,44060
32060,32235,32287,34023,30007,32648,40896,32210,35685,32600,39600,33000,26569,31264,24444,27476,30460,37878,44060
31896,32398,32247,34434,32333,32648,40896,32210,35685,32600,39600,33000,26569,31264,24444,27476,30460,37878,44060
31888,32330,32478,34419,33487,32648,40896,32210,35685,32600,39600,33000,26569,31264,24444,27476,30460,37878,44060
31945,32539,32706,34595,35485,32648,40896,32210,35685,32600,39600,33000,26569,31264,24444,27476,30460,37878,44060
31783,32403,32884,34311,37331,32396,40860,31520,35440,32668,39456,32304,26562,30338,24388,26444,36897,40752,31169
31668,32615,32747,34237,38463,32396,40860,31520,35440,32668,39456,32304,26562,30338,24388,26444,36897,40752,31169
31544,32429,32930,33543,39081,32396,40860,31520,35440,32668,39456,32304,26562,30338,24388,26444,36897,40752,31169
31237,39851,33012,33343,37724,32396,40860,31520,35440,32668,39456,32304,26562,30338,24388,26444,36897,40752,31169
31215,42095,32997,32453,34985,32396,40860,31520,35440,32668,39456,32304,26562,30338,24388,26444,36897,40752,31169
31166,42540,32979,31110,31653,32396,40860,31520,35440,32668,39456,32304,26562,30338,24388,26444,36897,40752,31169
30897,42375,32758,29218,28230,32396,40860,31520,35440,32668,39456,32304,26562,30338,24388,26444,36897,40752,31169
30864,41998,33064,26471,31463,32396,40860,31520,35440,32668,39456,32304,26562,30338,24388,26444,36897,40752,31169
30621,42374,33334,20042,27368,32396,40860,31520,35440,32668,39456,32304,26562,30338,24388,26444,36897,40752,31169
30798,41562,33645,22469,26251,32396,40860,31520,35440,32668,39456,32304,26562,30338,24388,26444,36897,40752,31169
31199,39943,33938,29654,29478,32058,40428,31216,35648,32644,38880,31944,26568,28332,22646,30240,40153,40720,34605
31400,37789,34375,37185,32208,32058,40428,31216,35648,32644,38880,31944,26568,28332,22646,30240,40153,40720,34605
31702,35620,34968,41891,33693,32058,40428,31216,35648,32644,38880,31944,26568,28332,22646,30240,40153,40720,34605
32152,34790,35013,43559,36764,32058,40428,31216,35648,32644,38880,31944,26568,28332,22646,30240,40153,40720,34605
33218,35087,35020,43380,39157,32058,40428,31216,35648,32644,38880,31944,26568,28332,22646,30240,40153,40720,34605
34718,35756,35179,42913,38215,32058,40428,31216,35648,32644,38880,31944,26568,28332,22646,30240,40153,40720,34605
36100,35403,34811,42744,39419,32058,40428,31216,35648,32644,38880,31944,26568,28332,22646,30240,40153,40720,34605
37440,34613,34458,42183,40761,32058,40428,31216,35648,32644,38880,31944,26568,28332,22646,30240,40153,40720,34605
38619,33850,34398,40955,35734,32058,40428,31216,35648,32644,38880,31944,26568,28332,22646,30240,40153,40720,34605
39431,32427,34684,40917,31486,32058,40428,31216,35648,32644,38880,31944,26568,28332,22646,30240,40153,40720,34605
39587,30357,35052,40239,31787,31586,40158,30992,35648,32148,39084,31228,26544,27244,20489,28332,36864,41088,29896
39561,28174,34377,39204,30843,31586,40158,30992,35648,32148,39084,31228,26544,27244,20489,28332,36864,41088,29896
39429,26792,33716,38072,29415,31586,40158,30992,35648,32148,39084,31228,26544,27244,20489,28332,36864,41088,29896
39337,26543,33019,36743,30263,31586,40158,30992,35648,32148,39084,31228,26544,27244,20489,28332,36864,41088,29896
39108,26129,32955,35933,32023,31586,40158,30992,35648,32148,39084,31228,26544,27244,20489,28332,36864,41088,29896
38544,25968,33218,34370,36749,31586,40158,30992,35648,32148,39084,31228,26544,27244,20489,28332,36864,41088,29896
37814,25787,33207,33600,33263,31586,40158,30992,35648,32148,39084,31228,26544,27244,20489,28332,36864,41088,29896
37346,25839,33087,32745,26311,31586,40158,30992,35648,32148,39084,31228,26544,27244,20489,28332,36864,41088,29896
36952,26583,32759,31535,27169,31586,40158,30992,35648,32148,39084,31228,26544,27244,20489,28332,36864,41088,29896
36313,27639,32871,30447,28095,31586,40158,30992,35648,32148,39084,31228,26544,27244,20489,28332,36864,41088,29896
35574,28163,32746,29593,29959,31346,40516,30568,35574,31984,39304,30886,26493,25416,19637,25158,38040,45753,29237
34520,28805,32307,29215,30272,31346,40516,30568,35574,31984,39304,30886,26493,25416,19637,25158,38040,45753,29237
33664,29381,31737,28578,35862,31346,40516,30568,35574,31984,39304,30886,26493,25416,19637,25158,38040,45753,29237
33555,29787,31315,27911,34517,31346,40516,30568,35574,31984,39304,30886,26493,25416,19637,25158,38040,45753,29237
33636,30323,30806,27584,32227,31346,40516,30568,35574,31984,39304,30886,26493,25416,19637,25158,38040,45753,29237
33685,30530,30697,26991,31111,31346,40516,30568,35574,31984,39304,30886,26493,25416,19637,25158,38040,45753,29237
33555,30965,30841,26869,33650,31346,40516,30568,35574,31984,39304,30886,26493,25416,19637,25158,38040,45753,29237
33505,31097,31007,26493,34853,31346,40516,30568,35574,31984,39304,30886,26493,25416,19637,25158,38040,45753,29237
33565,31463,30938,27053,31695,31346,40516,30568,35574,31984,39304,30886,26493,25416,19637,25158,38040,45753,29237
33641,31519,31154,29703,28724,31346,40516,30568,35574,31984,39304,30886,26493,25416,19637,25158,38040,45753,29237
33321,31839,31428,32445,32732,30964,40774,30306,35566,31822,39428,30632,26384,23698,15466,24424,42640,44056,28985
32545,31771,31819,33115,34487,30964,40774,30306,35566,31822,39428,30632,26384,23698,15466,24424,42640,44056,28985
32418,32083,31709,33858,30969,30964,40774,30306,35566,31822,39428,30632,26384,23698,15466,24424,42640,44056,28985
31226,40756,31504,33938,33818,30964,40774,30306,35566,31822,39428,30632,26384,23698,15466,24424,42640,44056,28985
30447,44595,30771,35107,34512,30964,40774,30306,35566,31822,39428,30632,26384,23698,15466,24424,42640,44056,28985
29909,47611,30038,35111,31086,30964,40774,30306,35566,31822,39428,30632,26384,23698,15466,24424,42640,44056,28985
29454,51179,30336,36195,33462,30964,40774,30306,35566,31822,39428,30632,26384,23698,15466,24424,42640,44056,28985
29290,55159,30054,35264,35351,30964,40774,30306,35566,31822,39428,30632,26384,23698,15466,24424,42640,44056,28985
29554,57383,29643,34978,38297,30964,40774,30306,35566,31822,39428,30632,26384,23698,15466,24424,42640,44056,28985
30048,57602,29815,35081,37677,30964,40774,30306,35566,31822,39428,30632,26384,23698,15466,24424,42640,44056,28985
30536,57705,30292,34575,35317,30777,40568,30404,35517,31860,39712,30060,26220,22682,12123,22984,42340,44322,27680
30565,57848,30461,34268,32615,30777,40568,30404,35517,31860,39712,30060,26220,22682,12123,22984,42340,44322,27680
30406,58911,30900,33964,34707,30777,40568,30404,35517,31860,39712,30060,26220,22682,12123,22984,42340,44322,27680
30128,59330,31386,34279,37236,30777,40568,30404,35517,31860,39712,30060,26220,22682,12123,22984,42340,44322,27680
29814,57507,31811,33931,31269,30777,40568,30404,35517,31860,39712,30060,26220,22682,12123,22984,42340,44322,27680
29666,54339,32119,34249,35137,30777,40568,30404,35517,31860,39712,30060,26220,22682,12123,22984,42340,44322,27680
29472,51591,32149,33769,30128,30777,40568,30404,35517,31860,39712,30060,26220,22682,12123,22984,42340,44322,27680
29192,48906,32263,33725,22851,30777,40568,30404,35517,31860,39712,30060,26220,22682,12123,22984,42340,44322,27680
29221,47063,32494,33591,26823,30777,40568,30404,35517,31860,39712,30060,26220,22682,12123,22984,42340,44322,27680
29253,45197,33092,33361,35515,30777,40568,30404,35517,31860,39712,30060,26220,22682,12123,22984,42340,44322,27680
29232,35112,33355,33295,35384,30642,40624,30004,35844,32068,39873,29460,26027,21343,6884,23809,39866,51900,32436
29285,20502,33533,33350,31782,30642,40624,30004,35844,32068,39873,29460,26027,21343,6884,23809,39866,51900,32436
29463,7840,33488,33628,26296,30642,40624,30004,35844,32068,39873,29460,26027,21343,6884,23809,39866,51900,32436
29574,22,33486,33332,27156,30642,40624,30004,35844,32068,39873,29460,26027,21343,6884,23809,39866,51900,32436
29536,11,33882,33609,37475,30642,40624,30004,35844,32068,39873,29460,26027,21343,6884,23809,39866,51900,32436
29490,1525,36023,33116,30948,30642,40624,30004,35844,32068,39873,29460,26027,21343,6884,23809,39866,51900,32436
29604,5775,36004,33042,36339,30642,40624,30004,35844,32068,39873,29460,26027,21343,6884,23809,39866,51900,32436
29744,9742,35196,33039,31142,30642,40624,30004,35844,32068,39873,29460,26027,21343,6884,23809,39866,51900,32436
30020,12872,34322,33027,30591,30642,40624,30004,35844,32068,39873,29460,26027,21343,6884,23809,39866,51900,32436
30201,15637,33530,33066,36682,30642,40624,30004,35844,32068,39873,29460,26027,21343,6884,23809,39866,51900,32436
30186,17927,33311,32660,36919,30416,40480,29544,35714,32313,40181,28982,25761,18532,101,19256,36391,46996,34700
30180,19869,33335,32685,41286,30416,40480,29544,35714,32313,40181,28982,25761,18532,101,19256,36391,46996,34700
30228,21634,33255,32165,38245,30416,40480,29544,35714,32313,40181,28982,25761,18532,101,19256,36391,46996,34700
30353,23067,32907,31942,33300,30416,40480,29544,35714,32313,40181,28982,25761,18532,101,19256,36391,46996,34700
30227,24338,32655,31843,39083,30416,40480,29544,35714,32313,40181,28982,25761,18532,101,19256,36391,46996,34700
30114,25438,32431,31751,30407,30416,40480,29544,35714,32313,40181,28982,25761,18532,101,19256,36391,46996,34700
30128,26415,32019,32079,32921,30416,40480,29544,35714,32313,40181,28982,25761,18532,101,19256,36391,46996,34700
30184,27250,31767,32236,28788,30416,40480,29544,35714,32313,40181,28982,25761,18532,101,19256,36391,46996,34700
30037,28023,31837,32439,27037,30416,40480,29544,35714,32313,40181,28982,25761,18532,101,19256,36391,46996,34700
29986,28583,31919,32483,36980,30416,40480,29544,35714,32313,40181,28982,25761,18532,101,19256,36391,46996,34700
30416,29255,31890,32760,22529,29866,40504,28221,35693,32368,40474,28140,25428,12810,96,35168,32466,44941,33980
30919,29560,31995,33210,28775,29866,40504,28221,35693,32368,40474,28140,25428,12810,96,35168,32466,44941,33980
31092,30171,32063,33308,30069,29866,40504,28221,35693,32368,40474,28140,25428,12810,96,35168,32466,44941,33980
31374,30375,32059,33933,26195,29866,40504,28221,35693,32368,40474,28140,25428,12810,96,35168,32466,44941,33980
31484,30821,32101,33838,34633,29866,40504,28221,35693,32368,40474,28140,25428,12810,96,35168,32466,44941,33980
31588,30957,32155,34263,31469,29866,40504,28221,35693,32368,40474,28140,25428,12810,96,35168,32466,44941,33980
31674,31298,32292,34599,26151,29866,40504,28221,35693,32368,40474,28140,25428,12810,96,35168,32466,44941,33980
31726,31378,32615,34557,26681,29866,40504,28221,35693,32368,40474,28140,25428,12810,96,35168,32466,44941,33980
32140,31599,32539,34025,29079,29866,40504,28221,35693,32368,40474,28140,25428,12810,96,35168,32466,44941,33980
32564,31751,32601,33426,35987,29866,40504,28221,35693,32368,40474,28140,25428,12810,96,35168,32466,44941,33980
32599,31897,32751,33642,38623,28530,40669,26456,35840,31838,41176,28732,25048,12752,100,33268,30900,43704,39602
32484,32078,32695,33387,38058,28530,40669,26456,35840,31838,41176,28732,25048,12752,100,33268,30900,43704,39602
32489,32007,32791,33638,38155,28530,40669,26456,35840,31838,41176,28732,25048,12752,100,33268,30900,43704,39602
33054,32291,33021,32982,36049,28530,40669,26456,35840,31838,41176,28732,25048,12752,100,33268,30900,43704,39602
33720,32155,33040,32164,40898,28530,40669,26456,35840,31838,41176,28732,25048,12752,100,33268,30900,43704,39602
34452,32420,33034,31943,35519,28530,40669,26456,35840,31838,41176,28732,25048,12752,100,33268,30900,43704,39602
34832,32313,33155,31545,35455,28530,40669,26456,35840,31838,41176,28732,25048,12752,100,33268,30900,43704,39602
34916,32471,33123,31215,37440,28530,40669,26456,35840,31838,41176,28732,25048,12752,100,33268,30900,43704,39602
35034,32521,32933,30664,31527,28530,40669,26456,35840,31838,41176,28732,25048,12752,100,33268,30900,43704,39602
35017,32402,32842,30373,34205,28530,40669,26456,35840,31838,41176,28732,25048,12752,100,33268,30900,43704,39602
35106,32639,32887,29863,39573,27568,40848,24738,35740,31484,40904,31712,24688,11783,4091,26428,37776,55464,41974
35098,32464,32999,29154,36435,27568,40848,24738,35740,31484,40904,31712,24688,11783,4091,26428,37776,55464,41974
34660,32677,33242,29059,27982,27568,40848,24738,35740,31484,40904,31712,24688,11783,4091,26428,37776,55464,41974
34180,32711,33103,29166,22690,27568,40848,24738,35740,31484,40904,31712,24688,11783,4091,26428,37776,55464,41974
34196,32543,32991,29382,20649,27568,40848,24738,35740,31484,40904,31712,24688,11783,4091,26428,37776,55464,41974
34491,32667,32749,30007,20345,27568,40848,24738,35740,31484,40904,31712,24688,11783,4091,26428,37776,55464,41974
34823,32746,32579,30599,28835,27568,40848,24738,35740,31484,40904,31712,24688,11783,4091,26428,37776,55464,41974
35194,32605,32595,30850,36428,27568,40848,24738,35740,31484,40904,31712,24688,11783,4091,26428,37776,55464,41974
35586,32789,32627,30771,41075,27568,40848,24738,35740,31484,40904,31712,24688,11783,4091,26428,37776,55464,41974
36128,32603,32631,30278,34470,27568,40848,24738,35740,31484,40904,31712,24688,11783,4091,26428,37776,55464,41974
36602,32775,32407,30135,36047,28300,39792,27877,35834,30568,41216,31524,24180,17994,34033,18126,46572,54868,43116
36862,32663,32093,29935,37978,28300,39792,27877,35834,30568,41216,31524,24180,17994,34033,18126,46572,54868,43116
36703,32669,32136,30435,31656,28300,39792,27877,35834,30568,41216,31524,24180,17994,34033,18126,46572,54868,43116
36135,32810,32021,30759,39446,28300,39792,27877,35834,30568,41216,31524,24180,17994,34033,18126,46572,54868,43116
35532,39623,31990,30084,54157,28300,39792,27877,35834,30568,41216,31524,24180,17994,34033,18126,46572,54868,43116
35032,45634,32016,29767,36494,28300,39792,27877,35834,30568,41216,31524,24180,17994,34033,18126,46572,54868,43116
34333,48952,32271,29392,29679,28300,39792,27877,35834,30568,41216,31524,24180,17994,34033,18126,46572,54868,43116
33936,52432,32408,29349,14,28300,39792,27877,35834,30568,41216,31524,24180,17994,34033,18126,46572,54868,43116
33746,54960,32363,29408,4038,28300,39792,27877,35834,30568,41216,31524,24180,17994,34033,18126,46572,54868,43116
33604,57391,32507,29136,26650,28300,39792,27877,35834,30568,41216,31524,24180,17994,34033,18126,46572,54868,43116
33572,59056,32629,28992,38024,29164,39393,32962,35890,29059,41692,32268,23640,18642,39000,19661,48965,61744,31832
33565,60976,32792,28704,45911,29164,39393,32962,35890,29059,41692,32268,23640,18642,39000,19661,48965,61744,31832
33342,62532,32937,28768,42044,29164,39393,32962,35890,29059,41692,32268,23640,18642,39000,19661,48965,61744,31832
32992,62615,33142,29104,17264,29164,39393,32962,35890,29059,41692,32268,23640,18642,39000,19661,48965,61744,31832
32873,59776,33228,29070,48684,29164,39393,32962,35890,29059,41692,32268,23640,18642,39000,19661,48965,61744,31832
32844,56265,33047,29381,49513,29164,39393,32962,35890,29059,41692,32268,23640,18642,39000,19661,48965,61744,31832
32641,53114,32959,29282,38195,29164,39393,32962,35890,29059,41692,32268,23640,18642,39000,19661,48965,61744,31832
32484,50559,33140,28998,18672,29164,39393,32962,35890,29059,41692,32268,23640,18642,39000,19661,48965,61744,31832
32402,48027,32924,28730,15518,29164,39393,32962,35890,29059,41692,32268,23640,18642,39000,19661,48965,61744,31832
32221,46234,32787,27677,47778,29164,39393,32962,35890,29059,41692,32268,23640,18642,39000,19661,48965,61744,31832
31872,44569,32958,26199,43162,29570,36818,37004,35880,27404,42576,33594,23007,21322,35634,6726,44573,52628,16920
31583,42874,33181,25247,42937,29570,36818,37004,35880,27404,42576,33594,23007,21322,35634,6726,44573,52628,16920
31325,41862,33526,25236,14908,29570,36818,37004,35880,27404,42576,33594,23007,21322,35634,6726,44573,52628,16920
30969,40495,33611,26277,32134,29570,36818,37004,35880,27404,42576,33594,23007,21322,35634,6726,44573,52628,16920
30677,39647,33421,27487,24063,29570,36818,37004,35880,27404,42576,33594,23007,21322,35634,6726,44573,52628,16920
30317,38787,33276,28056,45112,29570,36818,37004,35880,27404,42576,33594,23007,21322,35634,6726,44573,52628,16920
30140,38056,33445,27802,49055,29570,36818,37004,35880,27404,42576,33594,23007,21322,35634,6726,44573,52628,16920
30177,37295,33745,26646,14624,29570,36818,37004,35880,27404,42576,33594,23007,21322,35634,6726,44573,52628,16920
30177,36914,33880,25073,3995,29570,36818,37004,35880,27404,42576,33594,23007,21322,35634,6726,44573,52628,16920
30382,36078,33900,24813,38981,29570,36818,37004,35880,27404,42576,33594,23007,21322,35634,6726,44573,52628,16920
30546,35975,33766,25795,62343,31316,40968,35274,35772,27724,41872,36788,22361,18269,22952,97,39900,53233,6456
30756,35335,33399,26693,45282,31316,40968,35274,35772,27724,41872,36788,22361,18269,22952,97,39900,53233,6456
31090,35277,32883,27474,26015,31316,40968,35274,35772,27724,41872,36788,22361,18269,22952,97,39900,53233,6456
31507,34736,32482,27955,15796,31316,40968,35274,35772,27724,41872,36788,22361,18269,22952,97,39900,53233,6456
31648,34658,32308,38538,34798,31316,40968,35274,35772,27724,41872,36788,22361,18269,22952,97,39900,53233,6456
32028,34265,32318,46873,53795,31316,40968,35274,35772,27724,41872,36788,22361,18269,22952,97,39900,53233,6456
32300,34316,32333,50742,41583,31316,40968,35274,35772,27724,41872,36788,22361,18269,22952,97,39900,53233,6456
32610,33933,32282,52800,22830,31316,40968,35274,35772,27724,41872,36788,22361,18269,22952,97,39900,53233,6456
32821,33988,32245,54159,415,31316,40968,35274,35772,27724,41872,36788,22361,18269,22952,97,39900,53233,6456
33276,33644,32120,54234,19547,31316,40968,35274,35772,27724,41872,36788,22361,18269,22952,97,39900,53233,6456
33799,33749,31900,53948,43896,33416,41876,38128,35930,30093,41064,37012,21692,16393,10772,98,38997,54970,4601
34228,33490,31933,52641,33063,33416,41876,38128,35930,30093,41064,37012,21692,16393,10772,98,38997,54970,4601
34580,33558,31825,51662,22965,33416,41876,38128,35930,30093,41064,37012,21692,16393,10772,98,38997,54970,4601
34888,33263,31943,49803,26425,33416,41876,38128,35930,30093,41064,37012,21692,16393,10772,98,38997,54970,4601
35040,33421,32122,48359,23038,33416,41876,38128,35930,30093,41064,37012,21692,16393,10772,98,38997,54970,4601
35202,33164,32131,46146,48169,33416,41876,38128,35930,30093,41064,37012,21692,16393,10772,98,38997,54970,4601
35204,33317,32356,44134,52975,33416,41876,38128,35930,30093,41064,37012,21692,16393,10772,98,38997,54970,4601
35180,33046,32495,42386,41385,33416,41876,38128,35930,30093,41064,37012,21692,16393,10772,98,38997,54970,4601
35129,33209,32583,40770,29501,33416,41876,38128,35930,30093,41064,37012,21692,16393,10772,98,38997,54970,4601
34918,25730,32768,39631,20406,33416,41876,38128,35930,30093,41064,37012,21692,16393,10772,98,38997,54970,4601
34652,20136,32954,38241,7110,35696,43225,39120,36054,31457,39432,37000,20972,11733,98,98,36880,50880,65
34244,17760,33113,37555,28783,35696,43225,39120,36054,31457,39432,37000,20972,11733,98,98,36880,50880,65
34013,16014,33250,36768,22860,35696,43225,39120,36054,31457,39432,37000,20972,11733,98,98,36880,50880,65
33826,15506,33434,35958,35180,35696,43225,39120,36054,31457,39432,37000,20972,11733,98,98,36880,50880,65
33526,16317,33617,34684,38734,35696,43225,39120,36054,31457,39432,37000,20972,11733,98,98,36880,50880,65
33348,17533,33671,34422,60777,35696,43225,39120,36054,31457,39432,37000,20972,11733,98,98,36880,50880,65
33243,19330,33943,33703,59954,35696,43225,39120,36054,31457,39432,37000,20972,11733,98,98,36880,50880,65
33199,21429,33911,33493,43949,35696,43225,39120,36054,31457,39432,37000,20972,11733,98,98,36880,50880,65
33074,23903,33714,33007,28739,35696,43225,39120,36054,31457,39432,37000,20972,11733,98,98,36880,50880,65
33018,26636,33598,32907,15261,35696,43225,39120,36054,31457,39432,37000,20972,11733,98,98,36880,50880,65
32790,30053,33475,32338,22759,37680,42043,36088,36064,31824,38880,37637,20408,11405,95,99,30168,41260,63
32721,32741,33490,31940,17262,37680,42043,36088,36064,31824,38880,37637,20408,11405,95,99,30168,41260,63
32846,35104,33031,31268,10847,37680,42043,36088,36064,31824,38880,37637,20408,11405,95,99,30168,41260,63
32838,36091,32582,31554,25646,37680,42043,36088,36064,31824,38880,37637,20408,11405,95,99,30168,41260,63
32835,37128,31619,31646,36576,37680,42043,36088,36064,31824,38880,37637,20408,11405,95,99,30168,41260,63
32873,38715,31341,32067,40007,37680,42043,36088,36064,31824,38880,37637,20408,11405,95,99,30168,41260,63
32911,39143,31177,31999,51266,37680,42043,36088,36064,31824,38880,37637,20408,11405,95,99,30168,41260,63
32952,39055,31367,32486,40043,37680,42043,36088,36064,31824,38880,37637,20408,11405,95,99,30168,41260,63
32861,38535,30978,32241,33323,37680,42043,36088,36064,31824,38880,37637,20408,11405,95,99,30168,41260,63
32849,38239,30576,32219,33615,37680,42043,36088,36064,31824,38880,37637,20408,11405,95,99,30168,41260,63
32877,37791,30476,31666,34493,36704,41202,32880,35946,32037,38140,40864,19670,16626,99,2296,27188,26652,4888
32885,38075,30625,31583,34054,36704,41202,32880,35946,32037,38140,40864,19670,16626,99,2296,27188,26652,4888
32694,36921,30683,31447,35061,36704,41202,32880,35946,32037,38140,40864,19670,16626,99,2296,27188,26652,4888
32658,36062,30583,31220,40479,36704,41202,32880,35946,32037,38140,40864,19670,16626,99,2296,27188,26652,4888
32591,35031,30373,30700,34453,36704,41202,32880,35946,32037,38140,40864,19670,16626,99,2296,27188,26652,4888
32529,34251,30242,30134,28489,36704,41202,32880,35946,32037,38140,40864,19670,16626,99,2296,27188,26652,4888
32512,33414,30411,29929,21371,36704,41202,32880,35946,32037,38140,40864,19670,16626,99,2296,27188,26652,4888
32620,32594,30983,29606,33869,36704,41202,32880,35946,32037,38140,40864,19670,16626,99,2296,27188,26652,4888
32598,30871,31589,29861,30722,36704,41202,32880,35946,32037,38140,40864,19670,16626,99,2296,27188,26652,4888
32677,29536,31974,29729,21816,36704,41202,32880,35946,32037,38140,40864,19670,16626,99,2296,27188,26652,4888
32789,28136,32283,29953,35612,34296,41778,31272,36144,32619,39720,40936,19208,20284,123,9920,21168,34200,19557
32830,26953,32652,29855,45019,34296,41778,31272,36144,32619,39720,40936,19208,20284,123,9920,21168,34200,19557
32812,26546,32879,30005,41822,34296,41778,31272,36144,32619,39720,40936,19208,20284,123,9920,21168,34200,19557
32895,25711,33275,30002,33631,34296,41778,31272,36144,32619,39720,40936,19208,20284,123,9920,21168,34200,19557
32915,24531,33255,30333,31059,34296,41778,31272,36144,32619,39720,40936,19208,20284,123,9920,21168,34200,19557
33004,24201,33127,30327,23586,34296,41778,31272,36144,32619,39720,40936,19208,20284,123,9920,21168,34200,19557
33044,23376,32821,30750,25698,34296,41778,31272,36144,32619,39720,40936,19208,20284,123,9920,21168,34200,19557
33179,22222,32287,31107,30221,34296,41778,31272,36144,32619,39720,40936,19208,20284,123,9920,21168,34200,19557
33168,21431,31459,31676,29915,34296,41778,31272,36144,32619,39720,40936,19208,20284,123,9920,21168,34200,19557
33260,21545,31022,31800,26402,34296,41778,31272,36144,32619,39720,40936,19208,20284,123,9920,21168,34200,19557
33228,22047,30779,31868,35810,33560,42708,33480,35948,33504,39164,39808,18532,18226,3129,16272,19553,26487,33940
33064,22786,30297,32182,37366,33560,42708,33480,35948,33504,39164,39808,18532,18226,3129,16272,19553,26487,33940
33135,23860,30103,31859,44365,33560,42708,33480,35948,33504,39164,39808,18532,18226,3129,16272,19553,26487,33940
33302,25491,29843,32061,34253,33560,42708,33480,35948,33504,39164,39808,18532,18226,3129,16272,19553,26487,33940
33360,28163,29822,32122,28798,33560,42708,33480,35948,33504,39164,39808,18532,18226,3129,16272,19553,26487,33940
33424,31570,29968,31940,28085,33560,42708,33480,35948,33504,39164,39808,18532,18226,3129,16272,19553,26487,33940
33452,34373,30286,32289,39590,33560,42708,33480,35948,33504,39164,39808,18532,18226,3129,16272,19553,26487,33940
33544,36814,29878,32018,40132,33560,42708,33480,35948,33504,39164,39808,18532,18226,3129,16272,19553,26487,33940
33522,38393,29092,32103,28852,33560,42708,33480,35948,33504,39164,39808,18532,18226,3129,16272,19553,26487,33940
33561,39622,28283,32025,29964,33560,42708,33480,35948,33504,39164,39808,18532,18226,3129,16272,19553,26487,33940
33442,40887,27998,31849,34932,34181,42106,33240,35920,32968,37088,39180,18148,18196,7162,25296,17700,12609,29184
33508,41671,27926,32146,27314,34181,42106,33240,35920,32968,37088,39180,18148,18196,7162,25296,17700,12609,29184
33473,41574,28096,32351,22220,34181,42106,33240,35920,32968,37088,39180,18148,18196,7162,25296,17700,12609,29184
33324,42192,28502,32339,25663,34181,42106,33240,35920,32968,37088,39180,18148,18196,7162,25296,17700,12609,29184
33079,41764,29108,32895,29380,34181,42106,33240,35920,32968,37088,39180,18148,18196,7162,25296,17700,12609,29184
33078,41175,29737,32723,29621,34181,42106,33240,35920,32968,37088,39180,18148,18196,7162,25296,17700,12609,29184
33179,40561,30220,33243,31385,34181,42106,33240,35920,32968,37088,39180,18148,18196,7162,25296,17700,12609,29184
33043,39279,30435,33135,32487,34181,42106,33240,35920,32968,37088,39180,18148,18196,7162,25296,17700,12609,29184
32981,38906,30726,33817,37895,34181,42106,33240,35920,32968,37088,39180,18148,18196,7162,25296,17700,12609,29184
32909,38530,31963,33918,41604,34181,42106,33240,35920,32968,37088,39180,18148,18196,7162,25296,17700,12609,29184
32891,37643,33163,34319,41085,36088,41896,33198,35605,32067,38048,39014,17752,15792,8755,29952,17260,4561,24996
32796,35867,34198,34439,36567,36088,41896,33198,35605,32067,38048,39014,17752,15792,8755,29952,17260,4561,24996
32878,35405,34805,35023,31144,36088,41896,33198,35605,32067,38048,39014,17752,15792,8755,29952,17260,4561,24996
33031,34414,35683,34823,26759,36088,41896,33198,35605,32067,38048,39014,17752,15792,8755,29952,17260,4561,24996
33054,32525,36338,34983,28247,36088,41896,33198,35605,32067,38048,39014,17752,15792,8755,29952,17260,4561,24996
33150,31015,36756,34767,30924,36088,41896,33198,35605,32067,38048,39014,17752,15792,8755,29952,17260,4561,24996
33039,29663,36531,34148,29361,36088,41896,33198,35605,32067,38048,39014,17752,15792,8755,29952,17260,4561,24996
32998,28651,36545,33599,27567,36088,41896,33198,35605,32067,38048,39014,17752,15792,8755,29952,17260,4561,24996
33035,27335,36976,33201,25939,36088,41896,33198,35605,32067,38048,39014,17752,15792,8755,29952,17260,4561,24996
33149,26332,37194,33694,35349,36088,41896,33198,35605,32067,38048,39014,17752,15792,8755,29952,17260,4561,24996
33220,26099,37369,34733,32706,37240,42356,32658,35489,31520,38288,39556,17570,13995,7618,32964,16926,2674,19699
33319,25883,36979,34753,27397,37240,42356,32658,35489,31520,38288,39556,17570,13995,7618,32964,16926,2674,19699
33376,25738,37254,34978,35675,37240,42356,32658,35489,31520,38288,39556,17570,13995,7618,32964,16926,2674,19699
33374,26184,37172,35741,45215,37240,42356,32658,35489,31520,38288,39556,17570,13995,7618,32964,16926,2674,19699
33450,26953,37399,37046,45050,37240,42356,32658,35489,31520,38288,39556,17570,13995,7618,32964,16926,2674,19699
33298,27246,37541,38891,40058,37240,42356,32658,35489,31520,38288,39556,17570,13995,7618,32964,16926,2674,19699
33128,27676,37645,39680,32006,37240,42356,32658,35489,31520,38288,39556,17570,13995,7618,32964,16926,2674,19699
32946,28437,38367,40790,29876,37240,42356,32658,35489,31520,38288,39556,17570,13995,7618,32964,16926,2674,19699
32881,29252,38305,41725,30227,37240,42356,32658,35489,31520,38288,39556,17570,13995,7618,32964,16926,2674,19699
32946,29806,37847,42180,28461,37240,42356,32658,35489,31520,38288,39556,17570,13995,7618,32964,16926,2674,19699
32969,30098,36797,41827,30198,36872,43464,33908,35200,32048,37820,38912,17322,13465,7993,31757,17370,62,20353
32899,31191,35941,40579,36611,36872,43464,33908,35200,32048,37820,38912,17322,13465,7993,31757,17370,62,20353
32780,31703,35611,38742,36647,36872,43464,33908,35200,32048,37820,38912,17322,13465,7993,31757,17370,62,20353
32739,32127,35245,37315,31617,36872,43464,33908,35200,32048,37820,38912,17322,13465,7993,31757,17370,62,20353
32805,32598,35296,35471,28695,36872,43464,33908,35200,32048,37820,38912,17322,13465,7993,31757,17370,62,20353
33014,32514,35645,35071,31339,36872,43464,33908,35200,32048,37820,38912,17322,13465,7993,31757,17370,62,20353
33341,32241,35823,34021,33367,36872,43464,33908,35200,32048,37820,38912,17322,13465,7993,31757,17370,62,20353
33216,32615,35703,33617,33143,36872,43464,33908,35200,32048,37820,38912,17322,13465,7993,31757,17370,62,20353
32879,32559,35382,32859,36359,36872,43464,33908,35200,32048,37820,38912,17322,13465,7993,31757,17370,62,20353
32681,32731,35151,32295,35213,36872,43464,33908,35200,32048,37820,38912,17322,13465,7993,31757,17370,62,20353
32486,31936,34823,31702,32754,36340,43449,35312,35132,32720,36702,39732,17232,14071,7843,32004,14017,61,27241
32196,31618,34443,31401,34839,36340,43449,35312,35132,32720,36702,39732,17232,14071,7843,32004,14017,61,27241
32098,30767,34355,32127,37659,36340,43449,35312,35132,32720,36702,39732,17232,14071,7843,32004,14017,61,27241
32109,30867,34423,32255,33837,36340,43449,35312,35132,32720,36702,39732,17232,14071,7843,32004,14017,61,27241
32196,31001,34423,31805,27894,36340,43449,35312,35132,32720,36702,39732,17232,14071,7843,32004,14017,61,27241
32328,31138,34447,31140,26573,36340,43449,35312,35132,32720,36702,39732,17232,14071,7843,32004,14017,61,27241
32385,30690,34821,30988,29006,36340,43449,35312,35132,32720,36702,39732,17232,14071,7843,32004,14017,61,27241
32480,31013,35113,30553,30885,36340,43449,35312,35132,32720,36702,39732,17232,14071,7843,32004,14017,61,27241
32423,31076,34429,30653,30500,36340,43449,35312,35132,32720,36702,39732,17232,14071,7843,32004,14017,61,27241
32249,31652,33529,29915,29575,36340,43449,35312,35132,32720,36702,39732,17232,14071,7843,32004,14017,61,27241
32233,32115,32729,29991,30903,36424,42356,35500,35028,32536,35516,39776,17117,14080,8648,36884,14026,60,17418
32188,32631,32903,30338,33903,36424,42356,35500,35028,32536,35516,39776,17117,14080,8648,36884,14026,60,17418
32290,33279,33338,30477,36783,36424,42356,35500,35028,32536,35516,39776,17117,14080,8648,36884,14026,60,17418
32154,34384,33815,30383,34747,36424,42356,35500,35028,32536,35516,39776,17117,14080,8648,36884,14026,60,17418
32159,34682,34042,30065,33058,36424,42356,35500,35028,32536,35516,39776,17117,14080,8648,36884,14026,60,17418
32244,35498,33985,29898,31683,36424,42356,35500,35028,32536,35516,39776,17117,14080,8648,36884,14026,60,17418
32454,35545,33746,29703,31565,36424,42356,35500,35028,32536,35516,39776,17117,14080,8648,36884,14026,60,17418
32576,36423,33507,29942,32395,36424,42356,35500,35028,32536,35516,39776,17117,14080,8648,36884,14026,60,17418
32511,36867,33171,29948,33831,36424,42356,35500,35028,32536,35516,39776,17117,14080,8648,36884,14026,60,17418
32523,37285,32909,30519,36329,36424,42356,35500,35028,32536,35516,39776,17117,14080,8648,36884,14026,60,17418
32410,37159,32837,31033,37148,36170,41121,35208,34912,32606,34809,39704,17050,15552,12348,41324,13685,61,13052
32340,36771,32538,31890,33730,36170,41121,35208,34912,32606,34809,39704,17050,15552,12348,41324,13685,61,13052
32340,35436,32423,32191,32435,36170,41121,35208,34912,32606,34809,39704,17050,15552,12348,41324,13685,61,13052
32343,35014,32802,33091,32290,36170,41121,35208,34912,32606,34809,39704,17050,15552,12348,41324,13685,61,13052
32436,33483,33126,33443,32124,36170,41121,35208,34912,32606,34809,39704,17050,15552,12348,41324,13685,61,13052
32434,32285,32421,34140,32091,36170,41121,35208,34912,32606,34809,39704,17050,15552,12348,41324,13685,61,13052
32290,30506,32041,34391,30479,36170,41121,35208,34912,32606,34809,39704,17050,15552,12348,41324,13685,61,13052
32044,29582,32143,35686,28615,36170,41121,35208,34912,32606,34809,39704,17050,15552,12348,41324,13685,61,13052
31862,28551,31761,36404,28315,36170,41121,35208,34912,32606,34809,39704,17050,15552,12348,41324,13685,61,13052
31557,27505,31903,36843,28758,36170,41121,35208,34912,32606,34809,39704,17050,15552,12348,41324,13685,61,13052
31605,26960,32444,36925,30413,36547,40336,35265,34838,32034,34472,40021,17288,16892,15395,44160,13444,59,21316
32224,26455,33146,36297,32346,36547,40336,35265,34838,32034,34472,40021,17288,16892,15395,44160,13444,59,21316
32618,26469,33023,37046,36198,36547,40336,35265,34838,32034,34472,40021,17288,16892,15395,44160,13444,59,21316
32537,27015,32847,36964,33886,36547,40336,35265,34838,32034,34472,40021,17288,16892,15395,44160,13444,59,21316
32324,27281,32741,37438,35987,36547,40336,35265,34838,32034,34472,40021,17288,16892,15395,44160,13444,59,21316
32306,27609,31975,37696,35733,36547,40336,35265,34838,32034,34472,40021,17288,16892,15395,44160,13444,59,21316
32404,27847,31222,37303,35619,36547,40336,35265,34838,32034,34472,40021,17288,16892,15395,44160,13444,59,21316
32450,29331,31077,35677,36487,36547,40336,35265,34838,32034,34472,40021,17288,16892,15395,44160,13444,59,21316
32356,30823,31001,34265,35185,36547,40336,35265,34838,32034,34472,40021,17288,16892,15395,44160,13444,59,21316
32338,32806,30739,32821,35106,36547,40336,35265,34838,32034,34472,40021,17288,16892,15395,44160,13444,59,21316
32424,34579,30159,31873,33131,36256,39872,35648,34584,32348,34400,40018,17456,17776,20868,42320,13603,60,17004
32364,35455,30407,30607,32139,36256,39872,35648,34584,32348,34400,40018,17456,17776,20868,42320,13603,60,17004
32413,34950,30857,29171,32049,36256,39872,35648,34584,32348,34400,40018,17456,17776,20868,42320,13603,60,17004
32508,35069,31331,28393,31509,36256,39872,35648,34584,32348,34400,40018,17456,17776,20868,42320,13603,60,17004
32402,36285,31625,27382,32803,36256,39872,35648,34584,32348,34400,40018,17456,17776,20868,42320,13603,60,17004
32131,36701,31302,26621,32686,36256,39872,35648,34584,32348,34400,40018,17456,17776,20868,42320,13603,60,17004
32111,37707,31881,25951,34578,36256,39872,35648,34584,32348,34400,40018,17456,17776,20868,42320,13603,60,17004
32201,38702,32015,25252,34575,36256,39872,35648,34584,32348,34400,40018,17456,17776,20868,42320,13603,60,17004
32315,40351,31557,24889,34463,36256,39872,35648,34584,32348,34400,40018,17456,17776,20868,42320,13603,60,17004
32205,41819,31812,25123,33063,36256,39872,35648,34584,32348,34400,40018,17456,17776,20868,42320,13603,60,17004
32055,41801,32161,25287,31927,35920,39565,36096,34712,32520,34361,39612,17674,18772,25841,40751,12410,59,19855
32188,42533,31950,25803,31539,35920,39565,36096,34712,32520,34361,39612,17674,18772,25841,40751,12410,59,19855
32520,42819,31235,26310,30645,35920,39565,36096,34712,32520,34361,39612,17674,18772,25841,40751,12410,59,19855
32796,43219,30452,27017,31220,35920,39565,36096,34712,32520,34361,39612,17674,18772,25841,40751,12410,59,19855
32638,43819,29988,27363,30595,35920,39565,36096,34712,32520,34361,39612,17674,18772,25841,40751,12410,59,19855
32435,44080,30522,27833,31309,35920,39565,36096,34712,32520,34361,39612,17674,18772,25841,40751,12410,59,19855
32304,44063,30641,28197,32178,35920,39565,36096,34712,32520,34361,39612,17674,18772,25841,40751,12410,59,19855
32223,44070,30739,28652,31277,35920,39565,36096,34712,32520,34361,39612,17674,18772,25841,40751,12410,59,19855
32320,43373,31791,29159,31810,35920,39565,36096,34712,32520,34361,39612,17674,18772,25841,40751,12410,59,19855
32363,43241,32613,29362,31903,35920,39565,36096,34712,32520,34361,39612,17674,18772,25841,40751,12410,59,19855
32536,42731,33227,29306,32012,36032,38776,36720,34696,32517,33556,40186,17752,20382,29732,42576,11576,60,22836
32594,41637,33693,29405,31499,36032,38776,36720,34696,32517,33556,40186,17752,20382,29732,42576,11576,60,22836
32692,40950,34265,29556,32223,36032,38776,36720,34696,32517,33556,40186,17752,20382,29732,42576,11576,60,22836
32641,39074,34725,29415,33089,36032,38776,36720,34696,32517,33556,40186,17752,20382,29732,42576,11576,60,22836
32647,38208,34089,29093,32175,36032,38776,36720,34696,32517,33556,40186,17752,20382,29732,42576,11576,60,22836
32688,37682,32045,28489,33634,36032,38776,36720,34696,32517,33556,40186,17752,20382,29732,42576,11576,60,22836
32551,37115,30406,28290,34021,36032,38776,36720,34696,32517,33556,40186,17752,20382,29732,42576,11576,60,22836
32357,37981,29499,28388,33625,36032,38776,36720,34696,32517,33556,40186,17752,20382,29732,42576,11576,60,22836
32032,37506,30233,28036,34468,36032,38776,36720,34696,32517,33556,40186,17752,20382,29732,42576,11576,60,22836
31895,36878,32868,28142,34758,36032,38776,36720,34696,32517,33556,40186,17752,20382,29732,42576,11576,60,22836
31897,36451,34522,28447,34477,36152,37928,37532,34720,33252,32932,40524,18234,22412,34829,37676,12154,60,18828
31958,33383,34591,28802,34374,36152,37928,37532,34720,33252,32932,40524,18234,22412,34829,37676,12154,60,18828
32153,31856,33469,28791,34404,36152,37928,37532,34720,33252,32932,40524,18234,22412,34829,37676,12154,60,18828
32285,31051,32604,28907,34196,36152,37928,37532,34720,33252,32932,40524,18234,22412,34829,37676,12154,60,18828
32418,31477,32495,29311,33484,36152,37928,37532,34720,33252,32932,40524,18234,22412,34829,37676,12154,60,18828
32431,31302,32550,29699,32807,36152,37928,37532,34720,33252,32932,40524,18234,22412,34829,37676,12154,60,18828
32334,31006,33037,30327,32703,36152,37928,37532,34720,33252,32932,40524,18234,22412,34829,37676,12154,60,18828
32211,29703,32594,30629,31053,36152,37928,37532,34720,33252,32932,40524,18234,22412,34829,37676,12154,60,18828
31914,28459,32316,31258,30975,36152,37928,37532,34720,33252,32932,40524,18234,22412,34829,37676,12154,60,18828
31790,27434,32858,31627,30718,36152,37928,37532,34720,33252,32932,40524,18234,22412,34829,37676,12154,60,18828
31538,27030,33037,32046,30010,36266,36544,38048,34648,33412,32322,40242,18696,24389,37384,34181,12254,60,17046
31030,26765,32675,32549,30124,36266,36544,38048,34648,33412,32322,40242,18696,24389,37384,34181,12254,60,17046
30688,26445,32383,32975,29733,36266,36544,38048,34648,33412,32322,40242,18696,24389,37384,34181,12254,60,17046
30760,26923,32143,32891,29970,36266,36544,38048,34648,33412,32322,40242,18696,24389,37384,34181,12254,60,17046
30820,27525,31622,33371,30631,36266,36544,38048,34648,33412,32322,40242,18696,24389,37384,34181,12254,60,17046
30970,28847,31158,32983,30695,36266,36544,38048,34648,33412,32322,40242,18696,24389,37384,34181,12254,60,17046
31167,29861,31077,33202,33035,36266,36544,38048,34648,33412,32322,40242,18696,24389,37384,34181,12254,60,17046
31234,30462,30816,33183,33943,36266,36544,38048,34648,33412,32322,40242,18696,24389,37384,34181,12254,60,17046
31305,30727,30955,32796,34037,36266,36544,38048,34648,33412,32322,40242,18696,24389,37384,34181,12254,60,17046
31871,31031,32156,32937,33508,36266,36544,38048,34648,33412,32322,40242,18696,24389,37384,34181,12254,60,17046
32476,31307,32816,32994,33958,35826,35208,38030,34656,33226,31616,40100,19113,26068,36810,29251,13912,60,11868
32871,30899,32563,32999,34158,35826,35208,38030,34656,33226,31616,40100,19113,26068,36810,29251,13912,60,11868
32950,30735,31404,33227,34797,35826,35208,38030,34656,33226,31616,40100,19113,26068,36810,29251,13912,60,11868
32604,30441,30592,33157,35212,35826,35208,38030,34656,33226,31616,40100,19113,26068,36810,29251,13912,60,11868
32250,30339,30775,32771,34582,35826,35208,38030,34656,33226,31616,40100,19113,26068,36810,29251,13912,60,11868
31775,29476,31262,33138,34400,35826,35208,38030,34656,33226,31616,40100,19113,26068,36810,29251,13912,60,11868
32564,28581,31686,32856,33772,35826,35208,38030,34656,33226,31616,40100,19113,26068,36810,29251,13912,60,11868
33514,28390,32799,33298,32829,35826,35208,38030,34656,33226,31616,40100,19113,26068,36810,29251,13912,60,11868
33835,28462,33903,33211,32667,35826,35208,38030,34656,33226,31616,40100,19113,26068,36810,29251,13912,60,11868
33886,28839,34363,33058,33143,35826,35208,38030,34656,33226,31616,40100,19113,26068,36810,29251,13912,60,11868
33730,31013,34326,33169,32599,35464,33887,37894,34589,33600,31328,40164,19657,28496,38676,25121,14954,60,13605
33343,31694,33897,33099,32285,35464,33887,37894,34589,33600,31328,40164,19657,28496,38676,25121,14954,60,13605
33459,31037,33974,33620,31235,35464,33887,37894,34589,33600,31328,40164,19657,28496,38676,25121,14954,60,13605
34415,30032,33980,34138,31866,35464,33887,37894,34589,33600,31328,40164,19657,28496,38676,25121,14954,60,13605
34703,29634,33759,33674,30642,35464,33887,37894,34589,33600,31328,40164,19657,28496,38676,25121,14954,60,13605
35220,30224,33845,34119,30653,35464,33887,37894,34589,33600,31328,40164,19657,28496,38676,25121,14954,60,13605
35061,30475,34147,33946,32071,35464,33887,37894,34589,33600,31328,40164,19657,28496,38676,25121,14954,60,13605
34981,30327,33973,34175,35359,35464,33887,37894,34589,33600,31328,40164,19657,28496,38676,25121,14954,60,13605
34839,30239,33419,33326,35433,35464,33887,37894,34589,33600,31328,40164,19657,28496,38676,25121,14954,60,13605
34546,30133,33483,33567,36603,35464,33887,37894,34589,33600,31328,40164,19657,28496,38676,25121,14954,60,13605
34882,28630,34105,33536,49707,35108,32777,37428,34428,34128,30784,40724,20292,29937,38159,23856,14942,60,26230
35220,29740,34082,33775,47679,35108,32777,37428,34428,34128,30784,40724,20292,29937,38159,23856,14942,60,26230
35884,31629,33757,33028,20067,35108,32777,37428,34428,34128,30784,40724,20292,29937,38159,23856,14942,60,26230
36231,34311,33734,31871,3492,35108,32777,37428,34428,34128,30784,40724,20292,29937,38159,23856,14942,60,26230
36263,35058,34025,31285,20403,35108,32777,37428,34428,34128,30784,40724,20292,29937,38159,23856,14942,60,26230
36293,34931,34748,31813,42769,35108,32777,37428,34428,34128,30784,40724,20292,29937,38159,23856,14942,60,26230
35256,34127,35091,32387,39967,35108,32777,37428,34428,34128,30784,40724,20292,29937,38159,23856,14942,60,26230
34578,34676,35030,33191,37546,35108,32777,37428,34428,34128,30784,40724,20292,29937,38159,23856,14942,60,26230
33885,35903,34745,33970,28287,35108,32777,37428,34428,34128,30784,40724,20292,29937,38159,23856,14942,60,26230
33568,36631,34468,34211,31687,35108,32777,37428,34428,34128,30784,40724,20292,29937,38159,23856,14942,60,26230
33371,37254,34054,34224,36965,35292,32149,36914,34186,35328,30642,40640,20914,30477,36584,29324,15183,59,41784
33154,39079,33758,34151,39248,35292,32149,36914,34186,35328,30642,40640,20914,30477,36584,29324,15183,59,41784
32642,42049,33403,34279,41444,35292,32149,36914,34186,35328,30642,40640,20914,30477,36584,29324,15183,59,41784
32482,44277,32805,33774,38387,35292,32149,36914,34186,35328,30642,40640,20914,30477,36584,29324,15183,59,41784
33064,45008,32469,34007,32910,35292,32149,36914,34186,35328,30642,40640,20914,30477,36584,29324,15183,59,41784
33433,44791,32325,33263,34221,35292,32149,36914,34186,35328,30642,40640,20914,30477,36584,29324,15183,59,41784
33544,43061,31946,33246,37921,35292,32149,36914,34186,35328,30642,40640,20914,30477,36584,29324,15183,59,41784
34370,41889,31207,32910,36558,35292,32149,36914,34186,35328,30642,40640,20914,30477,36584,29324,15183,59,41784
35166,40673,30995,33879,32866,35292,32149,36914,34186,35328,30642,40640,20914,30477,36584,29324,15183,59,41784
35305,39478,31337,33558,30402,35292,32149,36914,34186,35328,30642,40640,20914,30477,36584,29324,15183,59,41784
35042,38725,31515,33765,26739,35434,31240,36988,33994,36253,30860,40196,21676,30722,42884,26412,14268,61,58376
34305,37895,31517,33543,26137,35434,31240,36988,33994,36253,30860,40196,21676,30722,42884,26412,14268,61,58376
33725,37189,31716,33825,26646,35434,31240,36988,33994,36253,30860,40196,21676,30722,42884,26412,14268,61,58376
33492,36715,31967,33517,28029,35434,31240,36988,33994,36253,30860,40196,21676,30722,42884,26412,14268,61,58376
34073,35974,32148,34426,28257,35434,31240,36988,33994,36253,30860,40196,21676,30722,42884,26412,14268,61,58376
34119,35777,32292,35174,30135,35434,31240,36988,33994,36253,30860,40196,21676,30722,42884,26412,14268,61,58376
32789,35175,32658,34917,30375,35434,31240,36988,33994,36253,30860,40196,21676,30722,42884,26412,14268,61,58376
31726,35113,32922,33742,31143,35434,31240,36988,33994,36253,30860,40196,21676,30722,42884,26412,14268,61,58376
31716,34630,33119,32873,32775,35434,31240,36988,33994,36253,30860,40196,21676,30722,42884,26412,14268,61,58376
32148,34531,33474,32045,34290,35434,31240,36988,33994,36253,30860,40196,21676,30722,42884,26412,14268,61,58376
33466,34309,33907,31581,34273,35526,31268,36032,33984,36036,31580,39218,22546,30100,41897,38208,14483,61,57080
34921,33922,34455,31839,34214,35526,31268,36032,33984,36036,31580,39218,22546,30100,41897,38208,14483,61,57080
35208,32491,34547,32027,34736,35526,31268,36032,33984,36036,31580,39218,22546,30100,41897,38208,14483,61,57080
35474,28736,34470,31790,35931,35526,31268,36032,33984,36036,31580,39218,22546,30100,41897,38208,14483,61,57080
36059,26985,34565,31845,36359,35526,31268,36032,33984,36036,31580,39218,22546,30100,41897,38208,14483,61,57080
36767,25975,34305,31925,36295,35526,31268,36032,33984,36036,31580,39218,22546,30100,41897,38208,14483,61,57080
36591,25029,34189,32365,35874,35526,31268,36032,33984,36036,31580,39218,22546,30100,41897,38208,14483,61,57080
35637,23169,33985,32549,34171,35526,31268,36032,33984,36036,31580,39218,22546,30100,41897,38208,14483,61,57080
34916,21774,33788,32630,34303,35526,31268,36032,33984,36036,31580,39218,22546,30100,41897,38208,14483,61,57080
33772,20858,33855,32065,33472,35526,31268,36032,33984,36036,31580,39218,22546,30100,41897,38208,14483,61,57080
32684,20187,34301,31841,32853,34172,30698,35976,33938,34850,32856,38360,23250,28993,41360,44425,17936,2528,45428
31698,19772,34469,31702,32279,34172,30698,35976,33938,34850,32856,38360,23250,28993,41360,44425,17936,2528,45428
31058,19655,34463,31913,32231,34172,30698,35976,33938,34850,32856,38360,23250,28993,41360,44425,17936,2528,45428
31568,19032,34633,31974,31441,34172,30698,35976,33938,34850,32856,38360,23250,28993,41360,44425,17936,2528,45428
31908,18102,34479,32156,33134,34172,30698,35976,33938,34850,32856,38360,23250,28993,41360,44425,17936,2528,45428
31826,16646,34324,31864,34720,34172,30698,35976,33938,34850,32856,38360,23250,28993,41360,44425,17936,2528,45428
32374,15684,34152,31437,36282,34172,30698,35976,33938,34850,32856,38360,23250,28993,41360,44425,17936,2528,45428
33862,14569,34047,32225,37318,34172,30698,35976,33938,34850,32856,38360,23250,28993,41360,44425,17936,2528,45428
36151,12878,34059,31879,37354,34172,30698,35976,33938,34850,32856,38360,23250,28993,41360,44425,17936,2528,45428
37970,10928,34394,31920,36180,34172,30698,35976,33938,34850,32856,38360,23250,28993,41360,44425,17936,2528,45428
38010,9192,34662,33428,34876,34322,31560,34320,34002,33242,34048,38130,23864,30778,34508,47808,20288,9727,37524
37247,10319,34679,33905,32791,34322,31560,34320,34002,33242,34048,38130,23864,30778,34508,47808,20288,9727,37524
35541,13468,34169,33522,29838,34322,31560,34320,34002,33242,34048,38130,23864,30778,34508,47808,20288,9727,37524
33316,15999,33503,31992,26941,34322,31560,34320,34002,33242,34048,38130,23864,30778,34508,47808,20288,9727,37524
31350,18223,33154,31258,25804,34322,31560,34320,34002,33242,34048,38130,23864,30778,34508,47808,20288,9727,37524
31010,20149,33205,31255,26015,34322,31560,34320,34002,33242,34048,38130,23864,30778,34508,47808,20288,9727,37524
30460,21740,32652,31785,25517,34322,31560,34320,34002,33242,34048,38130,23864,30778,34508,47808,20288,9727,37524
29383,23168,32555,32839,27413,34322,31560,34320,34002,33242,34048,38130,23864,30778,34508,47808,20288,9727,37524
28590,24402,32623,33239,29607,34322,31560,34320,34002,33242,34048,38130,23864,30778,34508,47808,20288,9727,37524
29307,25534,33240,32811,29526,34322,31560,34320,34002,33242,34048,38130,23864,30778,34508,47808,20288,9727,37524
30323,26434,33578,33190,34387,33748,32258,32924,34148,32616,35588,37896,24464,31262,28193,46804,27137,16840,29044
31472,27274,33218,33245,36223,33748,32258,32924,34148,32616,35588,37896,24464,31262,28193,46804,27137,16840,29044
32900,27984,32860,34167,36434,33748,32258,32924,34148,32616,35588,37896,24464,31262,28193,46804,27137,16840,29044
33252,28581,31654,34268,35431,33748,32258,32924,34148,32616,35588,37896,24464,31262,28193,46804,27137,16840,29044
31881,29215,31601,35135,29686,33748,32258,32924,34148,32616,35588,37896,24464,31262,28193,46804,27137,16840,29044
29364,47868,32076,35954,25829,33748,32258,32924,34148,32616,35588,37896,24464,31262,28193,46804,27137,16840,29044
27343,65364,32668,36084,26564,33748,32258,32924,34148,32616,35588,37896,24464,31262,28193,46804,27137,16840,29044
25752,65516,32537,36049,27816,33748,32258,32924,34148,32616,35588,37896,24464,31262,28193,46804,27137,16840,29044
24312,65535,32144,36212,28723,33748,32258,32924,34148,32616,35588,37896,24464,31262,28193,46804,27137,16840,29044
22751,65528,32301,35796,26984,33748,32258,32924,34148,32616,35588,37896,24464,31262,28193,46804,27137,16840,29044
21501,63450,32711,35483,31908,33066,32741,31549,34084,32620,35852,37800,24744,31952,37224,38260,28660,26476,26060
20669,59177,33316,34365,36569,33066,32741,31549,34084,32620,35852,37800,24744,31952,37224,38260,28660,26476,26060
20662,55676,33524,33548,39226,33066,32741,31549,34084,32620,35852,37800,24744,31952,37224,38260,28660,26476,26060
20970,34834,33549,32494,38860,33066,32741,31549,34084,32620,35852,37800,24744,31952,37224,38260,28660,26476,26060
21188,33287,33805,32966,39162,33066,32741,31549,34084,32620,35852,37800,24744,31952,37224,38260,28660,26476,26060
21118,32583,33911,33362,37131,33066,32741,31549,34084,32620,35852,37800,24744,31952,37224,38260,28660,26476,26060
21016,32057,34085,34219,35137,33066,32741,31549,34084,32620,35852,37800,24744,31952,37224,38260,28660,26476,26060
20374,31535,33989,33872,31401,33066,32741,31549,34084,32620,35852,37800,24744,31952,37224,38260,28660,26476,26060
20050,34230,33311,34170,32984,33066,32741,31549,34084,32620,35852,37800,24744,31952,37224,38260,28660,26476,26060
20158,41836,32587,34786,31850,33066,32741,31549,34084,32620,35852,37800,24744,31952,37224,38260,28660,26476,26060
20544,44551,31924,36132,32247,32429,34032,30626,34265,32712,33898,37816,24980,28321,42640,29620,31636,35640,27392
21191,41177,31235,35623,33375,32429,34032,30626,34265,32712,33898,37816,24980,28321,42640,29620,31636,35640,27392
23344,36404,30437,34814,35602,32429,34032,30626,34265,32712,33898,37816,24980,28321,42640,29620,31636,35640,27392
25413,28445,29564,33979,36084,32429,34032,30626,34265,32712,33898,37816,24980,28321,42640,29620,31636,35640,27392
28584,17738,28830,33756,37464,32429,34032,30626,34265,32712,33898,37816,24980,28321,42640,29620,31636,35640,27392
32956,5531,28418,34483,38209,32429,34032,30626,34265,32712,33898,37816,24980,28321,42640,29620,31636,35640,27392
35965,13,28702,34276,37562,32429,34032,30626,34265,32712,33898,37816,24980,28321,42640,29620,31636,35640,27392
37167,2636,28530,34137,36768,32429,34032,30626,34265,32712,33898,37816,24980,28321,42640,29620,31636,35640,27392
38050,6906,28741,33588,35759,32429,34032,30626,34265,32712,33898,37816,24980,28321,42640,29620,31636,35640,27392
38792,10639,28901,33106,33318,32429,34032,30626,34265,32712,33898,37816,24980,28321,42640,29620,31636,35640,27392
39776,13566,29394,32484,30782,30732,34844,30728,34340,32272,31544,37164,25060,25525,51177,17434,36634,39300,22353
40922,16371,30446,32762,30816,30732,34844,30728,34340,32272,31544,37164,25060,25525,51177,17434,36634,39300,22353
42840,18499,31678,32514,31175,30732,34844,30728,34340,32272,31544,37164,25060,25525,51177,17434,36634,39300,22353
43475,20491,32924,33539,27411,30732,34844,30728,34340,32272,31544,37164,25060,25525,51177,17434,36634,39300,22353
39600,21980,33839,34231,25847,30732,34844,30728,34340,32272,31544,37164,25060,25525,51177,17434,36634,39300,22353
32649,23425,34274,33017,33447,30732,34844,30728,34340,32272,31544,37164,25060,25525,51177,17434,36634,39300,22353
32441,24698,34987,30898,29446,30732,34844,30728,34340,32272,31544,37164,25060,25525,51177,17434,36634,39300,22353
34156,25694,35807,30355,30455,30732,34844,30728,34340,32272,31544,37164,25060,25525,51177,17434,36634,39300,22353
36942,26658,36441,30399,31590,30732,34844,30728,34340,32272,31544,37164,25060,25525,51177,17434,36634,39300,22353
40851,27463,36888,30735,30959,30732,34844,30728,34340,32272,31544,37164,25060,25525,51177,17434,36634,39300,22353
44456,28039,37053,31977,31218,28732,35116,30312,34620,31768,29842,37497,24968,29432,58404,32328,38132,43842,9697
47002,28648,37303,31687,32102,28732,35116,30312,34620,31768,29842,37497,24968,29432,58404,32328,38132,43842,9697
49532,29143,37395,30336,32432,28732,35116,30312,34620,31768,29842,37497,24968,29432,58404,32328,38132,43842,9697
51232,29642,37719,29680,34043,28732,35116,30312,34620,31768,29842,37497,24968,29432,58404,32328,38132,43842,9697
51963,29908,37857,30086,33451,28732,35116,30312,34620,31768,29842,37497,24968,29432,58404,32328,38132,43842,9697
50914,39700,37964,30928,33630,28732,35116,30312,34620,31768,29842,37497,24968,29432,58404,32328,38132,43842,9697
49776,47120,38130,32123,35078,28732,35116,30312,34620,31768,29842,37497,24968,29432,58404,32328,38132,43842,9697
46886,52126,38292,31784,34326,28732,35116,30312,34620,31768,29842,37497,24968,29432,58404,32328,38132,43842,9697
43732,53560,38340,30809,33727,28732,35116,30312,34620,31768,29842,37497,24968,29432,58404,32328,38132,43842,9697
41904,47974,37863,30166,34105,28732,35116,30312,34620,31768,29842,37497,24968,29432,58404,32328,38132,43842,9697
41378,38393,35865,28906,33999,27896,34272,31212,35116,32088,28338,38584,25086,37968,65484,41449,43180,49775,71
41015,28710,33780,29545,33747,27896,34272,31212,35116,32088,28338,38584,25086,37968,65484,41449,43180,49775,71
40617,20574,32993,31819,32257,27896,34272,31212,35116,32088,28338,38584,25086,37968,65484,41449,43180,49775,71
39839,21461,33612,33156,32143,27896,34272,31212,35116,32088,28338,38584,25086,37968,65484,41449,43180,49775,71
39374,23047,33730,32825,31719,27896,34272,31212,35116,32088,28338,38584,25086,37968,65484,41449,43180,49775,71
38833,24370,34103,32221,30963,27896,34272,31212,35116,32088,28338,38584,25086,37968,65484,41449,43180,49775,71
38098,25467,35330,30338,31767,27896,34272,31212,35116,32088,28338,38584,25086,37968,65484,41449,43180,49775,71
36626,26595,36735,29237,31877,27896,34272,31212,35116,32088,28338,38584,25086,37968,65484,41449,43180,49775,71
35444,27423,37886,29661,31160,27896,34272,31212,35116,32088,28338,38584,25086,37968,65484,41449,43180,49775,71
34407,28196,38395,33112,32255,27896,34272,31212,35116,32088,28338,38584,25086,37968,65484,41449,43180,49775,71
32612,28867,37110,36151,32404,29856,31724,30596,35442,32802,27797,39756,25206,39452,65480,36040,35002,65408,11600
31215,29398,34050,36108,31709,29856,31724,30596,35442,32802,27797,39756,25206,39452,65480,36040,35002,65408,11600
29564,29945,29213,34886,32921,29856,31724,30596,35442,32802,27797,39756,25206,39452,65480,36040,35002,65408,11600
27953,30237,24538,33386,34069,29856,31724,30596,35442,32802,27797,39756,25206,39452,65480,36040,35002,65408,11600
27234,30714,20228,33470,33719,29856,31724,30596,35442,32802,27797,39756,25206,39452,65480,36040,35002,65408,11600
27389,30865,17694,34629,33831,29856,31724,30596,35442,32802,27797,39756,25206,39452,65480,36040,35002,65408,11600
28097,31122,16700,33431,33753,29856,31724,30596,35442,32802,27797,39756,25206,39452,65480,36040,35002,65408,11600
28706,31501,16411,32627,33159,29856,31724,30596,35442,32802,27797,39756,25206,39452,65480,36040,35002,65408,11600
29148,31614,16960,32181,34265,29856,31724,30596,35442,32802,27797,39756,25206,39452,65480,36040,35002,65408,11600
29220,31659,18797,32755,34243,29856,31724,30596,35442,32802,27797,39756,25206,39452,65480,36040,35002,65408,11600
28646,31943,21579,32958,34263,31674,29924,33540,35186,33689,27628,37982,25120,35562,32252,28591,21732,65420,43229
28425,31917,23366,33383,34727,31674,29924,33540,35186,33689,27628,37982,25120,35562,32252,28591,21732,65420,43229
28772,32227,24408,35237,35686,31674,29924,33540,35186,33689,27628,37982,25120,35562,32252,28591,21732,65420,43229
28684,32071,25293,38209,34714,31674,29924,33540,35186,33689,27628,37982,25120,35562,32252,28591,21732,65420,43229
28053,45784,26421,38752,34388,31674,29924,33540,35186,33689,27628,37982,25120,35562,32252,28591,21732,65420,43229
27280,65512,25705,37120,33648,31674,29924,33540,35186,33689,27628,37982,25120,35562,32252,28591,21732,65420,43229
26872,65532,25317,34744,32460,31674,29924,33540,35186,33689,27628,37982,25120,35562,32252,28591,21732,65420,43229
27255,65535,25045,35153,32650,31674,29924,33540,35186,33689,27628,37982,25120,35562,32252,28591,21732,65420,43229
28066,65530,25682,31994,30951,31674,29924,33540,35186,33689,27628,37982,25120,35562,32252,28591,21732,65420,43229
27572,63832,26235,31217,30666,31674,29924,33540,35186,33689,27628,37982,25120,35562,32252,28591,21732,65420,43229
27130,59543,26754,31832,29859,35968,31464,34730,35202,33816,27720,36304,25160,29601,16540,37768,29640,65416,62
27311,55984,27500,31653,28182,35968,31464,34730,35202,33816,27720,36304,25160,29601,16540,37768,29640,65416,62
27776,52756,28884,31944,31169,35968,31464,34730,35202,33816,27720,36304,25160,29601,16540,37768,29640,65416,62
28012,50253,30494,33962,30036,35968,31464,34730,35202,33816,27720,36304,25160,29601,16540,37768,29640,65416,62
28596,48047,32087,32856,31610,35968,31464,34730,35202,33816,27720,36304,25160,29601,16540,37768,29640,65416,62
29744,46027,33458,30964,32889,35968,31464,34730,35202,33816,27720,36304,25160,29601,16540,37768,29640,65416,62
30102,44224,35090,30439,32999,35968,31464,34730,35202,33816,27720,36304,25160,29601,16540,37768,29640,65416,62
29254,42919,36165,30564,33298,35968,31464,34730,35202,33816,27720,36304,25160,29601,16540,37768,29640,65416,62
28643,41719,36694,31719,33847,35968,31464,34730,35202,33816,27720,36304,25160,29601,16540,37768,29640,65416,62
29793,40455,37131,34114,33846,35968,31464,34730,35202,33816,27720,36304,25160,29601,16540,37768,29640,65416,62
30069,39519,37699,34625,33869,35997,33784,29132,35040,32368,32270,25960,24978,35714,26156,36784,57949,26400,62
29793,38710,38544,32575,34353,35997,33784,29132,35040,32368,32270,25960,24978,35714,26156,36784,57949,26400,62
29946,37686,38892,30997,35421,35997,33784,29132,35040,32368,32270,25960,24978,35714,26156,36784,57949,26400,62
28573,37359,39291,30136,33639,35997,33784,29132,35040,32368,32270,25960,24978,35714,26156,36784,57949,26400,62
29911,36758,39903,30834,33631,35997,33784,29132,35040,32368,32270,25960,24978,35714,26156,36784,57949,26400,62
31794,36163,40107,31657,33749,35997,33784,29132,35040,32368,32270,25960,24978,35714,26156,36784,57949,26400,62
33221,35875,39925,30917,34375,35997,33784,29132,35040,32368,32270,25960,24978,35714,26156,36784,57949,26400,62
32946,35276,39335,33222,33556,35997,33784,29132,35040,32368,32270,25960,24978,35714,26156,36784,57949,26400,62
32568,35203,39586,33935,33469,35997,33784,29132,35040,32368,32270,25960,24978,35714,26156,36784,57949,26400,62
32809,34738,39181,34870,33101,35997,33784,29132,35040,32368,32270,25960,24978,35714,26156,36784,57949,26400,62
33200,34621,38479,33718,31839,33594,34441,21554,35130,31224,53532,34704,24520,35688,60428,100,40378,49352,8469
33358,34417,38164,33059,31927,33594,34441,21554,35130,31224,53532,34704,24520,35688,60428,100,40378,49352,8469
32954,34059,37594,31567,31150,33594,34441,21554,35130,31224,53532,34704,24520,35688,60428,100,40378,49352,8469
32535,34115,37042,31311,30126,33594,34441,21554,35130,31224,53532,34704,24520,35688,60428,100,40378,49352,8469
31735,33778,36059,32243,29663,33594,34441,21554,35130,31224,53532,34704,24520,35688,60428,100,40378,49352,8469
31628,33716,35122,33682,30818,33594,34441,21554,35130,31224,53532,34704,24520,35688,60428,100,40378,49352,8469
31596,33735,34487,33047,31479,33594,34441,21554,35130,31224,53532,34704,24520,35688,60428,100,40378,49352,8469
31594,33474,34106,31635,31840,33594,34441,21554,35130,31224,53532,34704,24520,35688,60428,100,40378,49352,8469
31871,33374,33227,32854,31171,33594,34441,21554,35130,31224,53532,34704,24520,35688,60428,100,40378,49352,8469
32151,33490,32485,32867,31200,33594,34441,21554,35130,31224,53532,34704,24520,35688,60428,100,40378,49352,8469
31996,33219,32425,31605,32723,32060,44073,26546,34972,39337,46282,44280,23662,22526,34538,12701,40868,65420,45752
31218,33207,32355,34614,33119,32060,44073,26546,34972,39337,46282,44280,23662,22526,34538,12701,40868,65420,45752
30658,33353,32370,34900,34264,32060,44073,26546,34972,39337,46282,44280,23662,22526,34538,12701,40868,65420,45752
30808,33098,32442,32797,35317,32060,44073,26546,34972,39337,46282,44280,23662,22526,34538,12701,40868,65420,45752
31230,33135,32203,32150,35698,32060,44073,26546,34972,39337,46282,44280,23662,22526,34538,12701,40868,65420,45752
30431,33229,32087,31646,34863,32060,44073,26546,34972,39337,46282,44280,23662,22526,34538,12701,40868,65420,45752
29190,32977,32590,33459,35871,32060,44073,26546,34972,39337,46282,44280,23662,22526,34538,12701,40868,65420,45752
28903,33212,33174,34311,33883,32060,44073,26546,34972,39337,46282,44280,23662,22526,34538,12701,40868,65420,45752
29863,32924,33139,34321,34719,32060,44073,26546,34972,39337,46282,44280,23662,22526,34538,12701,40868,65420,45752
30544,33031,32927,33759,34183,32060,44073,26546,34972,39337,46282,44280,23662,22526,34538,12701,40868,65420,45752
30866,24728,33190,32308,33844,33437,52244,37752,35114,40056,35082,34474,23424,35072,34821,18093,36984,65422,42328
31641,10458,32955,31580,34333,33437,52244,37752,35114,40056,35082,34474,23424,35072,34821,18093,36984,65422,42328
32666,3108,32528,31637,32532,33437,52244,37752,35114,40056,35082,34474,23424,35072,34821,18093,36984,65422,42328
33316,16,32706,32812,32127,33437,52244,37752,35114,40056,35082,34474,23424,35072,34821,18093,36984,65422,42328
33510,15,32897,35423,31303,33437,52244,37752,35114,40056,35082,34474,23424,35072,34821,18093,36984,65422,42328
33601,14,32990,35760,31474,33437,52244,37752,35114,40056,35082,34474,23424,35072,34821,18093,36984,65422,42328
33868,10,32485,35089,31567,33437,52244,37752,35114,40056,35082,34474,23424,35072,34821,18093,36984,65422,42328
34265,3029,31731,34407,31466,33437,52244,37752,35114,40056,35082,34474,23424,35072,34821,18093,36984,65422,42328
34812,7108,31291,33968,32120,33437,52244,37752,35114,40056,35082,34474,23424,35072,34821,18093,36984,65422,42328
35261,10634,31364,31853,32357,33437,52244,37752,35114,40056,35082,34474,23424,35072,34821,18093,36984,65422,42328
35525,13817,32120,28777,32255,37232,45400,31136,35418,36496,32036,37954,23264,34359,53216,28916,41000,64209,1740
35506,16284,32659,29071,32929,37232,45400,31136,35418,36496,32036,37954,23264,34359,53216,28916,41000,64209,1740
35236,18525,32637,31864,33109,37232,45400,31136,35418,36496,32036,37954,23264,34359,53216,28916,41000,64209,1740
34670,26426,33090,32336,32888,37232,45400,31136,35418,36496,32036,37954,23264,34359,53216,28916,41000,64209,1740
33650,33186,33765,32112,34956,37232,45400,31136,35418,36496,32036,37954,23264,34359,53216,28916,41000,64209,1740
32712,37837,34096,32411,33890,37232,45400,31136,35418,36496,32036,37954,23264,34359,53216,28916,41000,64209,1740
32140,40507,34358,32774,32769,37232,45400,31136,35418,36496,32036,37954,23264,34359,53216,28916,41000,64209,1740
31761,40014,34320,34806,33275,37232,45400,31136,35418,36496,32036,37954,23264,34359,53216,28916,41000,64209,1740
31392,39488,34375,34755,32709,37232,45400,31136,35418,36496,32036,37954,23264,34359,53216,28916,41000,64209,1740
31030,37831,34276,35619,31773,37232,45400,31136,35418,36496,32036,37954,23264,34359,53216,28916,41000,64209,1740
30757,35723,33717,34998,31349,41460,40532,32592,35504,35128,31904,39052,23154,34762,64984,45108,34424,65416,25152
30654,31767,33563,34271,31967,41460,40532,32592,35504,35128,31904,39052,23154,34762,64984,45108,34424,65416,25152
30788,30068,33851,33445,32487,41460,40532,32592,35504,35128,31904,39052,23154,34762,64984,45108,34424,65416,25152
30983,28073,33524,33948,32977,41460,40532,32592,35504,35128,31904,39052,23154,34762,64984,45108,34424,65416,25152
31181,25679,32807,35286,33312,41460,40532,32592,35504,35128,31904,39052,23154,34762,64984,45108,34424,65416,25152
31560,26461,32307,34095,33334,41460,40532,32592,35504,35128,31904,39052,23154,34762,64984,45108,34424,65416,25152
31762,30081,31687,30550,33307,41460,40532,32592,35504,35128,31904,39052,23154,34762,64984,45108,34424,65416,25152
31801,33858,31079,27610,32939,41460,40532,32592,35504,35128,31904,39052,23154,34762,64984,45108,34424,65416,25152
31810,35047,30422,27056,32357,41460,40532,32592,35504,35128,31904,39052,23154,34762,64984,45108,34424,65416,25152
31726,37298,29969,29912,31900,41460,40532,32592,35504,35128,31904,39052,23154,34762,64984,45108,34424,65416,25152
31330,41525,29866,31962,31686,40612,33516,35569,35272,36732,30164,41664,23056,36944,58624,61352,29986,59992,32011
31352,44671,30106,32431,31504,40612,33516,35569,35272,36732,30164,41664,23056,36944,58624,61352,29986,59992,32011
31749,46599,30087,31387,31728,40612,33516,35569,35272,36732,30164,41664,23056,36944,58624,61352,29986,59992,32011
32173,48534,30619,31468,31509,40612,33516,35569,35272,36732,30164,41664,23056,36944,58624,61352,29986,59992,32011
32464,50045,30971,29409,30833,40612,33516,35569,35272,36732,30164,41664,23056,36944,58624,61352,29986,59992,32011
32730,53471,30317,31630,32129,40612,33516,35569,35272,36732,30164,41664,23056,36944,58624,61352,29986,59992,32011
32980,56712,31022,33878,32465,40612,33516,35569,35272,36732,30164,41664,23056,36944,58624,61352,29986,59992,32011
33292,58122,32661,34634,33462,40612,33516,35569,35272,36732,30164,41664,23056,36944,58624,61352,29986,59992,32011
33452,56053,33093,32557,32729,40612,33516,35569,35272,36732,30164,41664,23056,36944,58624,61352,29986,59992,32011
33596,52854,32036,30938,32091,40612,33516,35569,35272,36732,30164,41664,23056,36944,58624,61352,29986,59992,32011
33572,50423,31123,32572,33409,39932,31092,37746,35180,35584,30032,42596,22802,42000,45906,61384,19928,56096,41904
33594,48105,30322,34631,32547,39932,31092,37746,35180,35584,30032,42596,22802,42000,45906,61384,19928,56096,41904
33648,46047,30514,33749,31447,39932,31092,37746,35180,35584,30032,42596,22802,42000,45906,61384,19928,56096,41904
33488,44480,30959,34263,31465,39932,31092,37746,35180,35584,30032,42596,22802,42000,45906,61384,19928,56096,41904
33416,42755,31715,34532,31374,39932,31092,37746,35180,35584,30032,42596,22802,42000,45906,61384,19928,56096,41904
33932,41655,31728,33678,32569,39932,31092,37746,35180,35584,30032,42596,22802,42000,45906,61384,19928,56096,41904
34630,28477,31006,31553,31735,39932,31092,37746,35180,35584,30032,42596,22802,42000,45906,61384,19928,56096,41904
35099,22889,30234,31705,32759,39932,31092,37746,35180,35584,30032,42596,22802,42000,45906,61384,19928,56096,41904
35360,15469,30547,33094,33020,39932,31092,37746,35180,35584,30032,42596,22802,42000,45906,61384,19928,56096,41904
35386,2756,30296,32476,33596,39932,31092,37746,35180,35584,30032,42596,22802,42000,45906,61384,19928,56096,41904
35236,16,30744,33380,32807,38112,30864,36344,34848,34184,31235,42992,22640,46300,43736,63240,23829,65417,65420
35243,9,31169,32895,32966,38112,30864,36344,34848,34184,31235,42992,22640,46300,43736,63240,23829,65417,65420
35312,2267,31439,33657,32696,38112,30864,36344,34848,34184,31235,42992,22640,46300,43736,63240,23829,65417,65420
35162,24109,31800,32742,33176,38112,30864,36344,34848,34184,31235,42992,22640,46300,43736,63240,23829,65417,65420
35033,46132,31874,33959,32638,38112,30864,36344,34848,34184,31235,42992,22640,46300,43736,63240,23829,65417,65420
35081,60011,31929,33348,33941,38112,30864,36344,34848,34184,31235,42992,22640,46300,43736,63240,23829,65417,65420
35070,58499,32173,33082,6461,38112,30864,36344,34848,34184,31235,42992,22640,46300,43736,63240,23829,65417,65420
35216,55136,32596,33173,20506,38112,30864,36344,34848,34184,31235,42992,22640,46300,43736,63240,23829,65417,65420
35321,52176,33046,33778,58808,38112,30864,36344,34848,34184,31235,42992,22640,46300,43736,63240,23829,65417,65420
35213,49586,33369,33055,53672,38112,30864,36344,34848,34184,31235,42992,22640,46300,43736,63240,23829,65417,65420
34968,47202,33607,33673,45411,37212,30628,36122,34820,33968,33036,42696,22429,49549,38004,47001,27552,65420,65416
34610,45471,33915,33541,31539,37212,30628,36122,34820,33968,33036,42696,22429,49549,38004,47001,27552,65420,65416
34258,43744,34239,33549,26687,37212,30628,36122,34820,33968,33036,42696,22429,49549,38004,47001,27552,65420,65416
34067,42358,34339,33126,24877,37212,30628,36122,34820,33968,33036,42696,22429,49549,38004,47001,27552,65420,65416
34057,41065,34573,31907,29399,37212,30628,36122,34820,33968,33036,42696,22429,49549,38004,47001,27552,65420,65416
33910,39906,34863,32570,35024,37212,30628,36122,34820,33968,33036,42696,22429,49549,38004,47001,27552,65420,65416
33552,39175,35034,33863,37486,37212,30628,36122,34820,33968,33036,42696,22429,49549,38004,47001,27552,65420,65416
33301,38079,35270,34574,32450,37212,30628,36122,34820,33968,33036,42696,22429,49549,38004,47001,27552,65420,65416
32809,37602,35558,34562,29813,37212,30628,36122,34820,33968,33036,42696,22429,49549,38004,47001,27552,65420,65416
32260,15106,35762,32849,31424,37212,30628,36122,34820,33968,33036,42696,22429,49549,38004,47001,27552,65420,65416
31870,25,35762,31838,30720,36358,32902,36838,35144,35677,42900,40820,22449,57472,43030,29756,30076,41464,56052
31708,9,35608,31660,36624,36358,32902,36838,35144,35677,42900,40820,22449,57472,43030,29756,30076,41464,56052
31833,9,35718,31597,34487,36358,32902,36838,35144,35677,42900,40820,22449,57472,43030,29756,30076,41464,56052
32036,9,36052,33390,27965,36358,32902,36838,35144,35677,42900,40820,22449,57472,43030,29756,30076,41464,56052
32376,3301,36203,34584,30981,36358,32902,36838,35144,35677,42900,40820,22449,57472,43030,29756,30076,41464,56052
32688,7433,36295,34335,40015,36358,32902,36838,35144,35677,42900,40820,22449,57472,43030,29756,30076,41464,56052
32916,11087,35969,34164,32762,36358,32902,36838,35144,35677,42900,40820,22449,57472,43030,29756,30076,41464,56052
32890,13933,35145,33428,34406,36358,32902,36838,35144,35677,42900,40820,22449,57472,43030,29756,30076,41464,56052
32514,16565,34875,32551,33106,36358,32902,36838,35144,35677,42900,40820,22449,57472,43030,29756,30076,41464,56052
32199,18719,35005,34391,32689,36358,32902,36838,35144,35677,42900,40820,22449,57472,43030,29756,30076,41464,56052
32096,20584,34878,34669,30793,35232,36648,37840,35248,32618,42452,40237,22420,50757,52111,31828,33645,41847,39052
32176,22191,34585,34237,30937,35232,36648,37840,35248,32618,42452,40237,22420,50757,52111,31828,33645,41847,39052
32464,23590,34741,34931,32893,35232,36648,37840,35248,32618,42452,40237,22420,50757,52111,31828,33645,41847,39052
32620,24709,34991,35061,34306,35232,36648,37840,35248,32618,42452,40237,22420,50757,52111,31828,33645,41847,39052
32966,25774,35012,35270,34491,35232,36648,37840,35248,32618,42452,40237,22420,50757,52111,31828,33645,41847,39052
33363,26689,34643,33709,32885,35232,36648,37840,35248,32618,42452,40237,22420,50757,52111,31828,33645,41847,39052
33539,27481,34329,30697,32907,35232,36648,37840,35248,32618,42452,40237,22420,50757,52111,31828,33645,41847,39052
33742,28159,34119,31895,32617,35232,36648,37840,35248,32618,42452,40237,22420,50757,52111,31828,33645,41847,39052
34072,28793,34191,33657,32584,35232,36648,37840,35248,32618,42452,40237,22420,50757,52111,31828,33645,41847,39052
34324,29262,34175,33900,33264,35232,36648,37840,35248,32618,42452,40237,22420,50757,52111,31828,33645,41847,39052
34446,29780,33958,33862,33302,34785,41422,38226,35458,28400,37330,40536,22214,46794,42668,22621,28004,38464,40102
34596,30074,33799,33315,33159,34785,41422,38226,35458,28400,37330,40536,22214,46794,42668,22621,28004,38464,40102
34779,30527,33980,33297,32338,34785,41422,38226,35458,28400,37330,40536,22214,46794,42668,22621,28004,38464,40102
34920,30712,34115,33537,32531,34785,41422,38226,35458,28400,37330,40536,22214,46794,42668,22621,28004,38464,40102
35040,31063,34019,33895,32533,34785,41422,38226,35458,28400,37330,40536,22214,46794,42668,22621,28004,38464,40102
34932,40879,33509,34294,32875,34785,41422,38226,35458,28400,37330,40536,22214,46794,42668,22621,28004,38464,40102
34906,47105,33023,34422,32449,34785,41422,38226,35458,28400,37330,40536,22214,46794,42668,22621,28004,38464,40102
34800,50055,32594,34093,32222,34785,41422,38226,35458,28400,37330,40536,22214,46794,42668,22621,28004,38464,40102
34577,51498,32276,34159,32025,34785,41422,38226,35458,28400,37330,40536,22214,46794,42668,22621,28004,38464,40102
34277,52048,32067,34119,32155,34785,41422,38226,35458,28400,37330,40536,22214,46794,42668,22621,28004,38464,40102
33926,51820,31804,33753,32612,34658,46056,37744,35394,28706,35613,40161,22172,43314,45880,36112,26894,31521,40224
33677,51129,31576,33466,32929,34658,46056,37744,35394,28706,35613,40161,22172,43314,45880,36112,26894,31521,40224
33510,49552,31653,33431,32549,34658,46056,37744,35394,28706,35613,40161,22172,43314,45880,36112,26894,31521,40224
33374,47971,31621,33671,32743,34658,46056,37744,35394,28706,35613,40161,22172,43314,45880,36112,26894,31521,40224
33281,46043,31634,33352,32951,34658,46056,37744,35394,28706,35613,40161,22172,43314,45880,36112,26894,31521,40224
32966,45383,31658,33666,33135,34658,46056,37744,35394,28706,35613,40161,22172,43314,45880,36112,26894,31521,40224
32727,44473,31700,33047,33195,34658,46056,37744,35394,28706,35613,40161,22172,43314,45880,36112,26894,31521,40224
32816,44316,31850,33177,32947,34658,46056,37744,35394,28706,35613,40161,22172,43314,45880,36112,26894,31521,40224
32623,44295,31939,32630,32487,34658,46056,37744,35394,28706,35613,40161,22172,43314,45880,36112,26894,31521,40224
31816,44679,31931,32354,32923,34658,46056,37744,35394,28706,35613,40161,22172,43314,45880,36112,26894,31521,40224
30954,45447,31911,31989,33371,34989,45896,38213,35612,30104,36197,41600,22308,45100,48424,37740,22756,33272,46673
30392,46494,31978,31568,32583,34989,45896,38213,35612,30104,36197,41600,22308,45100,48424,37740,22756,33272,46673
29804,48351,31944,31474,33831,34989,45896,38213,35612,30104,36197,41600,22308,45100,48424,37740,22756,33272,46673
29366,50212,31831,31403,32997,34989,45896,38213,35612,30104,36197,41600,22308,45100,48424,37740,22756,33272,46673
29161,49846,31876,31559,32299,34989,45896,38213,35612,30104,36197,41600,22308,45100,48424,37740,22756,33272,46673
29285,47959,32028,31866,32841,34989,45896,38213,35612,30104,36197,41600,22308,45100,48424,37740,22756,33272,46673
29371,45935,32009,31989,32658,34989,45896,38213,35612,30104,36197,41600,22308,45100,48424,37740,22756,33272,46673
29640,44283,31979,32168,31419,34989,45896,38213,35612,30104,36197,41600,22308,45100,48424,37740,22756,33272,46673
29856,42933,31907,32191,32114,34989,45896,38213,35612,30104,36197,41600,22308,45100,48424,37740,22756,33272,46673
30179,41301,31919,32421,31881,34989,45896,38213,35612,30104,36197,41600,22308,45100,48424,37740,22756,33272,46673
30547,40547,32000,32479,32435,34898,43872,36560,35732,31760,38003,40642,22540,50113,51504,36547,25458,30268,51599
30727,39423,31986,32941,32806,34898,43872,36560,35732,31760,38003,40642,22540,50113,51504,36547,25458,30268,51599
30901,38670,31935,32871,34528,34898,43872,36560,35732,31760,38003,40642,22540,50113,51504,36547,25458,30268,51599
30997,37931,31926,33200,36551,34898,43872,36560,35732,31760,38003,40642,22540,50113,51504,36547,25458,30268,51599
30941,37079,31981,32985,29161,34898,43872,36560,35732,31760,38003,40642,22540,50113,51504,36547,25458,30268,51599
31218,36751,32047,33309,27661,34898,43872,36560,35732,31760,38003,40642,22540,50113,51504,36547,25458,30268,51599
31805,36263,32246,33146,31886,34898,43872,36560,35732,31760,38003,40642,22540,50113,51504,36547,25458,30268,51599
32098,35674,32375,33605,33527,34898,43872,36560,35732,31760,38003,40642,22540,50113,51504,36547,25458,30268,51599
32330,35459,32458,33577,35729,34898,43872,36560,35732,31760,38003,40642,22540,50113,51504,36547,25458,30268,51599
32310,34949,32564,34213,35245,34898,43872,36560,35732,31760,38003,40642,22540,50113,51504,36547,25458,30268,51599
32244,34895,32592,33967,34613,34604,39512,36928,35530,31440,39346,41032,22784,52852,49216,30708,30358,30732,42802
31986,34427,32467,34119,34631,34604,39512,36928,35530,31440,39346,41032,22784,52852,49216,30708,30358,30732,42802
31972,34226,32487,34079,33307,34604,39512,36928,35530,31440,39346,41032,22784,52852,49216,30708,30358,30732,42802
32212,34249,32549,33586,32611,34604,39512,36928,35530,31440,39346,41032,22784,52852,49216,30708,30358,30732,42802
32485,33863,32562,33941,33069,34604,39512,36928,35530,31440,39346,41032,22784,52852,49216,30708,30358,30732,42802
32653,33929,32613,33636,32262,34604,39512,36928,35530,31440,39346,41032,22784,52852,49216,30708,30358,30732,42802
32520,33807,32487,33756,33168,34604,39512,36928,35530,31440,39346,41032,22784,52852,49216,30708,30358,30732,42802
32417,33501,32407,33755,32441,34604,39512,36928,35530,31440,39346,41032,22784,52852,49216,30708,30358,30732,42802
32439,33602,32178,33254,29701,34604,39512,36928,35530,31440,39346,41032,22784,52852,49216,30708,30358,30732,42802
32244,33330,32027,33211,27839,34604,39512,36928,35530,31440,39346,41032,22784,52852,49216,30708,30358,30732,42802
32131,9,32019,32596,28514,33134,38684,37192,35564,31440,40578,40306,22904,51053,48720,32264,35906,31354,31100
32207,5,31744,32168,32932,33134,38684,37192,35564,31440,40578,40306,22904,51053,48720,32264,35906,31354,31100
32300,42406,31746,31420,37054,33134,38684,37192,35564,31440,40578,40306,22904,51053,48720,32264,35906,31354,31100
32509,45629,31751,30687,32731,33134,38684,37192,35564,31440,40578,40306,22904,51053,48720,32264,35906,31354,31100
33060,33,31877,30988,32436,33134,38684,37192,35564,31440,40578,40306,22904,51053,48720,32264,35906,31354,31100
34055,11,31943,30912,32066,33134,38684,37192,35564,31440,40578,40306,22904,51053,48720,32264,35906,31354,31100
35041,10,32068,31449,32786,33134,38684,37192,35564,31440,40578,40306,22904,51053,48720,32264,35906,31354,31100
35516,2136,32142,32433,31279,33134,38684,37192,35564,31440,40578,40306,22904,51053,48720,32264,35906,31354,31100
36100,6510,32260,33154,32176,33134,38684,37192,35564,31440,40578,40306,22904,51053,48720,32264,35906,31354,31100
36824,10136,32320,34384,16160,33134,38684,37192,35564,31440,40578,40306,22904,51053,48720,32264,35906,31354,31100
37407,13122,32361,35833,7154,32605,40076,36201,35476,31628,42642,38624,23152,52301,39516,30448,39840,33832,33616
37556,15947,32513,38456,33066,32605,40076,36201,35476,31628,42642,38624,23152,52301,39516,30448,39840,33832,33616
37366,18217,32703,39458,46087,32605,40076,36201,35476,31628,42642,38624,23152,52301,39516,30448,39840,33832,33616
37064,20012,32960,37064,65518,32605,40076,36201,35476,31628,42642,38624,23152,52301,39516,30448,39840,33832,33616
36821,21744,33181,34271,61586,32605,40076,36201,35476,31628,42642,38624,23152,52301,39516,30448,39840,33832,33616
36516,23201,33276,32873,5816,32605,40076,36201,35476,31628,42642,38624,23152,52301,39516,30448,39840,33832,33616
35860,24396,33250,32576,32733,32605,40076,36201,35476,31628,42642,38624,23152,52301,39516,30448,39840,33832,33616
35245,25467,33239,31791,28220,32605,40076,36201,35476,31628,42642,38624,23152,52301,39516,30448,39840,33832,33616
34944,26468,33147,30628,3676,32605,40076,36201,35476,31628,42642,38624,23152,52301,39516,30448,39840,33832,33616
34749,27247,33010,30084,7934,32605,40076,36201,35476,31628,42642,38624,23152,52301,39516,30448,39840,33832,33616
34468,27964,33061,29823,11407,32824,43028,33804,35748,32748,44592,36232,23506,47993,36368,27208,37652,34778,42380
34352,28578,33244,30278,14341,32824,43028,33804,35748,32748,44592,36232,23506,47993,36368,27208,37652,34778,42380
34104,29190,33679,29865,16806,32824,43028,33804,35748,32748,44592,36232,23506,47993,36368,27208,37652,34778,42380
33513,29586,33821,29312,18979,32824,43028,33804,35748,32748,44592,36232,23506,47993,36368,27208,37652,34778,42380
33647,30103,33581,28531,32774,32824,43028,33804,35748,32748,44592,36232,23506,47993,36368,27208,37652,34778,42380
34031,30318,33306,27440,45195,32824,43028,33804,35748,32748,44592,36232,23506,47993,36368,27208,37652,34778,42380
34467,30758,33158,27034,54140,32824,43028,33804,35748,32748,44592,36232,23506,47993,36368,27208,37652,34778,42380
34470,30893,33090,27224,56025,32824,43028,33804,35748,32748,44592,36232,23506,47993,36368,27208,37652,34778,42380
34198,31259,33086,28191,54055,32824,43028,33804,35748,32748,44592,36232,23506,47993,36368,27208,37652,34778,42380
34060,31379,32867,29376,49117,32824,43028,33804,35748,32748,44592,36232,23506,47993,36368,27208,37652,34778,42380
34198,31580,32671,30846,46380,32244,46864,30584,35556,33528,44106,34928,23634,43098,37796,28976,41564,33104,30010
33940,56405,32838,32928,43617,32244,46864,30584,35556,33528,44106,34928,23634,43098,37796,28976,41564,33104,30010
33872,65508,33011,34428,41136,32244,46864,30584,35556,33528,44106,34928,23634,43098,37796,28976,41564,33104,30010
34279,65535,33481,34682,38736,32244,46864,30584,35556,33528,44106,34928,23634,43098,37796,28976,41564,33104,30010
34197,65535,33727,35303,36530,32244,46864,30584,35556,33528,44106,34928,23634,43098,37796,28976,41564,33104,30010
33405,65526,33747,35345,37276,32244,46864,30584,35556,33528,44106,34928,23634,43098,37796,28976,41564,33104,30010
32546,63008,33799,35803,34930,32244,46864,30584,35556,33528,44106,34928,23634,43098,37796,28976,41564,33104,30010
31656,58772,33551,35411,29961,32244,46864,30584,35556,33528,44106,34928,23634,43098,37796,28976,41564,33104,30010
30834,55302,33202,34956,29113,32244,46864,30584,35556,33528,44106,34928,23634,43098,37796,28976,41564,33104,30010
30177,52359,33234,35446,29051,32244,46864,30584,35556,33528,44106,34928,23634,43098,37796,28976,41564,33104,30010
29570,49632,33437,35231,27105,31616,47168,28626,35558,33450,43578,33280,23840,38975,34657,32161,36632,33956,37226
29122,47556,33394,34529,27747,31616,47168,28626,35558,33450,43578,33280,23840,38975,34657,32161,36632,33956,37226
29020,45731,33471,34401,30234,31616,47168,28626,35558,33450,43578,33280,23840,38975,34657,32161,36632,33956,37226
28884,44007,33602,33883,29337,31616,47168,28626,35558,33450,43578,33280,23840,38975,34657,32161,36632,33956,37226
28897,42541,33736,33012,33491,31616,47168,28626,35558,33450,43578,33280,23840,38975,34657,32161,36632,33956,37226
29401,35368,33815,31976,34582,31616,47168,28626,35558,33450,43578,33280,23840,38975,34657,32161,36632,33956,37226
30724,21452,34125,30039,36394,31616,47168,28626,35558,33450,43578,33280,23840,38975,34657,32161,36632,33956,37226
31980,20396,34471,28489,36898,31616,47168,28626,35558,33450,43578,33280,23840,38975,34657,32161,36632,33956,37226
32015,24558,34599,27318,33522,31616,47168,28626,35558,33450,43578,33280,23840,38975,34657,32161,36632,33956,37226
32167,31296,34779,26743,31903,31616,47168,28626,35558,33450,43578,33280,23840,38975,34657,32161,36632,33956,37226
32231,34884,34515,26943,31441,31832,43840,27772,35755,33194,42884,31962,24088,37344,35824,29661,36028,32856,45208
32425,31785,34375,27590,32634,31832,43840,27772,35755,33194,42884,31962,24088,37344,35824,29661,36028,32856,45208
32642,23011,34156,28752,35264,31832,43840,27772,35755,33194,42884,31962,24088,37344,35824,29661,36028,32856,45208
33450,12196,33696,29610,33989,31832,43840,27772,35755,33194,42884,31962,24088,37344,35824,29661,36028,32856,45208
33112,2570,33273,30878,36194,31832,43840,27772,35755,33194,42884,31962,24088,37344,35824,29661,36028,32856,45208
32352,14,33020,31804,35066,31832,43840,27772,35755,33194,42884,31962,24088,37344,35824,29661,36028,32856,45208
31486,1908,32497,32765,31514,31832,43840,27772,35755,33194,42884,31962,24088,37344,35824,29661,36028,32856,45208
30814,6052,31908,33212,32815,31832,43840,27772,35755,33194,42884,31962,24088,37344,35824,29661,36028,32856,45208
30400,9938,31438,33958,31164,31832,43840,27772,35755,33194,42884,31962,24088,37344,35824,29661,36028,32856,45208
30230,12954,31277,34439,31987,31832,43840,27772,35755,33194,42884,31962,24088,37344,35824,29661,36028,32856,45208
30139,15773,31334,34965,29256,31280,41312,27304,35768,33732,42530,30168,24296,35165,27623,37400,37108,33936,50300
30240,18054,31515,35251,29053,31280,41312,27304,35768,33732,42530,30168,24296,35165,27623,37400,37108,33936,50300
30384,20025,31611,35709,32810,31280,41312,27304,35768,33732,42530,30168,24296,35165,27623,37400,37108,33936,50300
30396,21693,31618,35564,4212,31280,41312,27304,35768,33732,42530,30168,24296,35165,27623,37400,37108,33936,50300
30412,24673,31812,35768,35620,31280,41312,27304,35768,33732,42530,30168,24296,35165,27623,37400,37108,33936,50300
30366,52948,32073,35160,35904,31280,41312,27304,35768,33732,42530,30168,24296,35165,27623,37400,37108,33936,50300
30474,65518,32234,35478,45104,31280,41312,27304,35768,33732,42530,30168,24296,35165,27623,37400,37108,33936,50300
30546,65535,32420,34876,33204,31280,41312,27304,35768,33732,42530,30168,24296,35165,27623,37400,37108,33936,50300
30434,65535,32473,35720,26048,31280,41312,27304,35768,33732,42530,30168,24296,35165,27623,37400,37108,33936,50300
30548,62244,32506,35170,26961,31280,41312,27304,35768,33732,42530,30168,24296,35165,27623,37400,37108,33936,50300
30743,58149,32583,35290,28767,29936,39844,27228,35940,33389,41852,28220,24572,32080,22321,34319,38930,39017,48168
30765,54743,32505,35386,27141,29936,39844,27228,35940,33389,41852,28220,24572,32080,22321,34319,38930,39017,48168
30931,51801,32543,35391,25247,29936,39844,27228,35940,33389,41852,28220,24572,32080,22321,34319,38930,39017,48168
31104,49346,32868,35435,25186,29936,39844,27228,35940,33389,41852,28220,24572,32080,22321,34319,38930,39017,48168
31177,47127,33099,35157,28323,29936,39844,27228,35940,33389,41852,28220,24572,32080,22321,34319,38930,39017,48168
31332,45351,33029,34919,33199,29936,39844,27228,35940,33389,41852,28220,24572,32080,22321,34319,38930,39017,48168
32703,43669,32849,34617,32873,29936,39844,27228,35940,33389,41852,28220,24572,32080,22321,34319,38930,39017,48168
32681,42298,32749,34439,35442,29936,39844,27228,35940,33389,41852,28220,24572,32080,22321,34319,38930,39017,48168
32352,41145,32739,34013,40134,29936,39844,27228,35940,33389,41852,28220,24572,32080,22321,34319,38930,39017,48168
32160,39789,32677,34363,42685,29936,39844,27228,35940,33389,41852,28220,24572,32080,22321,34319,38930,39017,48168
32262,39183,32727,33913,37422,28482,40704,25912,36088,32084,41172,26738,24736,30480,18334,40664,35322,41552,51220
32166,36442,32996,34050,36212,28482,40704,25912,36088,32084,41172,26738,24736,30480,18334,40664,35322,41552,51220
32144,4169,33082,33876,31453,28482,40704,25912,36088,32084,41172,26738,24736,30480,18334,40664,35322,41552,51220
32263,1137,33037,33272,30957,28482,40704,25912,36088,32084,41172,26738,24736,30480,18334,40664,35322,41552,51220
32279,6847,33123,33247,31811,28482,40704,25912,36088,32084,41172,26738,24736,30480,18334,40664,35322,41552,51220
32075,15916,33294,32826,32255,28482,40704,25912,36088,32084,41172,26738,24736,30480,18334,40664,35322,41552,51220
31977,32824,33360,32610,33882,28482,40704,25912,36088,32084,41172,26738,24736,30480,18334,40664,35322,41552,51220
31905,49922,33496,32249,35574,28482,40704,25912,36088,32084,41172,26738,24736,30480,18334,40664,35322,41552,51220
31777,49871,33839,32128,35132,28482,40704,25912,36088,32084,41172,26738,24736,30480,18334,40664,35322,41552,51220
31850,47845,34334,31815,32797,28482,40704,25912,36088,32084,41172,26738,24736,30480,18334,40664,35322,41552,51220
31838,45595,34607,31842,32611,27000,39194,24656,35912,31170,40129,25913,24733,26829,16689,36532,31560,37428,64472
31964,40116,34851,31656,35460,27000,39194,24656,35912,31170,40129,25913,24733,26829,16689,36532,31560,37428,64472
32220,14978,35378,31782,33636,27000,39194,24656,35912,31170,40129,25913,24733,26829,16689,36532,31560,37428,64472
32495,11450,35721,31655,32514,27000,39194,24656,35912,31170,40129,25913,24733,26829,16689,36532,31560,37428,64472
32718,13660,35643,31844,33761,27000,39194,24656,35912,31170,40129,25913,24733,26829,16689,36532,31560,37428,64472
32766,11275,35875,31840,30749,27000,39194,24656,35912,31170,40129,25913,24733,26829,16689,36532,31560,37428,64472
32761,10301,36041,32121,27849,27000,39194,24656,35912,31170,40129,25913,24733,26829,16689,36532,31560,37428,64472
32809,6402,35914,32275,32087,27000,39194,24656,35912,31170,40129,25913,24733,26829,16689,36532,31560,37428,64472
32631,4364,35304,32808,35400,27000,39194,24656,35912,31170,40129,25913,24733,26829,16689,36532,31560,37428,64472
32390,8125,35549,32851,32469,27000,39194,24656,35912,31170,40129,25913,24733,26829,16689,36532,31560,37428,64472
31903,11382,35474,32903,32186,25932,37754,25004,35990,30092,38624,25619,24791,24380,23571,42958,31876,48748,62184
31352,14426,35018,32771,30751,25932,37754,25004,35990,30092,38624,25619,24791,24380,23571,42958,31876,48748,62184
30794,16928,35039,32487,30951,25932,37754,25004,35990,30092,38624,25619,24791,24380,23571,42958,31876,48748,62184
30713,19016,35625,32189,30879,25932,37754,25004,35990,30092,38624,25619,24791,24380,23571,42958,31876,48748,62184
30794,20845,34951,32111,30505,25932,37754,25004,35990,30092,38624,25619,24791,24380,23571,42958,31876,48748,62184
30776,22351,33375,32657,33535,25932,37754,25004,35990,30092,38624,25619,24791,24380,23571,42958,31876,48748,62184
30552,23733,32328,32641,33451,25932,37754,25004,35990,30092,38624,25619,24791,24380,23571,42958,31876,48748,62184
30316,24900,31482,32685,33898,25932,37754,25004,35990,30092,38624,25619,24791,24380,23571,42958,31876,48748,62184
30582,25927,30907,32708,30067,25932,37754,25004,35990,30092,38624,25619,24791,24380,23571,42958,31876,48748,62184
31167,26850,30821,32351,32955,25932,37754,25004,35990,30092,38624,25619,24791,24380,23571,42958,31876,48748,62184
32046,27607,30548,32787,37200,25808,35666,26213,35716,28990,36680,24874,24762,24504,20544,35284,39981,60516,39544
33543,28300,30282,32782,35147,25808,35666,26213,35716,28990,36680,24874,24762,24504,20544,35284,39981,60516,39544
34978,28851,30118,33099,38151,25808,35666,26213,35716,28990,36680,24874,24762,24504,20544,35284,39981,60516,39544
36264,65501,31122,32984,35898,25808,35666,26213,35716,28990,36680,24874,24762,24504,20544,35284,39981,60516,39544
37070,65524,31604,33680,33669,25808,35666,26213,35716,28990,36680,24874,24762,24504,20544,35284,39981,60516,39544
37445,65535,31171,33303,33370,25808,35666,26213,35716,28990,36680,24874,24762,24504,20544,35284,39981,60516,39544
37533,65532,31142,33640,27169,25808,35666,26213,35716,28990,36680,24874,24762,24504,20544,35284,39981,60516,39544
37283,63719,31009,33257,29008,25808,35666,26213,35716,28990,36680,24874,24762,24504,20544,35284,39981,60516,39544
36808,59236,30437,33370,35674,25808,35666,26213,35716,28990,36680,24874,24762,24504,20544,35284,39981,60516,39544
36372,55830,30014,33280,35926,25808,35666,26213,35716,28990,36680,24874,24762,24504,20544,35284,39981,60516,39544
36090,52722,29770,32950,37895,24888,35036,27337,35874,28180,35026,27420,24606,15593,20187,34536,39094,57964,26032
35986,50112,29617,32835,37351,24888,35036,27337,35874,28180,35026,27420,24606,15593,20187,34536,39094,57964,26032
35747,47874,29658,32921,33219,24888,35036,27337,35874,28180,35026,27420,24606,15593,20187,34536,39094,57964,26032
35576,45915,30231,33038,33159,24888,35036,27337,35874,28180,35026,27420,24606,15593,20187,34536,39094,57964,26032
35348,44263,30911,32870,32768,24888,35036,27337,35874,28180,35026,27420,24606,15593,20187,34536,39094,57964,26032
35196,42709,30747,32882,30791,24888,35036,27337,35874,28180,35026,27420,24606,15593,20187,34536,39094,57964,26032
34850,47,30318,32652,31956,24888,35036,27337,35874,28180,35026,27420,24606,15593,20187,34536,39094,57964,26032
34458,8,29783,32763,31779,24888,35036,27337,35874,28180,35026,27420,24606,15593,20187,34536,39094,57964,26032
33952,10,29595,32717,29081,24888,35036,27337,35874,28180,35026,27420,24606,15593,20187,34536,39094,57964,26032
33646,9,29841,33275,31434,24888,35036,27337,35874,28180,35026,27420,24606,15593,20187,34536,39094,57964,26032
33375,4688,30106,33322,33229,25437,34368,28436,36008,28020,34533,29659,24381,21754,22789,26132,41248,62805,23693
33228,8530,30534,33293,34461,25437,34368,28436,36008,28020,34533,29659,24381,21754,22789,26132,41248,62805,23693
33056,11964,31063,33609,34217,25437,34368,28436,36008,28020,34533,29659,24381,21754,22789,26132,41248,62805,23693
32937,14936,31056,33335,32374,25437,34368,28436,36008,28020,34533,29659,24381,21754,22789,26132,41248,62805,23693
33018,17193,31007,33735,28775,25437,34368,28436,36008,28020,34533,29659,24381,21754,22789,26132,41248,62805,23693
32978,19346,31167,33383,30411,25437,34368,28436,36008,28020,34533,29659,24381,21754,22789,26132,41248,62805,23693
33060,21166,31449,33797,32176,25437,34368,28436,36008,28020,34533,29659,24381,21754,22789,26132,41248,62805,23693
32982,22696,31684,33595,33517,25437,34368,28436,36008,28020,34533,29659,24381,21754,22789,26132,41248,62805,23693
32786,23926,32089,33530,23863,25437,34368,28436,36008,28020,34533,29659,24381,21754,22789,26132,41248,62805,23693
32488,25133,32328,33618,26061,25437,34368,28436,36008,28020,34533,29659,24381,21754,22789,26132,41248,62805,23693
32245,26119,32818,33057,32701,26064,35048,29128,36066,29000,35576,32002,23980,26901,13937,13040,47784,65432,13620
31973,26992,33125,32731,35197,26064,35048,29128,36066,29000,35576,32002,23980,26901,13937,13040,47784,65432,13620
31606,27738,33748,31378,32735,26064,35048,29128,36066,29000,35576,32002,23980,26901,13937,13040,47784,65432,13620
31381,28494,34207,29834,36489,26064,35048,29128,36066,29000,35576,32002,23980,26901,13937,13040,47784,65432,13620
31299,28951,34258,28693,36905,26064,35048,29128,36066,29000,35576,32002,23980,26901,13937,13040,47784,65432,13620
31186,29571,34179,27903,34156,26064,35048,29128,36066,29000,35576,32002,23980,26901,13937,13040,47784,65432,13620
30997,29982,33907,27293,33119,26064,35048,29128,36066,29000,35576,32002,23980,26901,13937,13040,47784,65432,13620
31118,30215,33902,27409,36141,26064,35048,29128,36066,29000,35576,32002,23980,26901,13937,13040,47784,65432,13620
31307,30723,33875,27561,33166,26064,35048,29128,36066,29000,35576,32002,23980,26901,13937,13040,47784,65432,13620
31525,30816,33679,27805,32722,26064,35048,29128,36066,29000,35576,32002,23980,26901,13937,13040,47784,65432,13620
31984,31199,33598,28679,33241,28537,33928,33032,35950,30384,37372,30244,23648,26400,928,99,43300,65416,14856
32622,31407,33349,29635,30979,28537,33928,33032,35950,30384,37372,30244,23648,26400,928,99,43300,65416,14856
32932,31447,33234,31140,33142,28537,33928,33032,35950,30384,37372,30244,23648,26400,928,99,43300,65416,14856
33500,31793,33211,32871,32415,28537,33928,33032,35950,30384,37372,30244,23648,26400,928,99,43300,65416,14856
34092,31727,33269,33507,29351,28537,33928,33032,35950,30384,37372,30244,23648,26400,928,99,43300,65416,14856
34521,32029,33255,34531,32615,28537,33928,33032,35950,30384,37372,30244,23648,26400,928,99,43300,65416,14856
34866,31975,33175,34688,32635,28537,33928,33032,35950,30384,37372,30244,23648,26400,928,99,43300,65416,14856
35117,32192,32991,35451,33268,28537,33928,33032,35950,30384,37372,30244,23648,26400,928,99,43300,65416,14856
35113,32183,32999,35050,34789,28537,33928,33032,35950,30384,37372,30244,23648,26400,928,99,43300,65416,14856
34864,32337,32923,35399,36604,28537,33928,33032,35950,30384,37372,30244,23648,26400,928,99,43300,65416,14856
34516,32283,32893,34833,38247,31976,35168,34077,35930,31612,39700,30910,23128,22936,100,98,42216,63400,15775
34065,39824,32972,35088,37702,31976,35168,34077,35930,31612,39700,30910,23128,22936,100,98,42216,63400,15775
33575,44978,32796,34803,35467,31976,35168,34077,35930,31612,39700,30910,23128,22936,100,98,42216,63400,15775
33136,46722,32691,34576,31831,31976,35168,34077,35930,31612,39700,30910,23128,22936,100,98,42216,63400,15775
32787,48356,32770,34883,30564,31976,35168,34077,35930,31612,39700,30910,23128,22936,100,98,42216,63400,15775
32381,48708,32861,34510,30034,31976,35168,34077,35930,31612,39700,30910,23128,22936,100,98,42216,63400,15775
32042,49967,32876,34545,29590,31976,35168,34077,35930,31612,39700,30910,23128,22936,100,98,42216,63400,15775
31764,50912,32740,34338,29467,31976,35168,34077,35930,31612,39700,30910,23128,22936,100,98,42216,63400,15775
31574,51043,32886,33963,31419,31976,35168,34077,35930,31612,39700,30910,23128,22936,100,98,42216,63400,15775
31454,50919,32971,34252,33209,31976,35168,34077,35930,31612,39700,30910,23128,22936,100,98,42216,63400,15775
31530,49950,33118,33866,32020,33261,36740,32660,36064,32984,40992,33948,22628,21991,9963,135,39542,64676,27774
31539,49867,33456,34043,34648,33261,36740,32660,36064,32984,40992,33948,22628,21991,9963,135,39542,64676,27774
31634,48078,33671,33650,35611,33261,36740,32660,36064,32984,40992,33948,22628,21991,9963,135,39542,64676,27774
31804,46215,33586,33829,35279,33261,36740,32660,36064,32984,40992,33948,22628,21991,9963,135,39542,64676,27774
31891,43933,33239,33778,31782,33261,36740,32660,36064,32984,40992,33948,22628,21991,9963,135,39542,64676,27774
31996,42701,33215,33367,26717,33261,36740,32660,36064,32984,40992,33948,22628,21991,9963,135,39542,64676,27774
32182,41376,33341,33445,26976,33261,36740,32660,36064,32984,40992,33948,22628,21991,9963,135,39542,64676,27774
32324,40511,33315,33182,32047,33261,36740,32660,36064,32984,40992,33948,22628,21991,9963,135,39542,64676,27774
32346,39379,33396,33025,35783,33261,36740,32660,36064,32984,40992,33948,22628,21991,9963,135,39542,64676,27774
32478,37551,33659,33265,36370,33261,36740,32660,36064,32984,40992,33948,22628,21991,9963,135,39542,64676,27774
32468,36922,33698,33106,34930,32908,36012,32788,35800,33597,41004,35300,21876,21849,23188,7924,38568,60080,42600
32608,36271,33633,33059,34944,32908,36012,32788,35800,33597,41004,35300,21876,21849,23188,7924,38568,60080,42600
32698,35599,33619,33073,35426,32908,36012,32788,35800,33597,41004,35300,21876,21849,23188,7924,38568,60080,42600
32745,36413,33859,32788,34113,32908,36012,32788,35800,33597,41004,35300,21876,21849,23188,7924,38568,60080,42600
32838,36828,34188,32964,32194,32908,36012,32788,35800,33597,41004,35300,21876,21849,23188,7924,38568,60080,42600
33035,37391,34263,32765,29495,32908,36012,32788,35800,33597,41004,35300,21876,21849,23188,7924,38568,60080,42600
33112,37158,34278,32886,29415,32908,36012,32788,35800,33597,41004,35300,21876,21849,23188,7924,38568,60080,42600
33142,37947,34301,32827,30705,32908,36012,32788,35800,33597,41004,35300,21876,21849,23188,7924,38568,60080,42600
33135,37240,34127,32847,30692,32908,36012,32788,35800,33597,41004,35300,21876,21849,23188,7924,38568,60080,42600
33024,36122,34071,32971,31142,32908,36012,32788,35800,33597,41004,35300,21876,21849,23188,7924,38568,60080,42600
32974,35431,33631,33203,34063,32641,37764,34568,35726,31922,42928,34788,21462,23601,33924,11077,38908,45524,24672
32910,35039,33538,33071,33058,32641,37764,34568,35726,31922,42928,34788,21462,23601,33924,11077,38908,45524,24672
32806,35515,33383,33142,34189,32641,37764,34568,35726,31922,42928,34788,21462,23601,33924,11077,38908,45524,24672
32611,35258,33147,32997,36731,32641,37764,34568,35726,31922,42928,34788,21462,23601,33924,11077,38908,45524,24672
32678,35415,33108,33022,38471,32641,37764,34568,35726,31922,42928,34788,21462,23601,33924,11077,38908,45524,24672
33008,34989,33074,33233,37015,32641,37764,34568,35726,31922,42928,34788,21462,23601,33924,11077,38908,45524,24672
33162,33600,32711,33125,32908,32641,37764,34568,35726,31922,42928,34788,21462,23601,33924,11077,38908,45524,24672
33039,32532,32509,33260,29437,32641,37764,34568,35726,31922,42928,34788,21462,23601,33924,11077,38908,45524,24672
33116,30694,32710,32903,27292,32641,37764,34568,35726,31922,42928,34788,21462,23601,33924,11077,38908,45524,24672
33218,29124,32970,33197,26617,32641,37764,34568,35726,31922,42928,34788,21462,23601,33924,11077,38908,45524,24672
33244,27595,32880,33001,26537,32384,40624,34656,35768,30036,45152,34744,20826,17528,7814,336,36730,41424,17208
33220,26371,32890,33323,31569,32384,40624,34656,35768,30036,45152,34744,20826,17528,7814,336,36730,41424,17208
33236,25174,32726,33075,38418,32384,40624,34656,35768,30036,45152,34744,20826,17528,7814,336,36730,41424,17208
33203,24356,32247,33358,41415,32384,40624,34656,35768,30036,45152,34744,20826,17528,7814,336,36730,41424,17208
33014,24179,32167,33100,40649,32384,40624,34656,35768,30036,45152,34744,20826,17528,7814,336,36730,41424,17208
32980,23542,32167,33186,37847,32384,40624,34656,35768,30036,45152,34744,20826,17528,7814,336,36730,41424,17208
32958,23125,32169,33242,34959,32384,40624,34656,35768,30036,45152,34744,20826,17528,7814,336,36730,41424,17208
32988,22827,32134,32857,32415,32384,40624,34656,35768,30036,45152,34744,20826,17528,7814,336,36730,41424,17208
33134,23264,32000,33053,24614,32384,40624,34656,35768,30036,45152,34744,20826,17528,7814,336,36730,41424,17208
33296,23452,31606,32576,28887,32384,40624,34656,35768,30036,45152,34744,20826,17528,7814,336,36730,41424,17208
33330,24144,31578,32863,32302,33167,45624,33360,35852,29568,41936,37150,20130,5836,99,107,29624,36008,26884
33412,24690,31446,32513,32576,33167,45624,33360,35852,29568,41936,37150,20130,5836,99,107,29624,36008,26884
33488,25348,31225,32707,29698,33167,45624,33360,35852,29568,41936,37150,20130,5836,99,107,29624,36008,26884
33502,25478,30855,32437,31189,33167,45624,33360,35852,29568,41936,37150,20130,5836,99,107,29624,36008,26884
33497,25827,30744,32950,32910,33167,45624,33360,35852,29568,41936,37150,20130,5836,99,107,29624,36008,26884
33686,26391,30615,32564,30087,33167,45624,33360,35852,29568,41936,37150,20130,5836,99,107,29624,36008,26884
33673,25735,30650,32934,29079,33167,45624,33360,35852,29568,41936,37150,20130,5836,99,107,29624,36008,26884
33845,25693,30767,32627,31479,33167,45624,33360,35852,29568,41936,37150,20130,5836,99,107,29624,36008,26884
34012,25170,31111,32957,33991,33167,45624,33360,35852,29568,41936,37150,20130,5836,99,107,29624,36008,26884
34055,24085,31390,32655,35843,33167,45624,33360,35852,29568,41936,37150,20130,5836,99,107,29624,36008,26884
34038,22542,31371,32978,36492,35273,46936,31817,35816,30309,40388,34664,19625,5662,97,16942,28422,22953,22372
34036,21069,31246,32648,42880,35273,46936,31817,35816,30309,40388,34664,19625,5662,97,16942,28422,22953,22372
34004,20116,31109,33072,39384,35273,46936,31817,35816,30309,40388,34664,19625,5662,97,16942,28422,22953,22372
34012,19829,31200,32648,40425,35273,46936,31817,35816,30309,40388,34664,19625,5662,97,16942,28422,22953,22372
33941,21310,31397,32992,30956,35273,46936,31817,35816,30309,40388,34664,19625,5662,97,16942,28422,22953,22372
33828,22755,31301,32767,27891,35273,46936,31817,35816,30309,40388,34664,19625,5662,97,16942,28422,22953,22372
33772,24125,31223,33153,27567,35273,46936,31817,35816,30309,40388,34664,19625,5662,97,16942,28422,22953,22372
33755,25181,31125,32797,30638,35273,46936,31817,35816,30309,40388,34664,19625,5662,97,16942,28422,22953,22372
33626,26213,31253,33103,34425,35273,46936,31817,35816,30309,40388,34664,19625,5662,97,16942,28422,22953,22372
33682,27090,31421,32921,35257,35273,46936,31817,35816,30309,40388,34664,19625,5662,97,16942,28422,22953,22372
33727,27839,31294,33337,34694,36197,45141,32994,35997,30324,39920,34937,19020,7678,98,22965,25556,12046,14598
33820,28460,31255,33047,33286,36197,45141,32994,35997,30324,39920,34937,19020,7678,98,22965,25556,12046,14598
33580,29097,31290,33403,32615,36197,45141,32994,35997,30324,39920,34937,19020,7678,98,22965,25556,12046,14598
33474,29543,31389,32989,32406,36197,45141,32994,35997,30324,39920,34937,19020,7678,98,22965,25556,12046,14598
33360,29973,31205,33300,31085,36197,45141,32994,35997,30324,39920,34937,19020,7678,98,22965,25556,12046,14598
33353,30387,31557,33071,30469,36197,45141,32994,35997,30324,39920,34937,19020,7678,98,22965,25556,12046,14598
33379,30575,32398,33117,30527,36197,45141,32994,35997,30324,39920,34937,19020,7678,98,22965,25556,12046,14598
33448,31020,33121,33245,33231,36197,45141,32994,35997,30324,39920,34937,19020,7678,98,22965,25556,12046,14598
33334,31141,33091,33047,34643,36197,45141,32994,35997,30324,39920,34937,19020,7678,98,22965,25556,12046,14598
33215,31367,32485,33183,34665,36197,45141,32994,35997,30324,39920,34937,19020,7678,98,22965,25556,12046,14598
33066,31651,32177,32874,35155,34188,42516,33258,35970,30504,39252,37958,18626,11021,3766,26365,24349,9003,15117
32948,31607,32145,33135,35033,34188,42516,33258,35970,30504,39252,37958,18626,11021,3766,26365,24349,9003,15117
32724,31967,32071,32859,30011,34188,42516,33258,35970,30504,39252,37958,18626,11021,3766,26365,24349,9003,15117
32486,31943,31999,33031,25561,34188,42516,33258,35970,30504,39252,37958,18626,11021,3766,26365,24349,9003,15117
32549,32051,31867,32877,35346,34188,42516,33258,35970,30504,39252,37958,18626,11021,3766,26365,24349,9003,15117
32318,38156,31940,32882,58918,34188,42516,33258,35970,30504,39252,37958,18626,11021,3766,26365,24349,9003,15117
32116,48327,32224,33107,21662,34188,42516,33258,35970,30504,39252,37958,18626,11021,3766,26365,24349,9003,15117
32064,52264,32370,32889,23912,34188,42516,33258,35970,30504,39252,37958,18626,11021,3766,26365,24349,9003,15117
31806,53378,32413,33138,11535,34188,42516,33258,35970,30504,39252,37958,18626,11021,3766,26365,24349,9003,15117
31738,53140,32500,32876,25422,34188,42516,33258,35970,30504,39252,37958,18626,11021,3766,26365,24349,9003,15117
31885,51588,32402,33037,36129,33460,39448,34296,35984,31929,38228,38272,18324,13676,8584,27812,20360,4628,15882
31866,49730,32158,32721,36007,33460,39448,34296,35984,31929,38228,38272,18324,13676,8584,27812,20360,4628,15882
32004,47682,31925,32999,30162,33460,39448,34296,35984,31929,38228,38272,18324,13676,8584,27812,20360,4628,15882
32186,45599,31336,32714,28549,33460,39448,34296,35984,31929,38228,38272,18324,13676,8584,27812,20360,4628,15882
32291,42803,31177,32795,32915,33460,39448,34296,35984,31929,38228,38272,18324,13676,8584,27812,20360,4628,15882
32419,39331,31538,32575,35975,33460,39448,34296,35984,31929,38228,38272,18324,13676,8584,27812,20360,4628,15882
32324,37574,32123,32775,36386,33460,39448,34296,35984,31929,38228,38272,18324,13676,8584,27812,20360,4628,15882
32088,36151,32410,33243,33313,33460,39448,34296,35984,31929,38228,38272,18324,13676,8584,27812,20360,4628,15882
31971,35079,32207,32993,32343,33460,39448,34296,35984,31929,38228,38272,18324,13676,8584,27812,20360,4628,15882
31812,35520,32317,33392,32197,33460,39448,34296,35984,31929,38228,38272,18324,13676,8584,27812,20360,4628,15882
31564,35967,32004,33319,32631,34200,39344,34220,36152,33110,37476,38553,18000,13905,9091,25324,21228,61,5494
31401,36849,31689,32934,34383,34200,39344,34220,36152,33110,37476,38553,18000,13905,9091,25324,21228,61,5494
31389,38687,31862,33100,38064,34200,39344,34220,36152,33110,37476,38553,18000,13905,9091,25324,21228,61,5494
31406,40701,32167,32597,39823,34200,39344,34220,36152,33110,37476,38553,18000,13905,9091,25324,21228,61,5494
31470,43873,32647,32406,46555,34200,39344,34220,36152,33110,37476,38553,18000,13905,9091,25324,21228,61,5494
31545,46591,32857,32263,41969,34200,39344,34220,36152,33110,37476,38553,18000,13905,9091,25324,21228,61,5494
31439,49252,32242,32303,37727,34200,39344,34220,36152,33110,37476,38553,18000,13905,9091,25324,21228,61,5494
31396,51961,31438,32749,31606,34200,39344,34220,36152,33110,37476,38553,18000,13905,9091,25324,21228,61,5494
31482,53223,30164,32965,29686,34200,39344,34220,36152,33110,37476,38553,18000,13905,9091,25324,21228,61,5494
31229,51241,30299,33262,29367,34200,39344,34220,36152,33110,37476,38553,18000,13905,9091,25324,21228,61,5494
31145,48990,31279,33874,31427,35248,40924,34333,35988,33156,36724,40332,17742,15450,6632,23744,19994,60,5161
31061,46894,32375,33995,35650,35248,40924,34333,35988,33156,36724,40332,17742,15450,6632,23744,19994,60,5161
30817,44903,32287,34292,37525,35248,40924,34333,35988,33156,36724,40332,17742,15450,6632,23744,19994,60,5161
30527,43542,32103,34662,34167,35248,40924,34333,35988,33156,36724,40332,17742,15450,6632,23744,19994,60,5161
30202,42198,32415,34384,32731,35248,40924,34333,35988,33156,36724,40332,17742,15450,6632,23744,19994,60,5161
29680,40895,33055,34765,26465,35248,40924,34333,35988,33156,36724,40332,17742,15450,6632,23744,19994,60,5161
29164,39938,33710,34204,21789,35248,40924,34333,35988,33156,36724,40332,17742,15450,6632,23744,19994,60,5161
28728,38978,34031,34307,22860,35248,40924,34333,35988,33156,36724,40332,17742,15450,6632,23744,19994,60,5161
28492,38224,34386,34450,26720,35248,40924,34333,35988,33156,36724,40332,17742,15450,6632,23744,19994,60,5161
28178,37615,34426,33842,31675,35248,40924,34333,35988,33156,36724,40332,17742,15450,6632,23744,19994,60,5161
27884,36861,34621,33703,36871,35528,43160,35004,35696,33064,36370,41480,17656,15478,6027,20277,16548,60,16704
27621,36551,34587,33234,30759,35528,43160,35004,35696,33064,36370,41480,17656,15478,6027,20277,16548,60,16704
27384,35924,34127,32770,28185,35528,43160,35004,35696,33064,36370,41480,17656,15478,6027,20277,16548,60,16704
27208,35579,34068,32278,32719,35528,43160,35004,35696,33064,36370,41480,17656,15478,6027,20277,16548,60,16704
27184,35314,33991,31557,33501,35528,43160,35004,35696,33064,36370,41480,17656,15478,6027,20277,16548,60,16704
27324,34882,33617,31037,36893,35528,43160,35004,35696,33064,36370,41480,17656,15478,6027,20277,16548,60,16704
27765,34785,33681,30737,35805,35528,43160,35004,35696,33064,36370,41480,17656,15478,6027,20277,16548,60,16704
28740,34327,33690,31063,36174,35528,43160,35004,35696,33064,36370,41480,17656,15478,6027,20277,16548,60,16704
30624,34379,34294,31091,34309,35528,43160,35004,35696,33064,36370,41480,17656,15478,6027,20277,16548,60,16704
33282,33959,34426,31287,34405,35528,43160,35004,35696,33064,36370,41480,17656,15478,6027,20277,16548,60,16704
36260,33958,35023,31222,34197,36080,43912,35698,35704,33578,36120,41552,17505,13653,6329,22460,14080,61,25140
39692,33769,35266,31440,30759,36080,43912,35698,35704,33578,36120,41552,17505,13653,6329,22460,14080,61,25140
43237,33608,35727,31513,33061,36080,43912,35698,35704,33578,36120,41552,17505,13653,6329,22460,14080,61,25140
46465,33538,35766,31808,31225,36080,43912,35698,35704,33578,36120,41552,17505,13653,6329,22460,14080,61,25140
49038,33259,35248,32061,35478,36080,43912,35698,35704,33578,36120,41552,17505,13653,6329,22460,14080,61,25140
50605,33242,34131,32613,32194,36080,43912,35698,35704,33578,36120,41552,17505,13653,6329,22460,14080,61,25140
50887,33079,33915,32929,34472,36080,43912,35698,35704,33578,36120,41552,17505,13653,6329,22460,14080,61,25140
50061,33042,34002,33213,32712,36080,43912,35698,35704,33578,36120,41552,17505,13653,6329,22460,14080,61,25140
48312,33195,34393,32853,31814,36080,43912,35698,35704,33578,36120,41552,17505,13653,6329,22460,14080,61,25140
46132,33049,34281,32819,32863,36080,43912,35698,35704,33578,36120,41552,17505,13653,6329,22460,14080,61,25140
43752,33060,33715,32675,38037,37008,44896,35860,35536,33608,35616,41328,17748,14678,11318,23248,13557,60,24200
41220,33117,33313,33042,28891,37008,44896,35860,35536,33608,35616,41328,17748,14678,11318,23248,13557,60,24200
38745,33095,33348,32999,37394,37008,44896,35860,35536,33608,35616,41328,17748,14678,11318,23248,13557,60,24200
36307,32983,33285,32951,36617,37008,44896,35860,35536,33608,35616,41328,17748,14678,11318,23248,13557,60,24200
34138,33115,33969,32932,30171,37008,44896,35860,35536,33608,35616,41328,17748,14678,11318,23248,13557,60,24200
32165,32985,34340,32690,34247,37008,44896,35860,35536,33608,35616,41328,17748,14678,11318,23248,13557,60,24200
30587,33042,34423,32599,31844,37008,44896,35860,35536,33608,35616,41328,17748,14678,11318,23248,13557,60,24200
29156,33014,34099,32584,34432,37008,44896,35860,35536,33608,35616,41328,17748,14678,11318,23248,13557,60,24200
27923,32991,33925,32797,29713,37008,44896,35860,35536,33608,35616,41328,17748,14678,11318,23248,13557,60,24200
27197,32933,33728,32839,28014,37008,44896,35860,35536,33608,35616,41328,17748,14678,11318,23248,13557,60,24200
26701,28370,34050,32867,28238,37448,44204,35980,35488,33276,34986,41776,17837,16648,17102,27757,13044,60,24852
26438,27217,33492,32562,30470,37448,44204,35980,35488,33276,34986,41776,17837,16648,17102,27757,13044,60,24852
26417,25023,33494,32746,31878,37448,44204,35980,35488,33276,34986,41776,17837,16648,17102,27757,13044,60,24852
26518,22756,34203,32775,34136,37448,44204,35980,35488,33276,34986,41776,17837,16648,17102,27757,13044,60,24852
26770,20416,35112,32985,33844,37448,44204,35980,35488,33276,34986,41776,17837,16648,17102,27757,13044,60,24852
27094,18361,34652,33483,33298,37448,44204,35980,35488,33276,34986,41776,17837,16648,17102,27757,13044,60,24852
27321,16461,33287,33253,32547,37448,44204,35980,35488,33276,34986,41776,17837,16648,17102,27757,13044,60,24852
27644,14678,32815,33785,31830,37448,44204,35980,35488,33276,34986,41776,17837,16648,17102,27757,13044,60,24852
28004,13797,32795,33964,32758,37448,44204,35980,35488,33276,34986,41776,17837,16648,17102,27757,13044,60,24852
28317,13198,32925,33735,34873,37448,44204,35980,35488,33276,34986,41776,17837,16648,17102,27757,13044,60,24852
28782,13407,33355,33531,33561,37488,41324,36880,35444,33040,34529,41484,18220,18198,21008,31940,11781,60,26064
29286,14259,34427,33625,31778,37488,41324,36880,35444,33040,34529,41484,18220,18198,21008,31940,11781,60,26064
29618,15174,34468,33522,32260,37488,41324,36880,35444,33040,34529,41484,18220,18198,21008,31940,11781,60,26064
29897,16605,33575,33287,31495,37488,41324,36880,35444,33040,34529,41484,18220,18198,21008,31940,11781,60,26064
30088,19271,33442,33679,33906,37488,41324,36880,35444,33040,34529,41484,18220,18198,21008,31940,11781,60,26064
30057,22318,33627,33455,33380,37488,41324,36880,35444,33040,34529,41484,18220,18198,21008,31940,11781,60,26064
30146,24973,33671,33492,34487,37488,41324,36880,35444,33040,34529,41484,18220,18198,21008,31940,11781,60,26064
30327,27613,33253,33022,32325,37488,41324,36880,35444,33040,34529,41484,18220,18198,21008,31940,11781,60,26064
30322,29678,33309,33071,34499,37488,41324,36880,35444,33040,34529,41484,18220,18198,21008,31940,11781,60,26064
30266,31423,32713,32999,35423,37488,41324,36880,35444,33040,34529,41484,18220,18198,21008,31940,11781,60,26064
30354,32595,32775,33001,31815,37464,39129,37240,34976,33300,34036,39616,18432,19952,25588,36056,12690,59,9065
30518,33237,33298,33090,28606,37464,39129,37240,34976,33300,34036,39616,18432,19952,25588,36056,12690,59,9065
30696,34046,33426,33081,29536,37464,39129,37240,34976,33300,34036,39616,18432,19952,25588,36056,12690,59,9065
31206,34031,32457,32964,31693,37464,39129,37240,34976,33300,34036,39616,18432,19952,25588,36056,12690,59,9065
31442,33695,30741,32917,32935,37464,39129,37240,34976,33300,34036,39616,18432,19952,25588,36056,12690,59,9065
31607,33775,30715,32686,32997,37464,39129,37240,34976,33300,34036,39616,18432,19952,25588,36056,12690,59,9065
31542,33657,31651,33008,33733,37464,39129,37240,34976,33300,34036,39616,18432,19952,25588,36056,12690,59,9065
31327,33605,32465,32983,33133,37464,39129,37240,34976,33300,34036,39616,18432,19952,25588,36056,12690,59,9065
31332,33844,32208,33151,33107,37464,39129,37240,34976,33300,34036,39616,18432,19952,25588,36056,12690,59,9065
31525,35084,32523,33247,33337,37464,39129,37240,34976,33300,34036,39616,18432,19952,25588,36056,12690,59,9065
31616,34437,33229,33477,33179,37488,37900,37132,34860,33356,33948,39824,18754,21904,29920,40911,11338,60,17041
31588,34534,34351,33563,32357,37488,37900,37132,34860,33356,33948,39824,18754,21904,29920,40911,11338,60,17041
31785,35069,35053,33624,30247,37488,37900,37132,34860,33356,33948,39824,18754,21904,29920,40911,11338,60,17041
31852,35671,35263,33575,31634,37488,37900,37132,34860,33356,33948,39824,18754,21904,29920,40911,11338,60,17041
31909,36519,34919,33851,32567,37488,37900,37132,34860,33356,33948,39824,18754,21904,29920,40911,11338,60,17041
31638,37383,34191,33888,32895,37488,37900,37132,34860,33356,33948,39824,18754,21904,29920,40911,11338,60,17041
31457,38621,33965,33602,33447,37488,37900,37132,34860,33356,33948,39824,18754,21904,29920,40911,11338,60,17041
31581,39211,34175,33308,33583,37488,37900,37132,34860,33356,33948,39824,18754,21904,29920,40911,11338,60,17041
31823,39489,34035,33159,33397,37488,37900,37132,34860,33356,33948,39824,18754,21904,29920,40911,11338,60,17041
32060,39191,32588,33248,33599,37488,37900,37132,34860,33356,33948,39824,18754,21904,29920,40911,11338,60,17041
32435,39043,31278,33191,33661,38032,36448,37065,34788,32952,34537,40524,19064,22852,29552,40888,10912,60,18155
33019,39281,31267,33357,33123,38032,36448,37065,34788,32952,34537,40524,19064,22852,29552,40888,10912,60,18155
33047,40071,31716,33348,33923,38032,36448,37065,34788,32952,34537,40524,19064,22852,29552,40888,10912,60,18155
32508,42183,31073,33452,33820,38032,36448,37065,34788,32952,34537,40524,19064,22852,29552,40888,10912,60,18155
32482,43911,31088,33562,33336,38032,36448,37065,34788,32952,34537,40524,19064,22852,29552,40888,10912,60,18155
32762,45277,30829,33554,33493,38032,36448,37065,34788,32952,34537,40524,19064,22852,29552,40888,10912,60,18155
32836,46238,30519,33456,34137,38032,36448,37065,34788,32952,34537,40524,19064,22852,29552,40888,10912,60,18155
32735,46299,30590,33551,33472,38032,36448,37065,34788,32952,34537,40524,19064,22852,29552,40888,10912,60,18155
33056,46636,30259,33463,32037,38032,36448,37065,34788,32952,34537,40524,19064,22852,29552,40888,10912,60,18155
33641,45510,29833,33205,32506,38032,36448,37065,34788,32952,34537,40524,19064,22852,29552,40888,10912,60,18155
33941,43761,29225,33221,32100,38446,35516,36968,34708,34160,34148,41682,19716,19447,25772,45088,11986,59,21161
33781,41991,29575,33557,31150,38446,35516,36968,34708,34160,34148,41682,19716,19447,25772,45088,11986,59,21161
33249,40601,30119,33385,31510,38446,35516,36968,34708,34160,34148,41682,19716,19447,25772,45088,11986,59,21161
32261,39773,30343,32897,30445,38446,35516,36968,34708,34160,34148,41682,19716,19447,25772,45088,11986,59,21161
31614,39343,30402,33107,30963,38446,35516,36968,34708,34160,34148,41682,19716,19447,25772,45088,11986,59,21161
31500,38575,31687,32703,32277,38446,35516,36968,34708,34160,34148,41682,19716,19447,25772,45088,11986,59,21161
31239,37626,33252,32605,30979,38446,35516,36968,34708,34160,34148,41682,19716,19447,25772,45088,11986,59,21161
31593,37220,33085,32085,31391,38446,35516,36968,34708,34160,34148,41682,19716,19447,25772,45088,11986,59,21161
31652,36647,32983,31747,31031,38446,35516,36968,34708,34160,34148,41682,19716,19447,25772,45088,11986,59,21161
31612,36031,33391,32495,33714,38446,35516,36968,34708,34160,34148,41682,19716,19447,25772,45088,11986,59,21161
31480,35783,34011,32878,33743,37620,35076,36580,34494,34404,34324,41606,20248,22515,25152,39936,15542,59,23097
31888,35198,34060,33351,33199,37620,35076,36580,34494,34404,34324,41606,20248,22515,25152,39936,15542,59,23097
32134,35057,34042,33463,33378,37620,35076,36580,34494,34404,34324,41606,20248,22515,25152,39936,15542,59,23097
33217,34770,34031,33748,31667,37620,35076,36580,34494,34404,34324,41606,20248,22515,25152,39936,15542,59,23097
34351,34321,34045,33669,33958,37620,35076,36580,34494,34404,34324,41606,20248,22515,25152,39936,15542,59,23097
34945,34345,33705,33705,33954,37620,35076,36580,34494,34404,34324,41606,20248,22515,25152,39936,15542,59,23097
35410,33991,33321,33188,37503,37620,35076,36580,34494,34404,34324,41606,20248,22515,25152,39936,15542,59,23097
34908,33941,33423,32887,39679,37620,35076,36580,34494,34404,34324,41606,20248,22515,25152,39936,15542,59,23097
34337,33863,33476,32621,38039,37620,35076,36580,34494,34404,34324,41606,20248,22515,25152,39936,15542,59,23097
33488,33557,33859,32125,35481,37620,35076,36580,34494,34404,34324,41606,20248,22515,25152,39936,15542,59,23097
32838,33595,34191,32083,33533,37624,35256,36128,34476,34589,34000,41380,20828,25291,31268,39044,17270,61,23719
32068,33565,34547,32611,30919,37624,35256,36128,34476,34589,34000,41380,20828,25291,31268,39044,17270,61,23719
31497,33305,35483,33263,28675,37624,35256,36128,34476,34589,34000,41380,20828,25291,31268,39044,17270,61,23719
31855,33394,35466,33506,27836,37624,35256,36128,34476,34589,34000,41380,20828,25291,31268,39044,17270,61,23719
32423,33341,34669,33477,32173,37624,35256,36128,34476,34589,34000,41380,20828,25291,31268,39044,17270,61,23719
33650,33107,34071,33423,32258,37624,35256,36128,34476,34589,34000,41380,20828,25291,31268,39044,17270,61,23719
34298,33276,34106,32839,31286,37624,35256,36128,34476,34589,34000,41380,20828,25291,31268,39044,17270,61,23719
34623,32994,33709,32543,33909,37624,35256,36128,34476,34589,34000,41380,20828,25291,31268,39044,17270,61,23719
34823,33163,33303,32587,35311,37624,35256,36128,34476,34589,34000,41380,20828,25291,31268,39044,17270,61,23719
35388,33122,32130,33076,35906,37624,35256,36128,34476,34589,34000,41380,20828,25291,31268,39044,17270,61,23719
36871,32934,31197,33452,36162,37424,33352,37480,34504,34792,33556,41988,21380,27592,32468,34820,18644,60,26160
36919,32999,31861,33349,35730,37424,33352,37480,34504,34792,33556,41988,21380,27592,32468,34820,18644,60,26160
36359,33037,32815,33607,35012,37424,33352,37480,34504,34792,33556,41988,21380,27592,32468,34820,18644,60,26160
35931,32903,32927,33479,32211,37424,33352,37480,34504,34792,33556,41988,21380,27592,32468,34820,18644,60,26160
35740,33046,32929,33417,29361,37424,33352,37480,34504,34792,33556,41988,21380,27592,32468,34820,18644,60,26160
36119,32903,33091,33703,27570,37424,33352,37480,34504,34792,33556,41988,21380,27592,32468,34820,18644,60,26160
36687,32853,33078,33680,28236,37424,33352,37480,34504,34792,33556,41988,21380,27592,32468,34820,18644,60,26160
36905,32969,32967,33735,29543,37424,33352,37480,34504,34792,33556,41988,21380,27592,32468,34820,18644,60,26160
36973,32901,33146,33791,31133,37424,33352,37480,34504,34792,33556,41988,21380,27592,32468,34820,18644,60,26160
36474,32830,33287,33233,32195,37424,33352,37480,34504,34792,33556,41988,21380,27592,32468,34820,18644,60,26160
35807,32983,33452,33411,32418,37434,32468,37552,34376,35448,32088,41948,22124,29800,34601,34260,18933,61,36689
36008,32819,33303,33343,33231,37434,32468,37552,34376,35448,32088,41948,22124,29800,34601,34260,18933,61,36689
35932,32851,32532,33111,32827,37434,32468,37552,34376,35448,32088,41948,22124,29800,34601,34260,18933,61,36689
35979,32959,31461,33133,33138,37434,32468,37552,34376,35448,32088,41948,22124,29800,34601,34260,18933,61,36689
35846,32845,31764,32974,33955,37434,32468,37552,34376,35448,32088,41948,22124,29800,34601,34260,18933,61,36689
35269,32935,31699,33451,32927,37434,32468,37552,34376,35448,32088,41948,22124,29800,34601,34260,18933,61,36689
33994,32969,31290,33474,33455,37434,32468,37552,34376,35448,32088,41948,22124,29800,34601,34260,18933,61,36689
33928,32199,31718,33830,32143,37434,32468,37552,34376,35448,32088,41948,22124,29800,34601,34260,18933,61,36689
34950,30629,32196,33945,33159,37434,32468,37552,34376,35448,32088,41948,22124,29800,34601,34260,18933,61,36689
35245,31435,32774,34474,32055,37434,32468,37552,34376,35448,32088,41948,22124,29800,34601,34260,18933,61,36689
33883,32591,32869,34599,32315,37272,31180,37740,34314,36620,31472,41792,22668,30096,35117,29308,16589,61,63652
32580,33401,32826,33439,32951,37272,31180,37740,34314,36620,31472,41792,22668,30096,35117,29308,16589,61,63652
32358,33581,32928,32614,32293,37272,31180,37740,34314,36620,31472,41792,22668,30096,35117,29308,16589,61,63652
32456,33119,33110,32279,33213,37272,31180,37740,34314,36620,31472,41792,22668,30096,35117,29308,16589,61,63652
32890,32543,33274,32361,32955,37272,31180,37740,34314,36620,31472,41792,22668,30096,35117,29308,16589,61,63652
33122,32431,33479,31793,31123,37272,31180,37740,34314,36620,31472,41792,22668,30096,35117,29308,16589,61,63652
33234,33319,33268,31517,33173,37272,31180,37740,34314,36620,31472,41792,22668,30096,35117,29308,16589,61,63652
33533,33277,33330,30975,33785,37272,31180,37740,34314,36620,31472,41792,22668,30096,35117,29308,16589,61,63652
34234,33231,33261,31234,31727,37272,31180,37740,34314,36620,31472,41792,22668,30096,35117,29308,16589,61,63652
34970,33178,33260,31862,33017,37272,31180,37740,34314,36620,31472,41792,22668,30096,35117,29308,16589,61,63652
35392,33059,33330,32883,33502,36840,30536,37202,34112,37432,31592,41516,23456,30360,32664,31482,13658,62,65416
35878,33179,33310,32659,32249,36840,30536,37202,34112,37432,31592,41516,23456,30360,32664,31482,13658,62,65416
36684,33103,33474,31710,33991,36840,30536,37202,34112,37432,31592,41516,23456,30360,32664,31482,13658,62,65416
36945,32959,33397,32031,33241,36840,30536,37202,34112,37432,31592,41516,23456,30360,32664,31482,13658,62,65416
36946,33068,33278,32479,33527,36840,30536,37202,34112,37432,31592,41516,23456,30360,32664,31482,13658,62,65416
37047,32893,33032,31808,34605,36840,30536,37202,34112,37432,31592,41516,23456,30360,32664,31482,13658,62,65416
36349,32993,33033,31684,34337,36840,30536,37202,34112,37432,31592,41516,23456,30360,32664,31482,13658,62,65416
35302,33039,32831,30799,33749,36840,30536,37202,34112,37432,31592,41516,23456,30360,32664,31482,13658,62,65416
34747,32857,32820,29965,35551,36840,30536,37202,34112,37432,31592,41516,23456,30360,32664,31482,13658,62,65416
35002,32919,32653,30883,35503,36840,30536,37202,34112,37432,31592,41516,23456,30360,32664,31482,13658,62,65416
35509,32964,32509,33029,36545,36432,30350,36704,34026,37104,32880,40300,24200,27988,23900,36742,14836,5161,65424
35894,32791,32637,33212,32339,36432,30350,36704,34026,37104,32880,40300,24200,27988,23900,36742,14836,5161,65424
35698,32931,32452,33847,31693,36432,30350,36704,34026,37104,32880,40300,24200,27988,23900,36742,14836,5161,65424
35468,32950,32621,34175,30579,36432,30350,36704,34026,37104,32880,40300,24200,27988,23900,36742,14836,5161,65424
34809,32758,32381,30595,31167,36432,30350,36704,34026,37104,32880,40300,24200,27988,23900,36742,14836,5161,65424
33828,32950,32211,29039,35519,36432,30350,36704,34026,37104,32880,40300,24200,27988,23900,36742,14836,5161,65424
33655,32772,32162,29610,36369,36432,30350,36704,34026,37104,32880,40300,24200,27988,23900,36742,14836,5161,65424
32608,32831,32023,31589,33272,36432,30350,36704,34026,37104,32880,40300,24200,27988,23900,36742,14836,5161,65424
31315,32816,31957,33315,30425,36432,30350,36704,34026,37104,32880,40300,24200,27988,23900,36742,14836,5161,65424
30011,29828,32351,33638,32938,36432,30350,36704,34026,37104,32880,40300,24200,27988,23900,36742,14836,5161,65424
29570,27801,32716,32550,36331,35688,30628,35516,34108,35372,34696,39042,24729,30416,26106,37124,16442,10186,64592
29321,26781,32993,32085,36495,35688,30628,35516,34108,35372,34696,39042,24729,30416,26106,37124,16442,10186,64592
28886,24794,33456,33286,31424,35688,30628,35516,34108,35372,34696,39042,24729,30416,26106,37124,16442,10186,64592
28407,21094,33737,32858,23071,35688,30628,35516,34108,35372,34696,39042,24729,30416,26106,37124,16442,10186,64592
27701,17217,33641,33010,25245,35688,30628,35516,34108,35372,34696,39042,24729,30416,26106,37124,16442,10186,64592
26772,13004,33505,33593,33165,35688,30628,35516,34108,35372,34696,39042,24729,30416,26106,37124,16442,10186,64592
25288,4767,33468,33826,40732,35688,30628,35516,34108,35372,34696,39042,24729,30416,26106,37124,16442,10186,64592
23752,19,33552,34438,44853,35688,30628,35516,34108,35372,34696,39042,24729,30416,26106,37124,16442,10186,64592
20956,15,34280,34820,44864,35688,30628,35516,34108,35372,34696,39042,24729,30416,26106,37124,16442,10186,64592
20398,10,34732,34285,43497,35688,30628,35516,34108,35372,34696,39042,24729,30416,26106,37124,16442,10186,64592
20901,3480,35346,34199,34173,34124,32234,32716,34204,33048,35880,37836,25144,33808,31208,44585,18545,16830,47744
22519,7552,35397,34077,25174,34124,32234,32716,34204,33048,35880,37836,25144,33808,31208,44585,18545,16830,47744
23577,15183,35367,34199,16913,34124,32234,32716,34204,33048,35880,37836,25144,33808,31208,44585,18545,16830,47744
22958,20617,35567,34410,6597,34124,32234,32716,34204,33048,35880,37836,25144,33808,31208,44585,18545,16830,47744
22584,23981,35807,34499,5695,34124,32234,32716,34204,33048,35880,37836,25144,33808,31208,44585,18545,16830,47744
22392,25033,35842,34397,9544,34124,32234,32716,34204,33048,35880,37836,25144,33808,31208,44585,18545,16830,47744
23148,23204,35745,34120,12745,34124,32234,32716,34204,33048,35880,37836,25144,33808,31208,44585,18545,16830,47744
23273,20552,35490,34429,27751,34124,32234,32716,34204,33048,35880,37836,25144,33808,31208,44585,18545,16830,47744
22984,22579,35059,34354,40612,34124,32234,32716,34204,33048,35880,37836,25144,33808,31208,44585,18545,16830,47744
20320,28535,34082,34440,49780,34124,32234,32716,34204,33048,35880,37836,25144,33808,31208,44585,18545,16830,47744
17609,29033,33503,33907,48736,32388,32584,31280,34406,31696,35984,35746,25512,37184,37828,53824,23050,24105,34358
18239,30138,33333,33306,15250,32388,32584,31280,34406,31696,35984,35746,25512,37184,37828,53824,23050,24105,34358
20064,33301,33092,32880,32010,32388,32584,31280,34406,31696,35984,35746,25512,37184,37828,53824,23050,24105,34358
21716,36764,33516,32511,19265,32388,32584,31280,34406,31696,35984,35746,25512,37184,37828,53824,23050,24105,34358
23158,39515,33000,32512,65508,32388,32584,31280,34406,31696,35984,35746,25512,37184,37828,53824,23050,24105,34358
24416,45278,32608,32756,57872,32388,32584,31280,34406,31696,35984,35746,25512,37184,37828,53824,23050,24105,34358
25499,52730,31892,33398,62596,32388,32584,31280,34406,31696,35984,35746,25512,37184,37828,53824,23050,24105,34358
26440,55520,31021,33974,45574,32388,32584,31280,34406,31696,35984,35746,25512,37184,37828,53824,23050,24105,34358
27248,56269,30312,33720,56092,32388,32584,31280,34406,31696,35984,35746,25512,37184,37828,53824,23050,24105,34358
36846,56896,29959,33091,53102,32388,32584,31280,34406,31696,35984,35746,25512,37184,37828,53824,23050,24105,34358
35852,56762,29693,32268,50445,30984,33916,30136,34628,31466,34752,34506,25750,39384,54480,57292,24628,33040,27168
32326,55950,29727,31814,48135,30984,33916,30136,34628,31466,34752,34506,25750,39384,54480,57292,24628,33040,27168
38278,53859,29666,31618,38657,30984,33916,30136,34628,31466,34752,34506,25750,39384,54480,57292,24628,33040,27168
42349,49070,29696,31884,23264,30984,33916,30136,34628,31466,34752,34506,25750,39384,54480,57292,24628,33040,27168
46076,43794,29856,32432,4556,30984,33916,30136,34628,31466,34752,34506,25750,39384,54480,57292,24628,33040,27168
47156,38882,30288,33715,19742,30984,33916,30136,34628,31466,34752,34506,25750,39384,54480,57292,24628,33040,27168
47829,34020,30761,34597,25634,30984,33916,30136,34628,31466,34752,34506,25750,39384,54480,57292,24628,33040,27168
50312,29846,31154,35149,9277,30984,33916,30136,34628,31466,34752,34506,25750,39384,54480,57292,24628,33040,27168
51148,27041,31332,35532,275,30984,33916,30136,34628,31466,34752,34506,25750,39384,54480,57292,24628,33040,27168
50904,26181,31378,35045,4806,30984,33916,30136,34628,31466,34752,34506,25750,39384,54480,57292,24628,33040,27168
51066,28929,31942,34526,12245,27732,35712,29042,34708,31176,32456,34812,26012,37308,56968,58576,32774,39480,18368
50476,34552,32471,34412,26447,27732,35712,29042,34708,31176,32456,34812,26012,37308,56968,58576,32774,39480,18368
49628,41952,32744,34276,49172,27732,35712,29042,34708,31176,32456,34812,26012,37308,56968,58576,32774,39480,18368
49696,48184,32928,34345,44311,27732,35712,29042,34708,31176,32456,34812,26012,37308,56968,58576,32774,39480,18368
50161,48263,32912,32983,31782,27732,35712,29042,34708,31176,32456,34812,26012,37308,56968,58576,32774,39480,18368
48857,46318,32792,32585,30842,27732,35712,29042,34708,31176,32456,34812,26012,37308,56968,58576,32774,39480,18368
47269,44720,32367,30148,42150,27732,35712,29042,34708,31176,32456,34812,26012,37308,56968,58576,32774,39480,18368
46560,43007,31963,29703,40713,27732,35712,29042,34708,31176,32456,34812,26012,37308,56968,58576,32774,39480,18368
45664,41828,31910,30324,27599,27732,35712,29042,34708,31176,32456,34812,26012,37308,56968,58576,32774,39480,18368
44404,40471,32073,30519,38275,27732,35712,29042,34708,31176,32456,34812,26012,37308,56968,58576,32774,39480,18368
42792,39607,32175,31229,40300,26976,36468,29184,35312,30784,29864,35986,26052,32964,47184,57904,37865,44716,6809
39924,38683,32274,31949,46431,26976,36468,29184,35312,30784,29864,35986,26052,32964,47184,57904,37865,44716,6809
37761,37919,32905,31767,39247,26976,36468,29184,35312,30784,29864,35986,26052,32964,47184,57904,37865,44716,6809
37916,37417,33752,31955,39392,26976,36468,29184,35312,30784,29864,35986,26052,32964,47184,57904,37865,44716,6809
37540,36658,35113,32095,39720,26976,36468,29184,35312,30784,29864,35986,26052,32964,47184,57904,37865,44716,6809
37295,36077,36649,32391,38275,26976,36468,29184,35312,30784,29864,35986,26052,32964,47184,57904,37865,44716,6809
37354,35787,38080,32679,38637,26976,36468,29184,35312,30784,29864,35986,26052,32964,47184,57904,37865,44716,6809
37156,35503,39156,32951,36235,26976,36468,29184,35312,30784,29864,35986,26052,32964,47184,57904,37865,44716,6809
35940,34972,40658,33567,35718,26976,36468,29184,35312,30784,29864,35986,26052,32964,47184,57904,37865,44716,6809
35904,34679,42034,34162,31504,26976,36468,29184,35312,30784,29864,35986,26052,32964,47184,57904,37865,44716,6809
36080,34450,43451,34215,30546,26384,35964,26725,35554,31650,28484,37248,26144,33180,55844,47536,36198,52604,14236
35448,34231,45178,33912,30279,26384,35964,26725,35554,31650,28484,37248,26144,33180,55844,47536,36198,52604,14236
34093,34076,46855,33700,29862,26384,35964,26725,35554,31650,28484,37248,26144,33180,55844,47536,36198,52604,14236
31660,33888,48283,33828,28038,26384,35964,26725,35554,31650,28484,37248,26144,33180,55844,47536,36198,52604,14236
29109,33763,47303,34424,28765,26384,35964,26725,35554,31650,28484,37248,26144,33180,55844,47536,36198,52604,14236
27408,33613,46362,34169,26614,26384,35964,26725,35554,31650,28484,37248,26144,33180,55844,47536,36198,52604,14236
26442,9,44701,33410,26671,26384,35964,26725,35554,31650,28484,37248,26144,33180,55844,47536,36198,52604,14236
26260,1,43225,32557,25716,26384,35964,26725,35554,31650,28484,37248,26144,33180,55844,47536,36198,52604,14236
25563,9,41941,32353,28055,26384,35964,26725,35554,31650,28484,37248,26144,33180,55844,47536,36198,52604,14236
23980,9,40681,31763,29246,26384,35964,26725,35554,31650,28484,37248,26144,33180,55844,47536,36198,52604,14236
23634,2522,39859,31431,29837,25992,35065,27064,35756,32592,28232,37892,26224,37560,55848,27683,33341,65436,21584
23607,6738,38794,31321,30635,25992,35065,27064,35756,32592,28232,37892,26224,37560,55848,27683,33341,65436,21584
24100,10353,38217,31077,33037,25992,35065,27064,35756,32592,28232,37892,26224,37560,55848,27683,33341,65436,21584
24415,13405,32801,31084,33232,25992,35065,27064,35756,32592,28232,37892,26224,37560,55848,27683,33341,65436,21584
24528,16006,7998,31358,34804,25992,35065,27064,35756,32592,28232,37892,26224,37560,55848,27683,33341,65436,21584
23980,18221,31,31684,37033,25992,35065,27064,35756,32592,28232,37892,26224,37560,55848,27683,33341,65436,21584
23717,20092,19,31598,36343,25992,35065,27064,35756,32592,28232,37892,26224,37560,55848,27683,33341,65436,21584
24558,21732,6215,31589,35868,25992,35065,27064,35756,32592,28232,37892,26224,37560,55848,27683,33341,65436,21584
25070,23142,10408,31991,37407,25992,35065,27064,35756,32592,28232,37892,26224,37560,55848,27683,33341,65436,21584
24823,24383,13620,32029,36055,25992,35065,27064,35756,32592,28232,37892,26224,37560,55848,27683,33341,65436,21584
24300,25486,15220,31573,37127,28792,33640,33918,35794,34456,29376,37125,26129,37856,22773,11362,25386,65420,54224
23984,26487,15223,31825,36692,28792,33640,33918,35794,34456,29376,37125,26129,37856,22773,11362,25386,65420,54224
24480,27415,15188,32366,34484,28792,33640,33918,35794,34456,29376,37125,26129,37856,22773,11362,25386,65420,54224
25778,28121,15393,32478,36517,28792,33640,33918,35794,34456,29376,37125,26129,37856,22773,11362,25386,65420,54224
28002,28713,15897,32707,34407,28792,33640,33918,35794,34456,29376,37125,26129,37856,22773,11362,25386,65420,54224
30454,29215,16519,33292,31922,28792,33640,33918,35794,34456,29376,37125,26129,37856,22773,11362,25386,65420,54224
32433,29604,16831,33245,33410,28792,33640,33918,35794,34456,29376,37125,26129,37856,22773,11362,25386,65420,54224
33658,29983,18383,32939,31670,28792,33640,33918,35794,34456,29376,37125,26129,37856,22773,11362,25386,65420,54224
33688,30295,20234,33134,30469,28792,33640,33918,35794,34456,29376,37125,26129,37856,22773,11362,25386,65420,54224
33718,30623,21815,34146,29642,28792,33640,33918,35794,34456,29376,37125,26129,37856,22773,11362,25386,65420,54224
33480,49180,23171,33336,30460,32220,33156,35266,35700,34082,30904,35410,26075,39884,12100,2985,63488,65424,62
33475,63930,25326,33065,30928,32220,33156,35266,35700,34082,30904,35410,26075,39884,12100,2985,63488,65424,62
33814,63584,30642,32796,31126,32220,33156,35266,35700,34082,30904,35410,26075,39884,12100,2985,63488,65424,62
34570,58399,33989,33086,31471,32220,33156,35266,35700,34082,30904,35410,26075,39884,12100,2985,63488,65424,62
35001,51547,37016,33233,31885,32220,33156,35266,35700,34082,30904,35410,26075,39884,12100,2985,63488,65424,62
33669,45639,39743,33213,31182,32220,33156,35266,35700,34082,30904,35410,26075,39884,12100,2985,63488,65424,62
31350,41857,42058,33730,33401,32220,33156,35266,35700,34082,30904,35410,26075,39884,12100,2985,63488,65424,62
29910,39558,43682,34135,31477,32220,33156,35266,35700,34082,30904,35410,26075,39884,12100,2985,63488,65424,62
29409,41097,44714,34392,33595,32220,33156,35266,35700,34082,30904,35410,26075,39884,12100,2985,63488,65424,62
28034,45719,45023,35029,33636,32220,33156,35266,35700,34082,30904,35410,26075,39884,12100,2985,63488,65424,62
27525,54138,45184,34212,34042,33504,35268,31482,35624,30085,38496,25282,25946,34799,24354,100,42803,61686,63
27218,59861,45266,32535,33084,33504,35268,31482,35624,30085,38496,25282,25946,34799,24354,100,42803,61686,63
27298,57444,44839,31320,34538,33504,35268,31482,35624,30085,38496,25282,25946,34799,24354,100,42803,61686,63
28102,54301,44212,32103,33623,33504,35268,31482,35624,30085,38496,25282,25946,34799,24354,100,42803,61686,63
29092,51508,43234,33260,33148,33504,35268,31482,35624,30085,38496,25282,25946,34799,24354,100,42803,61686,63
30548,49088,41819,33119,33108,33504,35268,31482,35624,30085,38496,25282,25946,34799,24354,100,42803,61686,63
32218,46983,40301,32966,33923,33504,35268,31482,35624,30085,38496,25282,25946,34799,24354,100,42803,61686,63
33125,45085,38623,32373,31972,33504,35268,31482,35624,30085,38496,25282,25946,34799,24354,100,42803,61686,63
33112,43631,36890,32767,32762,33504,35268,31482,35624,30085,38496,25282,25946,34799,24354,100,42803,61686,63
32814,42091,35506,33391,31631,33504,35268,31482,35624,30085,38496,25282,25946,34799,24354,100,42803,61686,63
33106,41085,34447,33721,32467,29208,41752,23326,35510,31457,55952,36754,25464,9699,18311,98,47128,65420,4840
33543,39836,33559,33623,32420,29208,41752,23326,35510,31457,55952,36754,25464,9699,18311,98,47128,65420,4840
33745,39107,32961,33615,31969,29208,41752,23326,35510,31457,55952,36754,25464,9699,18311,98,47128,65420,4840
33728,38035,32675,33460,32091,29208,41752,23326,35510,31457,55952,36754,25464,9699,18311,98,47128,65420,4840
33300,37647,32585,33025,32915,29208,41752,23326,35510,31457,55952,36754,25464,9699,18311,98,47128,65420,4840
32710,36859,32697,32650,61220,29208,41752,23326,35510,31457,55952,36754,25464,9699,18311,98,47128,65420,4840
32568,36360,33122,32288,18060,29208,41752,23326,35510,31457,55952,36754,25464,9699,18311,98,47128,65420,4840
32292,36055,32998,32036,35214,29208,41752,23326,35510,31457,55952,36754,25464,9699,18311,98,47128,65420,4840
31493,35429,32815,32407,39965,29208,41752,23326,35510,31457,55952,36754,25464,9699,18311,98,47128,65420,4840
30869,35346,32645,31774,4672,29208,41752,23326,35510,31457,55952,36754,25464,9699,18311,98,47128,65420,4840
29362,34761,32040,30780,18351,27524,55904,17314,35576,34592,40132,37448,24761,11682,16307,8762,52680,65424,15566
27913,34804,31881,30215,28610,27524,55904,17314,35576,34592,40132,37448,24761,11682,16307,8762,52680,65424,15566
26806,34290,31718,30869,31584,27524,55904,17314,35576,34592,40132,37448,24761,11682,16307,8762,52680,65424,15566
26437,34406,31262,31725,35365,27524,55904,17314,35576,34592,40132,37448,24761,11682,16307,8762,52680,65424,15566
26568,34070,31270,32669,26087,27524,55904,17314,35576,34592,40132,37448,24761,11682,16307,8762,52680,65424,15566
26552,33919,31511,32669,36782,27524,55904,17314,35576,34592,40132,37448,24761,11682,16307,8762,52680,65424,15566
26766,33909,31570,32667,43221,27524,55904,17314,35576,34592,40132,37448,24761,11682,16307,8762,52680,65424,15566
27217,33607,31929,32677,41725,27524,55904,17314,35576,34592,40132,37448,24761,11682,16307,8762,52680,65424,15566
28389,33695,32575,32832,41855,27524,55904,17314,35576,34592,40132,37448,24761,11682,16307,8762,52680,65424,15566
29152,33577,33319,30854,40247,27524,55904,17314,35576,34592,40132,37448,24761,11682,16307,8762,52680,65424,15566
30796,33334,33702,29349,37781,35894,53664,30288,35476,35216,37914,34232,24420,26408,41024,100,51256,60752,10634
32514,23261,34121,30400,37819,35894,53664,30288,35476,35216,37914,34232,24420,26408,41024,100,51256,60752,10634
32964,11576,34244,32305,35716,35894,53664,30288,35476,35216,37914,34232,24420,26408,41024,100,51256,60752,10634
33892,6691,34583,33565,33516,35894,53664,30288,35476,35216,37914,34232,24420,26408,41024,100,51256,60752,10634
34572,3192,34712,34340,32719,35894,53664,30288,35476,35216,37914,34232,24420,26408,41024,100,51256,60752,10634
33960,932,34786,32521,31532,35894,53664,30288,35476,35216,37914,34232,24420,26408,41024,100,51256,60752,10634
33313,14,34675,32505,29790,35894,53664,30288,35476,35216,37914,34232,24420,26408,41024,100,51256,60752,10634
34361,13,34733,32610,27486,35894,53664,30288,35476,35216,37914,34232,24420,26408,41024,100,51256,60752,10634
35408,1909,34741,31919,26824,35894,53664,30288,35476,35216,37914,34232,24420,26408,41024,100,51256,60752,10634
36295,5595,34631,32023,25885,35894,53664,30288,35476,35216,37914,34232,24420,26408,41024,100,51256,60752,10634
36224,9380,34534,33487,26671,39106,42248,38024,35306,33306,36720,41505,24216,23333,51948,20728,49868,63384,658
36259,12622,34432,34650,25538,39106,42248,38024,35306,33306,36720,41505,24216,23333,51948,20728,49868,63384,658
37082,15373,34325,35566,29757,39106,42248,38024,35306,33306,36720,41505,24216,23333,51948,20728,49868,63384,658
37982,17687,34311,34335,40398,39106,42248,38024,35306,33306,36720,41505,24216,23333,51948,20728,49868,63384,658
38898,19658,34292,33267,33753,39106,42248,38024,35306,33306,36720,41505,24216,23333,51948,20728,49868,63384,658
39390,21455,34311,32752,28739,39106,42248,38024,35306,33306,36720,41505,24216,23333,51948,20728,49868,63384,658
39872,22887,34204,34006,30404,39106,42248,38024,35306,33306,36720,41505,24216,23333,51948,20728,49868,63384,658
39078,24151,34125,34735,32873,39106,42248,38024,35306,33306,36720,41505,24216,23333,51948,20728,49868,63384,658
37449,25277,33683,34918,34799,39106,42248,38024,35306,33306,36720,41505,24216,23333,51948,20728,49868,63384,658
36654,26211,33508,34389,36265,39106,42248,38024,35306,33306,36720,41505,24216,23333,51948,20728,49868,63384,658
36298,27050,33413,33325,40134,41160,32346,40670,35092,35720,33760,40926,23932,22020,49924,46791,47717,65426,64
36191,27846,33338,33248,36169,41160,32346,40670,35092,35720,33760,40926,23932,22020,49924,46791,47717,65426,64
35006,28460,33457,33743,35666,41160,32346,40670,35092,35720,33760,40926,23932,22020,49924,46791,47717,65426,64
34605,29013,33470,34213,34444,41160,32346,40670,35092,35720,33760,40926,23932,22020,49924,46791,47717,65426,64
35224,29531,33745,33919,35375,41160,32346,40670,35092,35720,33760,40926,23932,22020,49924,46791,47717,65426,64
35967,29924,33842,34087,34484,41160,32346,40670,35092,35720,33760,40926,23932,22020,49924,46791,47717,65426,64
36768,30304,33875,33787,33617,41160,32346,40670,35092,35720,33760,40926,23932,22020,49924,46791,47717,65426,64
36833,30599,33875,34252,32621,41160,32346,40670,35092,35720,33760,40926,23932,22020,49924,46791,47717,65426,64
36457,30895,33639,33369,33127,41160,32346,40670,35092,35720,33760,40926,23932,22020,49924,46791,47717,65426,64
35845,31181,33287,33055,33231,41160,32346,40670,35092,35720,33760,40926,23932,22020,49924,46791,47717,65426,64
35358,31289,33031,33348,32767,41012,24872,36928,34940,37696,30074,37904,23880,32272,30748,61876,27112,65420,10681
35074,41515,32848,33788,31271,41012,24872,36928,34940,37696,30074,37904,23880,32272,30748,61876,27112,65420,10681
33832,47134,32421,32331,29042,41012,24872,36928,34940,37696,30074,37904,23880,32272,30748,61876,27112,65420,10681
32833,49513,32112,32139,27796,41012,24872,36928,34940,37696,30074,37904,23880,32272,30748,61876,27112,65420,10681
32049,49453,31801,31976,28190,41012,24872,36928,34940,37696,30074,37904,23880,32272,30748,61876,27112,65420,10681
31438,49211,31604,32671,29939,41012,24872,36928,34940,37696,30074,37904,23880,32272,30748,61876,27112,65420,10681
32049,47414,31373,31879,27536,41012,24872,36928,34940,37696,30074,37904,23880,32272,30748,61876,27112,65420,10681
32788,44745,31325,30933,32692,41012,24872,36928,34940,37696,30074,37904,23880,32272,30748,61876,27112,65420,10681
33187,42886,31094,30757,32652,41012,24872,36928,34940,37696,30074,37904,23880,32272,30748,61876,27112,65420,10681
33142,41026,30755,30921,33013,41012,24872,36928,34940,37696,30074,37904,23880,32272,30748,61876,27112,65420,10681
33042,38572,30558,31829,25111,40036,24317,35584,34728,37016,26660,38914,23269,38790,38264,40429,25504,65420,40164
33586,38304,30655,31838,37042,40036,24317,35584,34728,37016,26660,38914,23269,38790,38264,40429,25504,65420,40164
34472,40020,30722,31620,38588,40036,24317,35584,34728,37016,26660,38914,23269,38790,38264,40429,25504,65420,40164
34912,43314,30795,31236,41655,40036,24317,35584,34728,37016,26660,38914,23269,38790,38264,40429,25504,65420,40164
34721,46670,30683,31316,38885,40036,24317,35584,34728,37016,26660,38914,23269,38790,38264,40429,25504,65420,40164
34621,50777,30457,31832,33693,40036,24317,35584,34728,37016,26660,38914,23269,38790,38264,40429,25504,65420,40164
35123,56125,30223,32269,34071,40036,24317,35584,34728,37016,26660,38914,23269,38790,38264,40429,25504,65420,40164
35226,59376,30180,31704,33415,40036,24317,35584,34728,37016,26660,38914,23269,38790,38264,40429,25504,65420,40164
35264,56854,30087,32043,30034,40036,24317,35584,34728,37016,26660,38914,23269,38790,38264,40429,25504,65420,40164
35255,53609,29895,31983,27545,40036,24317,35584,34728,37016,26660,38914,23269,38790,38264,40429,25504,65420,40164
35042,51015,29975,32339,28483,37340,28352,34266,34850,35346,28410,40868,22841,49181,21476,65472,26404,65420,51468
34616,48614,30076,32178,31609,37340,28352,34266,34850,35346,28410,40868,22841,49181,21476,65472,26404,65420,51468
34499,46525,30249,32713,32506,37340,28352,34266,34850,35346,28410,40868,22841,49181,21476,65472,26404,65420,51468
34732,44890,30191,31878,28936,37340,28352,34266,34850,35346,28410,40868,22841,49181,21476,65472,26404,65420,51468
34804,43143,30055,32255,30703,37340,28352,34266,34850,35346,28410,40868,22841,49181,21476,65472,26404,65420,51468
33420,42044,29781,31991,32015,37340,28352,34266,34850,35346,28410,40868,22841,49181,21476,65472,26404,65420,51468
32247,40519,29625,32329,28631,37340,28352,34266,34850,35346,28410,40868,22841,49181,21476,65472,26404,65420,51468
32433,39861,29596,32680,32185,37340,28352,34266,34850,35346,28410,40868,22841,49181,21476,65472,26404,65420,51468
33204,38736,29676,33189,33199,37340,28352,34266,34850,35346,28410,40868,22841,49181,21476,65472,26404,65420,51468
33707,38185,29825,33675,34850,37340,28352,34266,34850,35346,28410,40868,22841,49181,21476,65472,26404,65420,51468
33872,37306,30067,33511,33202,35353,30262,35771,34832,34972,32764,42036,22296,43534,28464,43964,29172,65428,65416
34154,36914,30166,35255,35572,35353,30262,35771,34832,34972,32764,42036,22296,43534,28464,43964,29172,65428,65416
33940,36217,30534,36243,35715,35353,30262,35771,34832,34972,32764,42036,22296,43534,28464,43964,29172,65428,65416
33326,35980,30931,35263,35893,35353,30262,35771,34832,34972,32764,42036,22296,43534,28464,43964,29172,65428,65416
32178,35455,31006,34021,35979,35353,30262,35771,34832,34972,32764,42036,22296,43534,28464,43964,29172,65428,65416
31739,35247,31227,33871,34690,35353,30262,35771,34832,34972,32764,42036,22296,43534,28464,43964,29172,65428,65416
31967,34793,31957,34056,33471,35353,30262,35771,34832,34972,32764,42036,22296,43534,28464,43964,29172,65428,65416
32356,34659,33045,34767,32891,35353,30262,35771,34832,34972,32764,42036,22296,43534,28464,43964,29172,65428,65416
32445,34507,34132,34189,31271,35353,30262,35771,34832,34972,32764,42036,22296,43534,28464,43964,29172,65428,65416
32853,34099,34585,34020,31103,35353,30262,35771,34832,34972,32764,42036,22296,43534,28464,43964,29172,65428,65416
33287,34135,34663,33991,30853,37168,31200,39744,34876,34152,35410,41552,22148,45348,37732,41352,31414,65432,55408
33486,33761,35018,34537,30500,37168,31200,39744,34876,34152,35410,41552,22148,45348,37732,41352,31414,65432,55408
33765,33849,35399,34630,29351,37168,31200,39744,34876,34152,35410,41552,22148,45348,37732,41352,31414,65432,55408
33420,33635,35591,34206,25215,37168,31200,39744,34876,34152,35410,41552,22148,45348,37732,41352,31414,65432,55408
32967,33482,35906,34138,22759,37168,31200,39744,34876,34152,35410,41552,22148,45348,37732,41352,31414,65432,55408
32619,33575,36206,34589,30202,37168,31200,39744,34876,34152,35410,41552,22148,45348,37732,41352,31414,65432,55408
32080,16208,36301,34304,36390,37168,31200,39744,34876,34152,35410,41552,22148,45348,37732,41352,31414,65432,55408
31718,1084,36432,33284,37065,37168,31200,39744,34876,34152,35410,41552,22148,45348,37732,41352,31414,65432,55408
31404,20,36454,32036,36238,37168,31200,39744,34876,34152,35410,41552,22148,45348,37732,41352,31414,65432,55408
31260,5,36480,31855,35581,37168,31200,39744,34876,34152,35410,41552,22148,45348,37732,41352,31414,65432,55408
30848,10,36630,32071,34898,33154,35564,33942,34891,35016,41888,40448,22000,47228,35824,25404,34848,60708,47744
30416,9,36583,33074,34990,33154,35564,33942,34891,35016,41888,40448,22000,47228,35824,25404,34848,60708,47744
30162,4395,36635,33611,34469,33154,35564,33942,34891,35016,41888,40448,22000,47228,35824,25404,34848,60708,47744
29936,8396,36508,33488,33657,33154,35564,33942,34891,35016,41888,40448,22000,47228,35824,25404,34848,60708,47744
29500,11764,36367,33175,32966,33154,35564,33942,34891,35016,41888,40448,22000,47228,35824,25404,34848,60708,47744
28776,14664,36223,32943,31435,33154,35564,33942,34891,35016,41888,40448,22000,47228,35824,25404,34848,60708,47744
27798,17096,36096,32921,31683,33154,35564,33942,34891,35016,41888,40448,22000,47228,35824,25404,34848,60708,47744
27220,19143,35942,32741,31392,33154,35564,33942,34891,35016,41888,40448,22000,47228,35824,25404,34848,60708,47744
27316,20929,35794,33824,32383,33154,35564,33942,34891,35016,41888,40448,22000,47228,35824,25404,34848,60708,47744
27183,22456,35746,34271,33357,33154,35564,33942,34891,35016,41888,40448,22000,47228,35824,25404,34848,60708,47744
26980,23775,35819,33964,34093,32800,39264,35436,35076,32284,41681,36841,21860,40725,30760,17436,31434,51031,42760
27370,25000,35679,33906,33985,32800,39264,35436,35076,32284,41681,36841,21860,40725,30760,17436,31434,51031,42760
28000,26019,35718,33631,34081,32800,39264,35436,35076,32284,41681,36841,21860,40725,30760,17436,31434,51031,42760
28472,26835,35775,33015,32686,32800,39264,35436,35076,32284,41681,36841,21860,40725,30760,17436,31434,51031,42760
29103,27714,35967,33269,32495,32800,39264,35436,35076,32284,41681,36841,21860,40725,30760,17436,31434,51031,42760
29831,28274,35708,32900,32399,32800,39264,35436,35076,32284,41681,36841,21860,40725,30760,17436,31434,51031,42760
30552,28901,35491,32668,32228,32800,39264,35436,35076,32284,41681,36841,21860,40725,30760,17436,31434,51031,42760
30874,29361,35049,32795,32857,32800,39264,35436,35076,32284,41681,36841,21860,40725,30760,17436,31434,51031,42760
31140,29893,34535,32933,32975,32800,39264,35436,35076,32284,41681,36841,21860,40725,30760,17436,31434,51031,42760
31209,30180,34156,32859,32381,32800,39264,35436,35076,32284,41681,36841,21860,40725,30760,17436,31434,51031,42760
31153,30555,33831,33045,32442,34960,44000,34532,35156,29974,37152,38048,21516,37700,34956,26772,29812,45405,45264
30848,30815,33607,32834,32459,34960,44000,34532,35156,29974,37152,38048,21516,37700,34956,26772,29812,45405,45264
30557,31061,33398,33019,32328,34960,44000,34532,35156,29974,37152,38048,21516,37700,34956,26772,29812,45405,45264
30226,31379,33307,32806,32442,34960,44000,34532,35156,29974,37152,38048,21516,37700,34956,26772,29812,45405,45264
30003,31474,33090,32999,32551,34960,44000,34532,35156,29974,37152,38048,21516,37700,34956,26772,29812,45405,45264
30144,31703,32903,32758,32471,34960,44000,34532,35156,29974,37152,38048,21516,37700,34956,26772,29812,45405,45264
30395,31895,32677,32899,32479,34960,44000,34532,35156,29974,37152,38048,21516,37700,34956,26772,29812,45405,45264
30677,31977,32395,32747,33231,34960,44000,34532,35156,29974,37152,38048,21516,37700,34956,26772,29812,45405,45264
31088,32083,32231,32606,33213,34960,44000,34532,35156,29974,37152,38048,21516,37700,34956,26772,29812,45405,45264
31653,32094,32103,32511,33447,34960,44000,34532,35156,29974,37152,38048,21516,37700,34956,26772,29812,45405,45264
32178,32189,32343,32967,33884,35285,44428,36049,35520,29688,35025,37528,21344,35988,37180,32164,27442,43749,32224
32704,32182,32551,32909,33618,35285,44428,36049,35520,29688,35025,37528,21344,35988,37180,32164,27442,43749,32224
33203,44647,32820,33383,33241,35285,44428,36049,35520,29688,35025,37528,21344,35988,37180,32164,27442,43749,32224
33960,48409,32879,33083,32690,35285,44428,36049,35520,29688,35025,37528,21344,35988,37180,32164,27442,43749,32224
34702,50025,32587,33058,31913,35285,44428,36049,35520,29688,35025,37528,21344,35988,37180,32164,27442,43749,32224
35492,50183,32524,32832,31477,35285,44428,36049,35520,29688,35025,37528,21344,35988,37180,32164,27442,43749,32224
36010,48989,32428,32922,31840,35285,44428,36049,35520,29688,35025,37528,21344,35988,37180,32164,27442,43749,32224
36124,46590,32211,32506,32207,35285,44428,36049,35520,29688,35025,37528,21344,35988,37180,32164,27442,43749,32224
36276,43627,32127,32537,32845,35285,44428,36049,35520,29688,35025,37528,21344,35988,37180,32164,27442,43749,32224
36335,40363,32036,32253,33277,35285,44428,36049,35520,29688,35025,37528,21344,35988,37180,32164,27442,43749,32224
36427,37231,31975,32447,32768,35920,44416,34972,35296,30976,34800,38848,21264,36020,39701,31840,22514,39880,39496
36403,33632,31927,32183,33971,35920,44416,34972,35296,30976,34800,38848,21264,36020,39701,31840,22514,39880,39496
36017,31149,31762,32600,33850,35920,44416,34972,35296,30976,34800,38848,21264,36020,39701,31840,22514,39880,39496
35517,29647,31714,32364,32214,35920,44416,34972,35296,30976,34800,38848,21264,36020,39701,31840,22514,39880,39496
35168,29174,31470,32743,32375,35920,44416,34972,35296,30976,34800,38848,21264,36020,39701,31840,22514,39880,39496
34872,29427,31392,32569,31967,35920,44416,34972,35296,30976,34800,38848,21264,36020,39701,31840,22514,39880,39496
34668,30892,31196,32396,32002,35920,44416,34972,35296,30976,34800,38848,21264,36020,39701,31840,22514,39880,39496
34476,33507,30814,32692,32506,35920,44416,34972,35296,30976,34800,38848,21264,36020,39701,31840,22514,39880,39496
34386,36580,30479,32331,33519,35920,44416,34972,35296,30976,34800,38848,21264,36020,39701,31840,22514,39880,39496
34245,40412,30281,32700,33269,35920,44416,34972,35296,30976,34800,38848,21264,36020,39701,31840,22514,39880,39496
34828,44207,30259,32391,33285,34329,39946,34136,35458,31908,35592,39504,21212,41772,47760,35118,27832,43536,30064
34512,47147,30286,32540,32862,34329,39946,34136,35458,31908,35592,39504,21212,41772,47760,35118,27832,43536,30064
33397,49367,30198,32306,33202,34329,39946,34136,35458,31908,35592,39504,21212,41772,47760,35118,27832,43536,30064
32188,50695,30132,32644,32947,34329,39946,34136,35458,31908,35592,39504,21212,41772,47760,35118,27832,43536,30064
31084,50956,30303,32314,33511,34329,39946,34136,35458,31908,35592,39504,21212,41772,47760,35118,27832,43536,30064
30356,50469,30599,32835,33355,34329,39946,34136,35458,31908,35592,39504,21212,41772,47760,35118,27832,43536,30064
29716,49104,30734,32579,32920,34329,39946,34136,35458,31908,35592,39504,21212,41772,47760,35118,27832,43536,30064
29402,47479,30866,32999,31388,34329,39946,34136,35458,31908,35592,39504,21212,41772,47760,35118,27832,43536,30064
29359,45669,31049,32671,31799,34329,39946,34136,35458,31908,35592,39504,21212,41772,47760,35118,27832,43536,30064
29704,43922,30987,33234,31996,34329,39946,34136,35458,31908,35592,39504,21212,41772,47760,35118,27832,43536,30064
30441,41649,30993,32635,33402,33370,36283,35416,35364,32948,36370,39488,21320,42336,46024,31838,27096,42788,45861
31622,39259,30953,32462,32184,33370,36283,35416,35364,32948,36370,39488,21320,42336,46024,31838,27096,42788,45861
32292,39034,30802,32707,33759,33370,36283,35416,35364,32948,36370,39488,21320,42336,46024,31838,27096,42788,45861
33175,38589,30893,33194,34054,33370,36283,35416,35364,32948,36370,39488,21320,42336,46024,31838,27096,42788,45861
34020,39162,30738,32834,33509,33370,36283,35416,35364,32948,36370,39488,21320,42336,46024,31838,27096,42788,45861
34589,39394,30628,33141,31930,33370,36283,35416,35364,32948,36370,39488,21320,42336,46024,31838,27096,42788,45861
35264,39971,30297,32574,31192,33370,36283,35416,35364,32948,36370,39488,21320,42336,46024,31838,27096,42788,45861
35685,39814,30228,32529,29559,33370,36283,35416,35364,32948,36370,39488,21320,42336,46024,31838,27096,42788,45861
35604,40361,30537,32011,29721,33370,36283,35416,35364,32948,36370,39488,21320,42336,46024,31838,27096,42788,45861
35647,40741,30759,32622,30903,33370,36283,35416,35364,32948,36370,39488,21320,42336,46024,31838,27096,42788,45861
36029,41107,30965,32515,31847,33194,33932,36081,35296,32384,36480,38956,21310,43568,42778,27826,30708,42768,46140
36159,41664,31266,33043,33317,33194,33932,36081,35296,32384,36480,38956,21310,43568,42778,27826,30708,42768,46140
36117,41439,31517,33179,35277,33194,33932,36081,35296,32384,36480,38956,21310,43568,42778,27826,30708,42768,46140
35922,40386,32109,33799,39961,33194,33932,36081,35296,32384,36480,38956,21310,43568,42778,27826,30708,42768,46140
35698,39495,32999,33615,40870,33194,33932,36081,35296,32384,36480,38956,21310,43568,42778,27826,30708,42768,46140
35271,38482,33613,33959,38784,33194,33932,36081,35296,32384,36480,38956,21310,43568,42778,27826,30708,42768,46140
34764,37963,33895,33632,37083,33194,33932,36081,35296,32384,36480,38956,21310,43568,42778,27826,30708,42768,46140
34466,37258,34164,33461,33135,33194,33932,36081,35296,32384,36480,38956,21310,43568,42778,27826,30708,42768,46140
34344,36517,34399,33063,28638,33194,33932,36081,35296,32384,36480,38956,21310,43568,42778,27826,30708,42768,46140
34221,36265,34602,32899,27951,33194,33932,36081,35296,32384,36480,38956,21310,43568,42778,27826,30708,42768,46140
34126,35611,34559,33275,28360,32720,35680,35512,35363,32810,36090,38964,21316,44756,43012,22468,35308,41124,27960
34485,35366,34535,33206,29484,32720,35680,35512,35363,32810,36090,38964,21316,44756,43012,22468,35308,41124,27960
34574,35101,34511,33213,28067,32720,35680,35512,35363,32810,36090,38964,21316,44756,43012,22468,35308,41124,27960
34440,34765,34323,33055,27597,32720,35680,35512,35363,32810,36090,38964,21316,44756,43012,22468,35308,41124,27960
34599,34566,34100,33151,29535,32720,35680,35512,35363,32810,36090,38964,21316,44756,43012,22468,35308,41124,27960
34571,34169,34139,33296,31991,32720,35680,35512,35363,32810,36090,38964,21316,44756,43012,22468,35308,41124,27960
34539,34207,34103,33081,34797,32720,35680,35512,35363,32810,36090,38964,21316,44756,43012,22468,35308,41124,27960
34631,33894,34021,33567,33709,32720,35680,35512,35363,32810,36090,38964,21316,44756,43012,22468,35308,41124,27960
34749,33817,33991,33657,33594,32720,35680,35512,35363,32810,36090,38964,21316,44756,43012,22468,35308,41124,27960
34987,33761,34117,33974,33077,32720,35680,35512,35363,32810,36090,38964,21316,44756,43012,22468,35308,41124,27960
35161,33581,34647,33887,32425,33080,37250,35456,35475,32605,36456,38808,21348,42629,42840,21441,37652,41036,25948
35418,33549,35027,33994,32235,33080,37250,35456,35475,32605,36456,38808,21348,42629,42840,21441,37652,41036,25948
35438,33335,35266,33574,32195,33080,37250,35456,35475,32605,36456,38808,21348,42629,42840,21441,37652,41036,25948
35406,33439,34967,33091,32262,33080,37250,35456,35475,32605,36456,38808,21348,42629,42840,21441,37652,41036,25948
35249,33178,34631,32973,34054,33080,37250,35456,35475,32605,36456,38808,21348,42629,42840,21441,37652,41036,25948
34913,33327,34163,33527,36423,33080,37250,35456,35475,32605,36456,38808,21348,42629,42840,21441,37652,41036,25948
34379,33067,33581,33564,36743,33080,37250,35456,35475,32605,36456,38808,21348,42629,42840,21441,37652,41036,25948
33734,33243,32909,33993,37118,33080,37250,35456,35475,32605,36456,38808,21348,42629,42840,21441,37652,41036,25948
33111,33083,32578,33628,36475,33080,37250,35456,35475,32605,36456,38808,21348,42629,42840,21441,37652,41036,25948
32638,33023,32591,33843,35639,33080,37250,35456,35475,32605,36456,38808,21348,42629,42840,21441,37652,41036,25948
32085,33166,32615,33628,33327,33314,38756,35066,35674,32150,36848,39000,21503,44780,43488,18274,37508,36320,31752
31305,32946,32423,33362,31945,33314,38756,35066,35674,32150,36848,39000,21503,44780,43488,18274,37508,36320,31752
30810,33062,32291,33394,31361,33314,38756,35066,35674,32150,36848,39000,21503,44780,43488,18274,37508,36320,31752
30619,33119,32239,32959,31682,33314,38756,35066,35674,32150,36848,39000,21503,44780,43488,18274,37508,36320,31752
30555,32904,32297,33223,31588,33314,38756,35066,35674,32150,36848,39000,21503,44780,43488,18274,37508,36320,31752
30294,33095,32723,33580,30314,33314,38756,35066,35674,32150,36848,39000,21503,44780,43488,18274,37508,36320,31752
30090,32923,33107,33365,30047,33314,38756,35066,35674,32150,36848,39000,21503,44780,43488,18274,37508,36320,31752
29938,32911,33636,33481,30501,33314,38756,35066,35674,32150,36848,39000,21503,44780,43488,18274,37508,36320,31752
29785,33090,34143,33451,33070,33314,38756,35066,35674,32150,36848,39000,21503,44780,43488,18274,37508,36320,31752
29716,32834,34292,33395,33503,33314,38756,35066,35674,32150,36848,39000,21503,44780,43488,18274,37508,36320,31752
29736,33071,34383,33253,33239,32840,40428,34752,35568,32086,37664,38701,21545,43192,41682,24322,34176,33096,27712
29827,32837,34231,33012,32143,32840,40428,34752,35568,32086,37664,38701,21545,43192,41682,24322,34176,33096,27712
29839,32915,33713,32755,32489,32840,40428,34752,35568,32086,37664,38701,21545,43192,41682,24322,34176,33096,27712
30052,33039,33111,32463,33241,32840,40428,34752,35568,32086,37664,38701,21545,43192,41682,24322,34176,33096,27712
30065,32997,32519,32679,33262,32840,40428,34752,35568,32086,37664,38701,21545,43192,41682,24322,34176,33096,27712
30178,32831,31718,32791,30727,32840,40428,34752,35568,32086,37664,38701,21545,43192,41682,24322,34176,33096,27712
30222,33029,30819,32485,31405,32840,40428,34752,35568,32086,37664,38701,21545,43192,41682,24322,34176,33096,27712
30107,32831,29888,33014,31930,32840,40428,34752,35568,32086,37664,38701,21545,43192,41682,24322,34176,33096,27712
28880,33028,29274,32751,31582,32840,40428,34752,35568,32086,37664,38701,21545,43192,41682,24322,34176,33096,27712
29721,9,28831,33081,32572,32840,40428,34752,35568,32086,37664,38701,21545,43192,41682,24322,34176,33096,27712
30148,1,28854,32749,34092,32796,40656,34532,35480,31680,38160,38216,21622,41274,41332,26440,32820,34123,33181
30534,9,29015,32969,32806,32796,40656,34532,35480,31680,38160,38216,21622,41274,41332,26440,32820,34123,33181
30866,9,29345,32578,32016,32796,40656,34532,35480,31680,38160,38216,21622,41274,41332,26440,32820,34123,33181
31060,2156,29891,32881,31084,32796,40656,34532,35480,31680,38160,38216,21622,41274,41332,26440,32820,34123,33181
31142,6438,30461,32545,32647,32796,40656,34532,35480,31680,38160,38216,21622,41274,41332,26440,32820,34123,33181
31391,10074,31030,33007,31919,32796,40656,34532,35480,31680,38160,38216,21622,41274,41332,26440,32820,34123,33181
31653,13101,31517,32738,30709,32796,40656,34532,35480,31680,38160,38216,21622,41274,41332,26440,32820,34123,33181
31774,15882,32052,33143,31239,32796,40656,34532,35480,31680,38160,38216,21622,41274,41332,26440,32820,34123,33181
31953,18148,32639,32839,31991,32796,40656,34532,35480,31680,38160,38216,21622,41274,41332,26440,32820,34123,33181
31985,20064,32951,33087,33250,32796,40656,34532,35480,31680,38160,38216,21622,41274,41332,26440,32820,34123,33181
31896,21735,33297,32951,34951,33132,40608,33356,35356,31724,38416,37648,21692,40345,44795,31433,33840,32908,30549
31911,23087,33538,33260,33007,33132,40608,33356,35356,31724,38416,37648,21692,40345,44795,31433,33840,32908,30549
32054,24402,33779,33155,32026,33132,40608,33356,35356,31724,38416,37648,21692,40345,44795,31433,33840,32908,30549
32012,25451,33959,33535,35943,33132,40608,33356,35356,31724,38416,37648,21692,40345,44795,31433,33840,32908,30549
31908,26399,34241,33216,38601,33132,40608,33356,35356,31724,38416,37648,21692,40345,44795,31433,33840,32908,30549
31967,27247,34311,33100,34209,33132,40608,33356,35356,31724,38416,37648,21692,40345,44795,31433,33840,32908,30549
32015,27994,34171,33257,48214,33132,40608,33356,35356,31724,38416,37648,21692,40345,44795,31433,33840,32908,30549
32164,28539,34023,33539,32751,33132,40608,33356,35356,31724,38416,37648,21692,40345,44795,31433,33840,32908,30549
32359,29190,33787,33415,29556,33132,40608,33356,35356,31724,38416,37648,21692,40345,44795,31433,33840,32908,30549
32722,29541,33734,33417,33127,33132,40608,33356,35356,31724,38416,37648,21692,40345,44795,31433,33840,32908,30549
32988,30074,33571,33004,30022,33285,39668,32908,35320,32046,38418,37476,21768,38928,49857,37792,34389,33968,24960
33135,30303,33603,32927,34051,33285,39668,32908,35320,32046,38418,37476,21768,38928,49857,37792,34389,33968,24960
33072,38176,33716,32446,39804,33285,39668,32908,35320,32046,38418,37476,21768,38928,49857,37792,34389,33968,24960
33086,65504,33658,32515,44250,33285,39668,32908,35320,32046,38418,37476,21768,38928,49857,37792,34389,33968,24960
33094,65528,33483,32445,39314,33285,39668,32908,35320,32046,38418,37476,21768,38928,49857,37792,34389,33968,24960
32971,65532,33231,32605,31927,33285,39668,32908,35320,32046,38418,37476,21768,38928,49857,37792,34389,33968,24960
32969,65535,33151,32637,29698,33285,39668,32908,35320,32046,38418,37476,21768,38928,49857,37792,34389,33968,24960
32972,63347,33193,32720,25006,33285,39668,32908,35320,32046,38418,37476,21768,38928,49857,37792,34389,33968,24960
32838,59061,33262,32835,21151,33285,39668,32908,35320,32046,38418,37476,21768,38928,49857,37792,34389,33968,24960
32466,55559,33037,32871,20029,33285,39668,32908,35320,32046,38418,37476,21768,38928,49857,37792,34389,33968,24960
32512,52303,33035,33081,24802,32964,38984,32586,35358,31940,38681,37200,22008,38736,51093,36985,32602,31828,31440
32596,6048,33032,32808,25022,32964,38984,32586,35358,31940,38681,37200,22008,38736,51093,36985,32602,31828,31440
32713,12,32886,32997,32164,32964,38984,32586,35358,31940,38681,37200,22008,38736,51093,36985,32602,31828,31440
32991,2042,33053,33110,33975,32964,38984,32586,35358,31940,38681,37200,22008,38736,51093,36985,32602,31828,31440
33204,6602,33322,32866,35101,32964,38984,32586,35358,31940,38681,37200,22008,38736,51093,36985,32602,31828,31440
33203,10218,33285,33023,36775,32964,38984,32586,35358,31940,38681,37200,22008,38736,51093,36985,32602,31828,31440
33184,13375,33324,32695,35235,32964,38984,32586,35358,31940,38681,37200,22008,38736,51093,36985,32602,31828,31440
33177,16095,33427,32935,33637,32964,38984,32586,35358,31940,38681,37200,22008,38736,51093,36985,32602,31828,31440
33135,18394,33085,33253,37093,32964,38984,32586,35358,31940,38681,37200,22008,38736,51093,36985,32602,31828,31440
33198,20283,33122,33221,35259,32964,38984,32586,35358,31940,38681,37200,22008,38736,51093,36985,32602,31828,31440
33118,21974,32951,33572,32709,32484,38628,32352,35542,32137,38844,36924,22208,38121,53848,39029,33909,34122,37675
32924,23399,32743,33281,29574,32484,38628,32352,35542,32137,38844,36924,22208,38121,53848,39029,33909,34122,37675
32837,24566,32671,33543,27477,32484,38628,32352,35542,32137,38844,36924,22208,38121,53848,39029,33909,34122,37675
32864,25713,32636,33093,29631,32484,38628,32352,35542,32137,38844,36924,22208,38121,53848,39029,33909,34122,37675
32859,26594,32453,33189,27453,32484,38628,32352,35542,32137,38844,36924,22208,38121,53848,39029,33909,34122,37675
32916,27430,32502,32950,34493,32484,38628,32352,35542,32137,38844,36924,22208,38121,53848,39029,33909,34122,37675
32964,28148,32839,33121,33087,32484,38628,32352,35542,32137,38844,36924,22208,38121,53848,39029,33909,34122,37675
33128,28774,33215,33184,31492,32484,38628,32352,35542,32137,38844,36924,22208,38121,53848,39029,33909,34122,37675
33236,29262,33566,33348,36893,32484,38628,32352,35542,32137,38844,36924,22208,38121,53848,39029,33909,34122,37675
33292,29833,33552,33543,32789,32484,38628,32352,35542,32137,38844,36924,22208,38121,53848,39029,33909,34122,37675
33537,30081,33759,33186,37845,31512,39780,31908,35538,32288,39152,36584,22340,40480,48924,35577,32344,33998,37236
33617,30564,33853,33355,32092,31512,39780,31908,35538,32288,39152,36584,22340,40480,48924,35577,32344,33998,37236
34207,30781,33938,33167,24997,31512,39780,31908,35538,32288,39152,36584,22340,40480,48924,35577,32344,33998,37236
34917,31087,34071,33261,31214,31512,39780,31908,35538,32288,39152,36584,22340,40480,48924,35577,32344,33998,37236
35269,31277,34259,32944,32095,31512,39780,31908,35538,32288,39152,36584,22340,40480,48924,35577,32344,33998,37236
35374,31495,34119,32959,29134,31512,39780,31908,35538,32288,39152,36584,22340,40480,48924,35577,32344,33998,37236
35214,31681,34066,32863,30564,31512,39780,31908,35538,32288,39152,36584,22340,40480,48924,35577,32344,33998,37236
34610,31692,34170,32920,51495,31512,39780,31908,35538,32288,39152,36584,22340,40480,48924,35577,32344,33998,37236
33854,31985,34089,33156,45140,31512,39780,31908,35538,32288,39152,36584,22340,40480,48924,35577,32344,33998,37236
32752,44320,34176,32868,39916,31512,39780,31908,35538,32288,39152,36584,22340,40480,48924,35577,32344,33998,37236
31585,60964,33976,32924,35207,31008,40276,31683,35736,32504,39420,35497,22421,37318,42196,35556,34117,34512,34956
30766,65520,33927,32820,36596,31008,40276,31683,35736,32504,39420,35497,22421,37318,42196,35556,34117,34512,34956
30443,65527,33748,33012,32768,31008,40276,31683,35736,32504,39420,35497,22421,37318,42196,35556,34117,34512,34956
30421,65528,33835,32946,30818,31008,40276,31683,35736,32504,39420,35497,22421,37318,42196,35556,34117,34512,34956
30678,65533,33910,32892,31588,31008,40276,31683,35736,32504,39420,35497,22421,37318,42196,35556,34117,34512,34956
31042,62553,33934,33141,34781,31008,40276,31683,35736,32504,39420,35497,22421,37318,42196,35556,34117,34512,34956
31666,58527,34234,32959,35130,31008,40276,31683,35736,32504,39420,35497,22421,37318,42196,35556,34117,34512,34956
32520,54949,34542,33039,35865,31008,40276,31683,35736,32504,39420,35497,22421,37318,42196,35556,34117,34512,34956
33303,52174,35027,32799,32487,31008,40276,31683,35736,32504,39420,35497,22421,37318,42196,35556,34117,34512,34956
34075,49594,35399,32795,28893,31008,40276,31683,35736,32504,39420,35497,22421,37318,42196,35556,34117,34512,34956
34858,47441,35385,32827,29924,30722,40272,30850,35888,32741,39984,34898,22530,37556,36560,33409,34353,37664,34512
35337,45615,35390,32919,31279,30722,40272,30850,35888,32741,39984,34898,22530,37556,36560,33409,34353,37664,34512
35776,43791,35539,32982,30071,30722,40272,30850,35888,32741,39984,34898,22530,37556,36560,33409,34353,37664,34512
35926,42531,35390,32873,35220,30722,40272,30850,35888,32741,39984,34898,22530,37556,36560,33409,34353,37664,34512
35988,41261,35228,33099,32695,30722,40272,30850,35888,32741,39984,34898,22530,37556,36560,33409,34353,37664,34512
35912,40115,35186,33019,32233,30722,40272,30850,35888,32741,39984,34898,22530,37556,36560,33409,34353,37664,34512
35607,39317,34899,33197,35335,30722,40272,30850,35888,32741,39984,34898,22530,37556,36560,33409,34353,37664,34512
35271,38315,34749,33180,35779,30722,40272,30850,35888,32741,39984,34898,22530,37556,36560,33409,34353,37664,34512
34849,37815,34543,33287,32654,30722,40272,30850,35888,32741,39984,34898,22530,37556,36560,33409,34353,37664,34512
34150,36948,34308,33234,26223,30722,40272,30850,35888,32741,39984,34898,22530,37556,36560,33409,34353,37664,34512
33477,36636,33823,33274,35311,30602,39016,29314,35770,32997,40364,33532,22664,38764,30482,35301,31788,41276,43745
32893,36139,33652,33087,31316,30602,39016,29314,35770,32997,40364,33532,22664,38764,30482,35301,31788,41276,43745
32502,35612,33415,33301,36071,30602,39016,29314,35770,32997,40364,33532,22664,38764,30482,35301,31788,41276,43745
32006,35439,33220,33303,31061,30602,39016,29314,35770,32997,40364,33532,22664,38764,30482,35301,31788,41276,43745
31696,13064,32948,33140,35700,30602,39016,29314,35770,32997,40364,33532,22664,38764,30482,35301,31788,41276,43745
31776,23,32768,33260,33802,30602,39016,29314,35770,32997,40364,33532,22664,38764,30482,35301,31788,41276,43745
31866,4,32498,33053,31930,30602,39016,29314,35770,32997,40364,33532,22664,38764,30482,35301,31788,41276,43745
32103,11,32074,33114,31434,30602,39016,29314,35770,32997,40364,33532,22664,38764,30482,35301,31788,41276,43745
32465,10,31193,32541,29997,30602,39016,29314,35770,32997,40364,33532,22664,38764,30482,35301,31788,41276,43745
32657,3097,30607,32583,33188,30602,39016,29314,35770,32997,40364,33532,22664,38764,30482,35301,31788,41276,43745
32831,7272,30339,32810,39055,30811,37313,28504,35744,33628,39876,32073,22664,37384,27112,34496,33580,44980,45452
33073,10878,30085,32599,40974,30811,37313,28504,35744,33628,39876,32073,22664,37384,27112,34496,33580,44980,45452
33196,13747,30194,32726,33919,30811,37313,28504,35744,33628,39876,32073,22664,37384,27112,34496,33580,44980,45452
33079,16462,30187,32307,31986,30811,37313,28504,35744,33628,39876,32073,22664,37384,27112,34496,33580,44980,45452
32862,18666,30235,32625,35217,30811,37313,28504,35744,33628,39876,32073,22664,37384,27112,34496,33580,44980,45452
32753,20497,29978,32705,33604,30811,37313,28504,35744,33628,39876,32073,22664,37384,27112,34496,33580,44980,45452
32712,22033,29807,32394,29266,30811,37313,28504,35744,33628,39876,32073,22664,37384,27112,34496,33580,44980,45452
32532,23497,30059,32787,31742,30811,37313,28504,35744,33628,39876,32073,22664,37384,27112,34496,33580,44980,45452
32265,24712,30033,32663,28897,30811,37313,28504,35744,33628,39876,32073,22664,37384,27112,34496,33580,44980,45452
32140,25717,30069,32617,29787,30811,37313,28504,35744,33628,39876,32073,22664,37384,27112,34496,33580,44980,45452
32074,26645,29977,32925,29810,31372,36444,27152,36009,34108,39301,30732,22698,30020,17946,35956,31328,43144,44280
31933,27474,30234,32583,30783,31372,36444,27152,36009,34108,39301,30732,22698,30020,17946,35956,31328,43144,44280
31815,28154,30632,33027,34311,31372,36444,27152,36009,34108,39301,30732,22698,30020,17946,35956,31328,43144,44280
31636,28730,30718,32871,36291,31372,36444,27152,36009,34108,39301,30732,22698,30020,17946,35956,31328,43144,44280
31452,29361,30962,33363,35234,31372,36444,27152,36009,34108,39301,30732,22698,30020,17946,35956,31328,43144,44280
31191,29717,31148,32897,33659,31372,36444,27152,36009,34108,39301,30732,22698,30020,17946,35956,31328,43144,44280
30986,30149,31086,33219,34573,31372,36444,27152,36009,34108,39301,30732,22698,30020,17946,35956,31328,43144,44280
30870,30473,31475,33244,32775,31372,36444,27152,36009,34108,39301,30732,22698,30020,17946,35956,31328,43144,44280
30905,30877,31397,33501,31583,31372,36444,27152,36009,34108,39301,30732,22698,30020,17946,35956,31328,43144,44280
30917,30938,31246,33098,31772,31372,36444,27152,36009,34108,39301,30732,22698,30020,17946,35956,31328,43144,44280
31013,31383,31423,33487,31196,31288,35840,26864,35800,33670,38936,29340,22690,30976,20566,36252,32064,44440,42188
31028,31373,31570,33141,30487,31288,35840,26864,35800,33670,38936,29340,22690,30976,20566,36252,32064,44440,42188
31100,31745,31802,33567,28793,31288,35840,26864,35800,33670,38936,29340,22690,30976,20566,36252,32064,44440,42188
31169,31691,32175,33093,31751,31288,35840,26864,35800,33670,38936,29340,22690,30976,20566,36252,32064,44440,42188
31352,32019,32019,33370,33532,31288,35840,26864,35800,33670,38936,29340,22690,30976,20566,36252,32064,44440,42188
31445,31903,31845,33110,34855,31288,35840,26864,35800,33670,38936,29340,22690,30976,20566,36252,32064,44440,42188
31582,32211,31855,33211,36034,31288,35840,26864,35800,33670,38936,29340,22690,30976,20566,36252,32064,44440,42188
31597,32252,32195,32959,35897,31288,35840,26864,35800,33670,38936,29340,22690,30976,20566,36252,32064,44440,42188
31677,32156,32067,33005,35151,31288,35840,26864,35800,33670,38936,29340,22690,30976,20566,36252,32064,44440,42188
31644,32455,31788,33044,35042,31288,35840,26864,35800,33670,38936,29340,22690,30976,20566,36252,32064,44440,42188
31618,32314,31703,32672,33389,31288,36242,26528,35772,33588,38596,28740,22584,29962,20539,39960,32748,52120,40731
31436,32549,31691,33179,32975,31288,36242,26528,35772,33588,38596,28740,22584,29962,20539,39960,32748,52120,40731
31401,32419,31819,32855,32802,31288,36242,26528,35772,33588,38596,28740,22584,29962,20539,39960,32748,52120,40731
31431,32557,31829,33155,31991,31288,36242,26528,35772,33588,38596,28740,22584,29962,20539,39960,32748,52120,40731
31388,32621,31741,32613,31895,31288,36242,26528,35772,33588,38596,28740,22584,29962,20539,39960,32748,52120,40731
31491,32518,31540,32606,31835,31288,36242,26528,35772,33588,38596,28740,22584,29962,20539,39960,32748,52120,40731
31642,32725,31651,32809,30613,31288,36242,26528,35772,33588,38596,28740,22584,29962,20539,39960,32748,52120,40731
31895,32551,31866,32587,30282,31288,36242,26528,35772,33588,38596,28740,22584,29962,20539,39960,32748,52120,40731
32123,32681,32150,32895,30081,31288,36242,26528,35772,33588,38596,28740,22584,29962,20539,39960,32748,52120,40731
32294,32741,32139,32455,29702,31288,36242,26528,35772,33588,38596,28740,22584,29962,20539,39960,32748,52120,40731
32461,32607,32053,32829,32715,31154,35332,28072,35956,33339,38296,28577,22450,30960,25656,39453,34885,54640,46252
32630,32667,32237,32735,32597,31154,35332,28072,35956,33339,38296,28577,22450,30960,25656,39453,34885,54640,46252
32768,37094,31985,33129,32911,31154,35332,28072,35956,33339,38296,28577,22450,30960,25656,39453,34885,54640,46252
32952,41303,31926,32886,34503,31154,35332,28072,35956,33339,38296,28577,22450,30960,25656,39453,34885,54640,46252
33154,43847,31908,32996,35263,31154,35332,28072,35956,33339,38296,28577,22450,30960,25656,39453,34885,54640,46252
33154,46230,32248,32843,35227,31154,35332,28072,35956,33339,38296,28577,22450,30960,25656,39453,34885,54640,46252
32960,47788,32652,33312,35565,31154,35332,28072,35956,33339,38296,28577,22450,30960,25656,39453,34885,54640,46252
32684,48964,32974,33298,34680,31154,35332,28072,35956,33339,38296,28577,22450,30960,25656,39453,34885,54640,46252
32719,49883,32985,33538,31157,31154,35332,28072,35956,33339,38296,28577,22450,30960,25656,39453,34885,54640,46252
32883,50859,33094,33095,30398,31154,35332,28072,35956,33339,38296,28577,22450,30960,25656,39453,34885,54640,46252
33124,51183,33375,33253,31013,31380,35094,29522,35848,32744,38504,30144,22344,28672,23056,38065,37362,60513,51976
33384,51933,33592,33230,30836,31380,35094,29522,35848,32744,38504,30144,22344,28672,23056,38065,37362,60513,51976
33518,52005,33607,33389,32875,31380,35094,29522,35848,32744,38504,30144,22344,28672,23056,38065,37362,60513,51976
33565,51027,33822,33553,33820,31380,35094,29522,35848,32744,38504,30144,22344,28672,23056,38065,37362,60513,51976
33797,49614,33845,33734,33335,31380,35094,29522,35848,32744,38504,30144,22344,28672,23056,38065,37362,60513,51976
34158,48199,33711,33188,34349,31380,35094,29522,35848,32744,38504,30144,22344,28672,23056,38065,37362,60513,51976
34422,46295,33703,32751,33189,31380,35094,29522,35848,32744,38504,30144,22344,28672,23056,38065,37362,60513,51976
34604,43335,33618,32333,32181,31380,35094,29522,35848,32744,38504,30144,22344,28672,23056,38065,37362,60513,51976
34933,41419,33605,31715,31782,31380,35094,29522,35848,32744,38504,30144,22344,28672,23056,38065,37362,60513,51976
35398,39738,33423,31403,30347,31380,35094,29522,35848,32744,38504,30144,22344,28672,23056,38065,37362,60513,51976
36031,38117,33221,32055,32469,31226,35309,31960,36076,31262,39194,34473,22066,22817,24269,31270,34164,60536,44052
36450,36706,33585,32219,33868,31226,35309,31960,36076,31262,39194,34473,22066,22817,24269,31270,34164,60536,44052
36794,35897,33875,32425,33481,31226,35309,31960,36076,31262,39194,34473,22066,22817,24269,31270,34164,60536,44052
36999,35470,33930,32460,33087,31226,35309,31960,36076,31262,39194,34473,22066,22817,24269,31270,34164,60536,44052
36971,35599,34006,32811,34690,31226,35309,31960,36076,31262,39194,34473,22066,22817,24269,31270,34164,60536,44052
36960,35391,33890,33027,33580,31226,35309,31960,36076,31262,39194,34473,22066,22817,24269,31270,34164,60536,44052
36892,35273,33442,32935,31830,31226,35309,31960,36076,31262,39194,34473,22066,22817,24269,31270,34164,60536,44052
36540,35037,33374,33006,31233,31226,35309,31960,36076,31262,39194,34473,22066,22817,24269,31270,34164,60536,44052
36229,35131,33470,33357,32791,31226,35309,31960,36076,31262,39194,34473,22066,22817,24269,31270,34164,60536,44052
35989,34371,33417,33270,34073,31226,35309,31960,36076,31262,39194,34473,22066,22817,24269,31270,34164,60536,44052
35543,33389,33329,33575,34323,30932,38424,32900,35848,30060,40008,37106,21758,18952,19216,16025,34236,56904,33616
34917,31854,33519,33429,33614,30932,38424,32900,35848,30060,40008,37106,21758,18952,19216,16025,34236,56904,33616
34141,30778,33287,33853,31558,30932,38424,32900,35848,30060,40008,37106,21758,18952,19216,16025,34236,56904,33616
33199,29285,32807,33818,32630,30932,38424,32900,35848,30060,40008,37106,21758,18952,19216,16025,34236,56904,33616
32687,28419,32617,33679,33227,30932,38424,32900,35848,30060,40008,37106,21758,18952,19216,16025,34236,56904,33616
32322,27921,32992,33773,33275,30932,38424,32900,35848,30060,40008,37106,21758,18952,19216,16025,34236,56904,33616
31778,27325,33151,33691,33575,30932,38424,32900,35848,30060,40008,37106,21758,18952,19216,16025,34236,56904,33616
31332,27700,32435,33648,32077,30932,38424,32900,35848,30060,40008,37106,21758,18952,19216,16025,34236,56904,33616
31076,28252,32587,33190,30533,30932,38424,32900,35848,30060,40008,37106,21758,18952,19216,16025,34236,56904,33616
31182,28953,33211,33295,31485,30932,38424,32900,35848,30060,40008,37106,21758,18952,19216,16025,34236,56904,33616
31481,29651,32914,33099,32882,31769,40264,35012,35938,29700,40932,37942,21220,17906,17064,2635,33911,52372,27636
31867,30331,32597,33371,32914,31769,40264,35012,35938,29700,40932,37942,21220,17906,17064,2635,33911,52372,27636
32064,30886,32399,33436,31495,31769,40264,35012,35938,29700,40932,37942,21220,17906,17064,2635,33911,52372,27636
32429,32176,32427,34059,31166,31769,40264,35012,35938,29700,40932,37942,21220,17906,17064,2635,33911,52372,27636
32583,32247,32483,33771,31803,31769,40264,35012,35938,29700,40932,37942,21220,17906,17064,2635,33911,52372,27636
32606,32466,32229,33959,32234,31769,40264,35012,35938,29700,40932,37942,21220,17906,17064,2635,33911,52372,27636
32760,32331,32207,34143,33523,31769,40264,35012,35938,29700,40932,37942,21220,17906,17064,2635,33911,52372,27636
32751,32083,32075,34375,33623,31769,40264,35012,35938,29700,40932,37942,21220,17906,17064,2635,33911,52372,27636
32645,32165,32102,33759,33725,31769,40264,35012,35938,29700,40932,37942,21220,17906,17064,2635,33911,52372,27636
32532,31799,32253,33855,34553,31769,40264,35012,35938,29700,40932,37942,21220,17906,17064,2635,33911,52372,27636
32370,32443,32178,33211,33710,32076,41212,36114,35790,30386,39748,38640,20686,16140,6684,100,36816,53952,21183
32168,32540,32171,33847,33325,32076,41212,36114,35790,30386,39748,38640,20686,16140,6684,100,36816,53952,21183
32049,32615,32193,33590,33279,32076,41212,36114,35790,30386,39748,38640,20686,16140,6684,100,36816,53952,21183
31840,31636,32477,33745,34371,32076,41212,36114,35790,30386,39748,38640,20686,16140,6684,100,36816,53952,21183
31634,29600,32717,34083,34731,32076,41212,36114,35790,30386,39748,38640,20686,16140,6684,100,36816,53952,21183
31412,27892,32681,33533,33454,32076,41212,36114,35790,30386,39748,38640,20686,16140,6684,100,36816,53952,21183
31134,25598,32988,33818,32850,32076,41212,36114,35790,30386,39748,38640,20686,16140,6684,100,36816,53952,21183
31024,23511,32839,33975,32608,32076,41212,36114,35790,30386,39748,38640,20686,16140,6684,100,36816,53952,21183
31013,22182,32751,32952,33936,32076,41212,36114,35790,30386,39748,38640,20686,16140,6684,100,36816,53952,21183
30949,21569,32846,32656,32831,32076,41212,36114,35790,30386,39748,38640,20686,16140,6684,100,36816,53952,21183
30956,22595,32923,32962,32799,32592,42020,36111,36016,30320,37824,38508,20086,14667,6040,3313,38773,49256,10048
31102,24076,32738,33119,31410,32592,42020,36111,36016,30320,37824,38508,20086,14667,6040,3313,38773,49256,10048
31282,25849,32567,32656,30377,32592,42020,36111,36016,30320,37824,38508,20086,14667,6040,3313,38773,49256,10048
31493,26997,32226,32959,32823,32592,42020,36111,36016,30320,37824,38508,20086,14667,6040,3313,38773,49256,10048
31759,28927,32011,32707,33570,32592,42020,36111,36016,30320,37824,38508,20086,14667,6040,3313,38773,49256,10048
32014,29047,32014,32533,33845,32592,42020,36111,36016,30320,37824,38508,20086,14667,6040,3313,38773,49256,10048
32112,29843,32015,32605,31727,32592,42020,36111,36016,30320,37824,38508,20086,14667,6040,3313,38773,49256,10048
32229,31126,32135,33349,30717,32592,42020,36111,36016,30320,37824,38508,20086,14667,6040,3313,38773,49256,10048
32480,32567,32553,33202,32219,32592,42020,36111,36016,30320,37824,38508,20086,14667,6040,3313,38773,49256,10048
32692,34269,32686,33518,32503,32592,42020,36111,36016,30320,37824,38508,20086,14667,6040,3313,38773,49256,10048
32796,37587,32460,33526,34156,33376,43192,35692,36152,29658,37520,38884,19704,13392,6602,4965,32698,33588,5530
32724,41503,32153,33366,32955,33376,43192,35692,36152,29658,37520,38884,19704,13392,6602,4965,32698,33588,5530
32632,45794,32143,32471,33146,33376,43192,35692,36152,29658,37520,38884,19704,13392,6602,4965,32698,33588,5530
32582,49035,32421,32043,32359,33376,43192,35692,36152,29658,37520,38884,19704,13392,6602,4965,32698,33588,5530
32406,50631,32775,32428,33055,33376,43192,35692,36152,29658,37520,38884,19704,13392,6602,4965,32698,33588,5530
32431,51367,32966,33338,33452,33376,43192,35692,36152,29658,37520,38884,19704,13392,6602,4965,32698,33588,5530
32313,50496,32765,32969,33262,33376,43192,35692,36152,29658,37520,38884,19704,13392,6602,4965,32698,33588,5530
32315,48046,32406,32765,32260,33376,43192,35692,36152,29658,37520,38884,19704,13392,6602,4965,32698,33588,5530
32348,44999,32051,32235,32245,33376,43192,35692,36152,29658,37520,38884,19704,13392,6602,4965,32698,33588,5530
32309,41551,31909,32181,30958,33376,43192,35692,36152,29658,37520,38884,19704,13392,6602,4965,32698,33588,5530
32389,37781,32324,32579,33371,34214,43237,35544,36130,29436,38066,39186,19072,12700,6093,8632,32324,26096,5561
32540,34134,32983,32904,35119,34214,43237,35544,36130,29436,38066,39186,19072,12700,6093,8632,32324,26096,5561
32774,32141,32916,33115,34427,34214,43237,35544,36130,29436,38066,39186,19072,12700,6093,8632,32324,26096,5561
32880,30013,32541,32933,36887,34214,43237,35544,36130,29436,38066,39186,19072,12700,6093,8632,32324,26096,5561
33042,27794,32511,33171,33907,34214,43237,35544,36130,29436,38066,39186,19072,12700,6093,8632,32324,26096,5561
33326,27536,32827,33159,34247,34214,43237,35544,36130,29436,38066,39186,19072,12700,6093,8632,32324,26096,5561
33582,27916,33303,33373,29511,34214,43237,35544,36130,29436,38066,39186,19072,12700,6093,8632,32324,26096,5561
33806,30911,33086,33263,33027,34214,43237,35544,36130,29436,38066,39186,19072,12700,6093,8632,32324,26096,5561
33747,34807,33362,32966,31502,34214,43237,35544,36130,29436,38066,39186,19072,12700,6093,8632,32324,26096,5561
33706,39694,33600,33220,29708,34214,43237,35544,36130,29436,38066,39186,19072,12700,6093,8632,32324,26096,5561
33634,44318,33405,33117,31588,34814,42744,35288,35972,31004,38313,39032,18680,13609,7264,14384,26904,26749,6027
33571,48994,33298,33200,32770,34814,42744,35288,35972,31004,38313,39032,18680,13609,7264,14384,26904,26749,6027
33362,49277,33319,32903,33415,34814,42744,35288,35972,31004,38313,39032,18680,13609,7264,14384,26904,26749,6027
33297,47249,33247,32957,34418,34814,42744,35288,35972,31004,38313,39032,18680,13609,7264,14384,26904,26749,6027
33188,45591,32724,32700,33329,34814,42744,35288,35972,31004,38313,39032,18680,13609,7264,14384,26904,26749,6027
33212,43802,32356,32688,39839,34814,42744,35288,35972,31004,38313,39032,18680,13609,7264,14384,26904,26749,6027
33126,42460,32556,32447,45670,34814,42744,35288,35972,31004,38313,39032,18680,13609,7264,14384,26904,26749,6027
33138,41325,32685,32500,36403,34814,42744,35288,35972,31004,38313,39032,18680,13609,7264,14384,26904,26749,6027
32965,39940,32455,32439,38535,34814,42744,35288,35972,31004,38313,39032,18680,13609,7264,14384,26904,26749,6027
32878,39259,32111,32156,32314,34814,42744,35288,35972,31004,38313,39032,18680,13609,7264,14384,26904,26749,6027
32914,38467,32389,32375,32156,35506,41896,35760,35817,32796,37952,37816,18280,15357,10224,17253,25511,20589,2478
32900,37725,32626,32479,32948,35506,41896,35760,35817,32796,37952,37816,18280,15357,10224,17253,25511,20589,2478
32738,36999,32834,32347,32339,35506,41896,35760,35817,32796,37952,37816,18280,15357,10224,17253,25511,20589,2478
32740,36628,32486,33067,34047,35506,41896,35760,35817,32796,37952,37816,18280,15357,10224,17253,25511,20589,2478
32587,35916,32367,32695,35566,35506,41896,35760,35817,32796,37952,37816,18280,15357,10224,17253,25511,20589,2478
32690,35718,32582,32672,34928,35506,41896,35760,35817,32796,37952,37816,18280,15357,10224,17253,25511,20589,2478
32634,35315,32487,32623,35123,35506,41896,35760,35817,32796,37952,37816,18280,15357,10224,17253,25511,20589,2478
32535,34855,32306,32961,32838,35506,41896,35760,35817,32796,37952,37816,18280,15357,10224,17253,25511,20589,2478
32496,34733,32108,32963,33397,35506,41896,35760,35817,32796,37952,37816,18280,15357,10224,17253,25511,20589,2478
32512,34557,32367,32834,33394,35506,41896,35760,35817,32796,37952,37816,18280,15357,10224,17253,25511,20589,2478
32621,34147,32771,32884,31549,36515,41554,35540,35930,33666,37138,38736,18035,15008,10205,19080,23312,8553,973
32626,34169,32738,33099,32655,36515,41554,35540,35930,33666,37138,38736,18035,15008,10205,19080,23312,8553,973
32641,33877,33199,32962,31279,36515,41554,35540,35930,33666,37138,38736,18035,15008,10205,19080,23312,8553,973
32708,33799,33648,33168,30890,36515,41554,35540,35930,33666,37138,38736,18035,15008,10205,19080,23312,8553,973
32648,33793,33059,33031,31925,36515,41554,35540,35930,33666,37138,38736,18035,15008,10205,19080,23312,8553,973
32557,33473,32854,33233,32765,36515,41554,35540,35930,33666,37138,38736,18035,15008,10205,19080,23312,8553,973
32592,33599,32469,32956,31942,36515,41554,35540,35930,33666,37138,38736,18035,15008,10205,19080,23312,8553,973
32642,33301,32935,33166,34923,36515,41554,35540,35930,33666,37138,38736,18035,15008,10205,19080,23312,8553,973
32623,33434,32807,32751,35533,36515,41554,35540,35930,33666,37138,38736,18035,15008,10205,19080,23312,8553,973
32676,33351,32285,32947,34469,36515,41554,35540,35930,33666,37138,38736,18035,15008,10205,19080,23312,8553,973
32686,33168,31971,33074,34201,37386,41752,34842,35605,33972,35984,40312,17634,14253,7318,22370,15498,3093,12456
32831,33287,32515,33117,34333,37386,41752,34842,35605,33972,35984,40312,17634,14253,7318,22370,15498,3093,12456
32741,33069,32585,33459,33031,37386,41752,34842,35605,33972,35984,40312,17634,14253,7318,22370,15498,3093,12456
32677,33101,32059,32943,31863,37386,41752,34842,35605,33972,35984,40312,17634,14253,7318,22370,15498,3093,12456
32601,33141,30901,33098,32092,37386,41752,34842,35605,33972,35984,40312,17634,14253,7318,22370,15498,3093,12456
32578,32983,30687,32721,32663,37386,41752,34842,35605,33972,35984,40312,17634,14253,7318,22370,15498,3093,12456
32576,33134,30865,32775,31516,37386,41752,34842,35605,33972,35984,40312,17634,14253,7318,22370,15498,3093,12456
32754,32887,31347,32528,31301,37386,41752,34842,35605,33972,35984,40312,17634,14253,7318,22370,15498,3093,12456
32743,33090,31591,32442,31095,37386,41752,34842,35605,33972,35984,40312,17634,14253,7318,22370,15498,3093,12456
32706,32950,31911,33086,32336,37386,41752,34842,35605,33972,35984,40312,17634,14253,7318,22370,15498,3093,12456
32636,32839,31626,32972,29919,38220,42088,34080,35576,35102,35804,40512,17344,12524,3978,24841,12324,2438,21150
32645,33066,31751,33429,32647,38220,42088,34080,35576,35102,35804,40512,17344,12524,3978,24841,12324,2438,21150
32684,32855,32611,33267,31730,38220,42088,34080,35576,35102,35804,40512,17344,12524,3978,24841,12324,2438,21150
32758,32979,33014,33428,32039,38220,42088,34080,35576,35102,35804,40512,17344,12524,3978,24841,12324,2438,21150
32671,32991,33110,33411,31494,38220,42088,34080,35576,35102,35804,40512,17344,12524,3978,24841,12324,2438,21150
32656,32807,33699,33403,32116,38220,42088,34080,35576,35102,35804,40512,17344,12524,3978,24841,12324,2438,21150
32553,33021,32996,33785,32309,38220,42088,34080,35576,35102,35804,40512,17344,12524,3978,24841,12324,2438,21150
32533,32866,32195,33391,32923,38220,42088,34080,35576,35102,35804,40512,17344,12524,3978,24841,12324,2438,21150
32494,32882,31410,33541,33190,38220,42088,34080,35576,35102,35804,40512,17344,12524,3978,24841,12324,2438,21150
32461,32967,31358,33199,34119,38220,42088,34080,35576,35102,35804,40512,17344,12524,3978,24841,12324,2438,21150
32348,32839,32559,33767,33703,39472,41768,33652,35240,36018,35344,39224,17314,11852,6247,28972,11404,107,18165
32318,32879,33565,33721,34625,39472,41768,33652,35240,36018,35344,39224,17314,11852,6247,28972,11404,107,18165
32256,32924,33404,33873,33453,39472,41768,33652,35240,36018,35344,39224,17314,11852,6247,28972,11404,107,18165
32206,32789,32895,33547,33746,39472,41768,33652,35240,36018,35344,39224,17314,11852,6247,28972,11404,107,18165
32200,31415,32740,33556,33136,39472,41768,33652,35240,36018,35344,39224,17314,11852,6247,28972,11404,107,18165
32302,25686,33510,33358,33070,39472,41768,33652,35240,36018,35344,39224,17314,11852,6247,28972,11404,107,18165
32424,23292,35017,33237,33178,39472,41768,33652,35240,36018,35344,39224,17314,11852,6247,28972,11404,107,18165
32406,21142,35847,33031,33131,39472,41768,33652,35240,36018,35344,39224,17314,11852,6247,28972,11404,107,18165
32279,19249,35034,33438,33143,39472,41768,33652,35240,36018,35344,39224,17314,11852,6247,28972,11404,107,18165
32196,17606,33730,33434,32907,39472,41768,33652,35240,36018,35344,39224,17314,11852,6247,28972,11404,107,18165
32173,16089,32754,33772,32854,40652,41008,33289,35192,35812,34596,38948,17136,11376,12668,32912,10628,61,14434
32240,15025,32358,33484,32046,40652,41008,33289,35192,35812,34596,38948,17136,11376,12668,32912,10628,61,14434
32476,14631,32803,33622,32564,40652,41008,33289,35192,35812,34596,38948,17136,11376,12668,32912,10628,61,14434
32740,14693,32576,33242,32693,40652,41008,33289,35192,35812,34596,38948,17136,11376,12668,32912,10628,61,14434
32836,15638,32867,33081,32466,40652,41008,33289,35192,35812,34596,38948,17136,11376,12668,32912,10628,61,14434
32745,16497,32806,33159,33224,40652,41008,33289,35192,35812,34596,38948,17136,11376,12668,32912,10628,61,14434
32838,16649,32884,32831,33820,40652,41008,33289,35192,35812,34596,38948,17136,11376,12668,32912,10628,61,14434
32772,18387,32340,33055,33631,40652,41008,33289,35192,35812,34596,38948,17136,11376,12668,32912,10628,61,14434
32632,20202,31591,32829,33702,40652,41008,33289,35192,35812,34596,38948,17136,11376,12668,32912,10628,61,14434
32565,22133,30706,32879,33633,40652,41008,33289,35192,35812,34596,38948,17136,11376,12668,32912,10628,61,14434
32529,23191,30313,32450,32197,40676,39560,33312,35112,35312,33728,38986,17232,12292,15944,39669,10371,60,12260
32454,23751,30021,32867,32792,40676,39560,33312,35112,35312,33728,38986,17232,12292,15944,39669,10371,60,12260
32467,24659,29358,32371,32863,40676,39560,33312,35112,35312,33728,38986,17232,12292,15944,39669,10371,60,12260
32770,25717,30922,32768,32922,40676,39560,33312,35112,35312,33728,38986,17232,12292,15944,39669,10371,60,12260
33170,26350,33069,32680,32537,40676,39560,33312,35112,35312,33728,38986,17232,12292,15944,39669,10371,60,12260
33126,26551,32645,33005,32042,40676,39560,33312,35112,35312,33728,38986,17232,12292,15944,39669,10371,60,12260
33153,26753,32046,32805,32235,40676,39560,33312,35112,35312,33728,38986,17232,12292,15944,39669,10371,60,12260
33086,27279,32807,33101,32232,40676,39560,33312,35112,35312,33728,38986,17232,12292,15944,39669,10371,60,12260
33058,27754,33143,32895,32431,40676,39560,33312,35112,35312,33728,38986,17232,12292,15944,39669,10371,60,12260
32973,27961,33510,32827,32772,40676,39560,33312,35112,35312,33728,38986,17232,12292,15944,39669,10371,60,12260
33043,28029,34079,32641,32377,40364,38628,33088,34980,36136,33552,38714,17241,13699,19108,41744,7748,61,24028
33050,27940,34608,32485,32412,40364,38628,33088,34980,36136,33552,38714,17241,13699,19108,41744,7748,61,24028
32926,27959,34647,32578,32549,40364,38628,33088,34980,36136,33552,38714,17241,13699,19108,41744,7748,61,24028
32820,27655,34583,32603,32277,40364,38628,33088,34980,36136,33552,38714,17241,13699,19108,41744,7748,61,24028
32641,27253,34374,32818,32382,40364,38628,33088,34980,36136,33552,38714,17241,13699,19108,41744,7748,61,24028
32453,27574,34733,32870,32518,40364,38628,33088,34980,36136,33552,38714,17241,13699,19108,41744,7748,61,24028
32353,27655,34977,32771,32911,40364,38628,33088,34980,36136,33552,38714,17241,13699,19108,41744,7748,61,24028
32356,27740,34791,33029,33335,40364,38628,33088,34980,36136,33552,38714,17241,13699,19108,41744,7748,61,24028
32257,28187,34854,33023,33383,40364,38628,33088,34980,36136,33552,38714,17241,13699,19108,41744,7748,61,24028
32270,28847,35063,33146,33402,40364,38628,33088,34980,36136,33552,38714,17241,13699,19108,41744,7748,61,24028
32245,29595,35333,32978,32927,40160,38040,33204,34944,36961,32872,38272,17476,15188,22544,46168,6624,59,25149
32221,30237,35071,32899,32607,40160,38040,33204,34944,36961,32872,38272,17476,15188,22544,46168,6624,59,25149
32221,31259,34735,32903,32154,40160,38040,33204,34944,36961,32872,38272,17476,15188,22544,46168,6624,59,25149
32221,31698,34311,33010,32317,40160,38040,33204,34944,36961,32872,38272,17476,15188,22544,46168,6624,59,25149
32291,32014,34191,33001,32012,40160,38040,33204,34944,36961,32872,38272,17476,15188,22544,46168,6624,59,25149
32285,32407,34345,32935,32571,40160,38040,33204,34944,36961,32872,38272,17476,15188,22544,46168,6624,59,25149
32413,32533,34522,32942,32792,40160,38040,33204,34944,36961,32872,38272,17476,15188,22544,46168,6624,59,25149
32519,32756,34383,32953,31963,40160,38040,33204,34944,36961,32872,38272,17476,15188,22544,46168,6624,59,25149
32678,32738,34419,33007,32570,40160,38040,33204,34944,36961,32872,38272,17476,15188,22544,46168,6624,59,25149
32864,32789,34503,33047,32886,40160,38040,33204,34944,36961,32872,38272,17476,15188,22544,46168,6624,59,25149
32852,32323,34528,33185,32263,39824,37388,33844,34844,37909,33090,38180,17664,16780,23175,46408,7150,60,27434
32880,32423,34647,33196,32361,39824,37388,33844,34844,37909,33090,38180,17664,16780,23175,46408,7150,60,27434
32820,31671,34639,33037,32851,39824,37388,33844,34844,37909,33090,38180,17664,16780,23175,46408,7150,60,27434
32846,31933,34639,33143,33039,39824,37388,33844,34844,37909,33090,38180,17664,16780,23175,46408,7150,60,27434
32814,31693,34477,33166,32326,39824,37388,33844,34844,37909,33090,38180,17664,16780,23175,46408,7150,60,27434
32837,31418,34339,33351,32855,39824,37388,33844,34844,37909,33090,38180,17664,16780,23175,46408,7150,60,27434
32812,31343,34067,33273,33602,39824,37388,33844,34844,37909,33090,38180,17664,16780,23175,46408,7150,60,27434
32726,31629,33723,33151,33538,39824,37388,33844,34844,37909,33090,38180,17664,16780,23175,46408,7150,60,27434
32738,31637,32895,32918,33451,39824,37388,33844,34844,37909,33090,38180,17664,16780,23175,46408,7150,60,27434
32882,32238,33533,32850,33728,39824,37388,33844,34844,37909,33090,38180,17664,16780,23175,46408,7150,60,27434
32787,32495,34685,32755,33755,39298,36580,34652,34860,37800,33160,38166,17696,16260,24350,41913,7646,60,32136
32242,33108,35179,32383,34086,39298,36580,34652,34860,37800,33160,38166,17696,16260,24350,41913,7646,60,32136
32383,33814,34514,32327,32587,39298,36580,34652,34860,37800,33160,38166,17696,16260,24350,41913,7646,60,32136
32956,33228,33287,32891,33041,39298,36580,34652,34860,37800,33160,38166,17696,16260,24350,41913,7646,60,32136
33116,34059,32715,32931,32127,39298,36580,34652,34860,37800,33160,38166,17696,16260,24350,41913,7646,60,32136
32836,35007,32495,32903,32655,39298,36580,34652,34860,37800,33160,38166,17696,16260,24350,41913,7646,60,32136
32650,36062,32443,32997,32916,39298,36580,34652,34860,37800,33160,38166,17696,16260,24350,41913,7646,60,32136
32597,37191,32356,32799,32412,39298,36580,34652,34860,37800,33160,38166,17696,16260,24350,41913,7646,60,32136
32487,38023,32235,33007,32467,39298,36580,34652,34860,37800,33160,38166,17696,16260,24350,41913,7646,60,32136
32558,37882,32154,32838,32637,39298,36580,34652,34860,37800,33160,38166,17696,16260,24350,41913,7646,60,32136
32855,38287,32502,33235,32383,38496,35913,34748,34680,37232,33208,38088,17913,19012,26112,42584,11517,61,26390
33280,38201,33103,32989,32739,38496,35913,34748,34680,37232,33208,38088,17913,19012,26112,42584,11517,61,26390
33538,38584,33575,32947,32994,38496,35913,34748,34680,37232,33208,38088,17913,19012,26112,42584,11517,61,26390
33650,38479,33287,32474,32623,38496,35913,34748,34680,37232,33208,38088,17913,19012,26112,42584,11517,61,26390
33500,39023,32562,32487,32582,38496,35913,34748,34680,37232,33208,38088,17913,19012,26112,42584,11517,61,26390
33384,39303,32131,32615,33453,38496,35913,34748,34680,37232,33208,38088,17913,19012,26112,42584,11517,61,26390
33306,39647,31717,33111,33027,38496,35913,34748,34680,37232,33208,38088,17913,19012,26112,42584,11517,61,26390
33117,40183,31561,32981,32702,38496,35913,34748,34680,37232,33208,38088,17913,19012,26112,42584,11517,61,26390
33182,40891,31415,33135,33455,38496,35913,34748,34680,37232,33208,38088,17913,19012,26112,42584,11517,61,26390
33224,41598,31731,33387,32065,38496,35913,34748,34680,37232,33208,38088,17913,19012,26112,42584,11517,61,26390
33222,42028,31954,33339,32291,37636,35984,35068,34717,36576,33384,38253,18240,20044,27923,47376,13520,59,21820
33118,42967,32332,33277,32400,37636,35984,35068,34717,36576,33384,38253,18240,20044,27923,47376,13520,59,21820
33025,43513,32446,33426,32231,37636,35984,35068,34717,36576,33384,38253,18240,20044,27923,47376,13520,59,21820
33024,44007,32330,33146,32542,37636,35984,35068,34717,36576,33384,38253,18240,20044,27923,47376,13520,59,21820
33076,44091,31862,33387,32750,37636,35984,35068,34717,36576,33384,38253,18240,20044,27923,47376,13520,59,21820
33125,43899,31643,33149,32518,37636,35984,35068,34717,36576,33384,38253,18240,20044,27923,47376,13520,59,21820
33122,43583,31688,33519,33031,37636,35984,35068,34717,36576,33384,38253,18240,20044,27923,47376,13520,59,21820
33095,43290,31840,33162,33125,37636,35984,35068,34717,36576,33384,38253,18240,20044,27923,47376,13520,59,21820
33129,42338,32065,33560,32987,37636,35984,35068,34717,36576,33384,38253,18240,20044,27923,47376,13520,59,21820
33211,41846,32456,33247,32719,37636,35984,35068,34717,36576,33384,38253,18240,20044,27923,47376,13520,59,21820
33060,40895,32925,33455,33067,37562,35528,35328,34528,35880,33756,38904,18440,17520,29475,45336,16837,60,21650
32955,39911,33019,33285,33247,37562,35528,35328,34528,35880,33756,38904,18440,17520,29475,45336,16837,60,21650
32900,37999,32861,33462,33611,37562,35528,35328,34528,35880,33756,38904,18440,17520,29475,45336,16837,60,21650
32959,36984,32517,33172,33247,37562,35528,35328,34528,35880,33756,38904,18440,17520,29475,45336,16837,60,21650
32851,35499,32473,33490,33915,37562,35528,35328,34528,35880,33756,38904,18440,17520,29475,45336,16837,60,21650
32750,34610,32590,33191,33182,37562,35528,35328,34528,35880,33756,38904,18440,17520,29475,45336,16837,60,21650
32616,33505,32667,33372,32699,37562,35528,35328,34528,35880,33756,38904,18440,17520,29475,45336,16837,60,21650
32632,32733,32715,33191,32662,37562,35528,35328,34528,35880,33756,38904,18440,17520,29475,45336,16837,60,21650
32807,32421,32929,33499,32307,37562,35528,35328,34528,35880,33756,38904,18440,17520,29475,45336,16837,60,21650
32774,32611,32935,33185,32323,37562,35528,35328,34528,35880,33756,38904,18440,17520,29475,45336,16837,60,21650
32792,32317,32967,33298,31970,36605,35500,35784,34530,36160,33612,39312,18871,20336,23958,39936,19373,60,26334
32905,32243,32535,32990,32119,36605,35500,35784,34530,36160,33612,39312,18871,20336,23958,39936,19373,60,26334
32962,31927,32333,33330,32474,36605,35500,35784,34530,36160,33612,39312,18871,20336,23958,39936,19373,60,26334
33146,31365,32338,33231,32127,36605,35500,35784,34530,36160,33612,39312,18871,20336,23958,39936,19373,60,26334
33140,31583,32261,33601,32175,36605,35500,35784,34530,36160,33612,39312,18871,20336,23958,39936,19373,60,26334
33219,31679,32482,33431,32299,36605,35500,35784,34530,36160,33612,39312,18871,20336,23958,39936,19373,60,26334
33191,31570,32540,33583,32219,36605,35500,35784,34530,36160,33612,39312,18871,20336,23958,39936,19373,60,26334
33058,31451,32429,33081,32327,36605,35500,35784,34530,36160,33612,39312,18871,20336,23958,39936,19373,60,26334
33137,31653,32436,33101,32166,36605,35500,35784,34530,36160,33612,39312,18871,20336,23958,39936,19373,60,26334
33004,31627,32557,32839,32375,36605,35500,35784,34530,36160,33612,39312,18871,20336,23958,39936,19373,60,26334
32611,31451,32798,33126,32618,35632,36232,35592,34560,36440,33588,39344,19124,22850,28792,32488,25953,61,30512
32262,29878,32402,33098,32786,35632,36232,35592,34560,36440,33588,39344,19124,22850,28792,32488,25953,61,30512
32162,29469,32239,33285,32981,35632,36232,35592,34560,36440,33588,39344,19124,22850,28792,32488,25953,61,30512
32118,29135,32057,32903,34075,35632,36232,35592,34560,36440,33588,39344,19124,22850,28792,32488,25953,61,30512
32068,28524,32047,33130,33885,35632,36232,35592,34560,36440,33588,39344,19124,22850,28792,32488,25953,61,30512
32034,27427,31824,32885,34223,35632,36232,35592,34560,36440,33588,39344,19124,22850,28792,32488,25953,61,30512
31931,26605,31781,33190,33682,35632,36232,35592,34560,36440,33588,39344,19124,22850,28792,32488,25953,61,30512
32059,26379,32095,32935,31561,35632,36232,35592,34560,36440,33588,39344,19124,22850,28792,32488,25953,61,30512
32158,26169,32681,33335,34593,35632,36232,35592,34560,36440,33588,39344,19124,22850,28792,32488,25953,61,30512
32061,25716,32549,33087,34311,35632,36232,35592,34560,36440,33588,39344,19124,22850,28792,32488,25953,61,30512
32043,25645,32198,32979,34110,34948,34736,36308,34720,36093,33426,39644,19756,24384,29808,24780,30312,61,32712
32160,25511,31991,32845,31847,34948,34736,36308,34720,36093,33426,39644,19756,24384,29808,24780,30312,61,32712
32073,26175,32431,33049,31677,34948,34736,36308,34720,36093,33426,39644,19756,24384,29808,24780,30312,61,32712
32238,27245,33559,32760,31253,34948,34736,36308,34720,36093,33426,39644,19756,24384,29808,24780,30312,61,32712
32582,28055,34319,33139,31086,34948,34736,36308,34720,36093,33426,39644,19756,24384,29808,24780,30312,61,32712
32641,28637,34253,33305,31813,34948,34736,36308,34720,36093,33426,39644,19756,24384,29808,24780,30312,61,32712
32574,28614,34519,33090,31557,34948,34736,36308,34720,36093,33426,39644,19756,24384,29808,24780,30312,61,32712
32510,28231,33910,32642,31485,34948,34736,36308,34720,36093,33426,39644,19756,24384,29808,24780,30312,61,32712
32652,28673,33331,32770,32437,34948,34736,36308,34720,36093,33426,39644,19756,24384,29808,24780,30312,61,32712
32603,29259,33038,33403,33186,34948,34736,36308,34720,36093,33426,39644,19756,24384,29808,24780,30312,61,32712
32382,30284,32647,33271,31975,34224,34444,36952,34720,35704,33260,39472,20096,25941,30098,18919,31042,60,36440
32221,31161,32896,33437,32438,34224,34444,36952,34720,35704,33260,39472,20096,25941,30098,18919,31042,60,36440
32345,31939,33483,33269,33826,34224,34444,36952,34720,35704,33260,39472,20096,25941,30098,18919,31042,60,36440
32390,33067,33703,33930,33695,34224,34444,36952,34720,35704,33260,39472,20096,25941,30098,18919,31042,60,36440
32322,34806,33578,33627,34541,34224,34444,36952,34720,35704,33260,39472,20096,25941,30098,18919,31042,60,36440
32220,36275,33831,33895,35798,34224,34444,36952,34720,35704,33260,39472,20096,25941,30098,18919,31042,60,36440
32252,38343,33845,33466,35059,34224,34444,36952,34720,35704,33260,39472,20096,25941,30098,18919,31042,60,36440
32125,39725,33494,32975,33323,34224,34444,36952,34720,35704,33260,39472,20096,25941,30098,18919,31042,60,36440
31773,40248,33036,32406,32961,34224,34444,36952,34720,35704,33260,39472,20096,25941,30098,18919,31042,60,36440
31724,39685,32824,31493,32721,34224,34444,36952,34720,35704,33260,39472,20096,25941,30098,18919,31042,60,36440
31708,39135,33051,32831,31985,33880,34088,37044,34680,35484,33060,39664,20528,27060,32253,12082,35643,62,37932
31835,38834,33143,33436,31645,33880,34088,37044,34680,35484,33060,39664,20528,27060,32253,12082,35643,62,37932
32279,39189,33179,32967,32675,33880,34088,37044,34680,35484,33060,39664,20528,27060,32253,12082,35643,62,37932
32540,39383,32932,33671,33475,33880,34088,37044,34680,35484,33060,39664,20528,27060,32253,12082,35643,62,37932
32672,38983,32889,33877,33374,33880,34088,37044,34680,35484,33060,39664,20528,27060,32253,12082,35643,62,37932
32694,38323,33008,34311,32425,33880,34088,37044,34680,35484,33060,39664,20528,27060,32253,12082,35643,62,37932
32977,38197,32815,33894,31898,33880,34088,37044,34680,35484,33060,39664,20528,27060,32253,12082,35643,62,37932
33187,38526,32479,34295,31795,33880,34088,37044,34680,35484,33060,39664,20528,27060,32253,12082,35643,62,37932
33292,38167,32486,33444,32167,33880,34088,37044,34680,35484,33060,39664,20528,27060,32253,12082,35643,62,37932
33046,37750,32615,33055,33507,33880,34088,37044,34680,35484,33060,39664,20528,27060,32253,12082,35643,62,37932
32966,36922,32557,33547,33759,33560,34125,37052,34644,35128,33078,39800,21016,28968,32876,11099,36629,61,35316
33351,36434,32347,34284,33106,33560,34125,37052,34644,35128,33078,39800,21016,28968,32876,11099,36629,61,35316
33331,35914,32114,33199,32903,33560,34125,37052,34644,35128,33078,39800,21016,28968,32876,11099,36629,61,35316
33019,36349,31967,32938,33146,33560,34125,37052,34644,35128,33078,39800,21016,28968,32876,11099,36629,61,35316
32742,36799,31977,32694,32039,33560,34125,37052,34644,35128,33078,39800,21016,28968,32876,11099,36629,61,35316
32592,38047,32035,32327,31842,33560,34125,37052,34644,35128,33078,39800,21016,28968,32876,11099,36629,61,35316
32861,38608,31965,32530,32375,33560,34125,37052,34644,35128,33078,39800,21016,28968,32876,11099,36629,61,35316
33561,38847,31903,32567,32176,33560,34125,37052,34644,35128,33078,39800,21016,28968,32876,11099,36629,61,35316
34167,38482,31719,33055,33132,33560,34125,37052,34644,35128,33078,39800,21016,28968,32876,11099,36629,61,35316
34726,37367,31666,32360,33520,33560,34125,37052,34644,35128,33078,39800,21016,28968,32876,11099,36629,61,35316
35109,36999,31668,32137,33119,33336,33793,37369,34760,34496,33322,39384,21434,34196,35964,5748,38532,63,29560
35135,36583,31575,32187,32821,33336,33793,37369,34760,34496,33322,39384,21434,34196,35964,5748,38532,63,29560
35193,35661,31876,32855,33549,33336,33793,37369,34760,34496,33322,39384,21434,34196,35964,5748,38532,63,29560
35012,35007,32263,33365,32797,33336,33793,37369,34760,34496,33322,39384,21434,34196,35964,5748,38532,63,29560
35165,35377,32567,33058,31540,33336,33793,37369,34760,34496,33322,39384,21434,34196,35964,5748,38532,63,29560
35237,35905,32705,33503,32366,33336,33793,37369,34760,34496,33322,39384,21434,34196,35964,5748,38532,63,29560
34938,35279,32864,32706,33435,33336,33793,37369,34760,34496,33322,39384,21434,34196,35964,5748,38532,63,29560
34623,35663,33012,32391,33287,33336,33793,37369,34760,34496,33322,39384,21434,34196,35964,5748,38532,63,29560
34387,35149,33265,32534,33087,33336,33793,37369,34760,34496,33322,39384,21434,34196,35964,5748,38532,63,29560
34511,35131,33427,32959,32855,33336,33793,37369,34760,34496,33322,39384,21434,34196,35964,5748,38532,63,29560
34790,34262,33313,32239,31739,33320,33340,37152,34868,33732,33928,37984,21928,36492,29412,8549,42152,63,18584
34920,34258,33072,31784,31705,33320,33340,37152,34868,33732,33928,37984,21928,36492,29412,8549,42152,63,18584
35261,34139,32839,33199,26044,33320,33340,37152,34868,33732,33928,37984,21928,36492,29412,8549,42152,63,18584
35309,33885,32684,34711,37159,33320,33340,37152,34868,33732,33928,37984,21928,36492,29412,8549,42152,63,18584
35253,33123,32763,34203,29588,33320,33340,37152,34868,33732,33928,37984,21928,36492,29412,8549,42152,63,18584
35146,33253,32878,33687,30185,33320,33340,37152,34868,33732,33928,37984,21928,36492,29412,8549,42152,63,18584
35016,32262,33046,33131,33909,33320,33340,37152,34868,33732,33928,37984,21928,36492,29412,8549,42152,63,18584
34658,30722,33163,32551,33885,33320,33340,37152,34868,33732,33928,37984,21928,36492,29412,8549,42152,63,18584
34214,29318,33119,31631,33767,33320,33340,37152,34868,33732,33928,37984,21928,36492,29412,8549,42152,63,18584
34085,27991,33091,32031,33979,33320,33340,37152,34868,33732,33928,37984,21928,36492,29412,8549,42152,63,18584
34154,27302,33025,32735,34845,32917,33034,36553,35037,32562,34601,37664,22352,40828,30200,5544,47332,63,6799
34118,26907,32842,32951,33811,32917,33034,36553,35037,32562,34601,37664,22352,40828,30200,5544,47332,63,6799
33789,26171,32773,33337,34637,32917,33034,36553,35037,32562,34601,37664,22352,40828,30200,5544,47332,63,6799
33266,25008,32830,32977,34351,32917,33034,36553,35037,32562,34601,37664,22352,40828,30200,5544,47332,63,6799
32908,23991,32733,32538,32007,32917,33034,36553,35037,32562,34601,37664,22352,40828,30200,5544,47332,63,6799
33162,22935,32853,32532,33830,32917,33034,36553,35037,32562,34601,37664,22352,40828,30200,5544,47332,63,6799
33532,21445,32643,33107,33587,32917,33034,36553,35037,32562,34601,37664,22352,40828,30200,5544,47332,63,6799
33995,20511,32817,32907,32639,32917,33034,36553,35037,32562,34601,37664,22352,40828,30200,5544,47332,63,6799
33967,20202,32967,33060,32939,32917,33034,36553,35037,32562,34601,37664,22352,40828,30200,5544,47332,63,6799
33451,19740,32974,32991,33452,32917,33034,36553,35037,32562,34601,37664,22352,40828,30200,5544,47332,63,6799
33047,19630,33181,34097,31709,32932,33576,34884,35322,31580,34786,37536,22648,42702,31080,115,50076,1748,63
32806,19472,33282,34297,32927,32932,33576,34884,35322,31580,34786,37536,22648,42702,31080,115,50076,1748,63
32809,19815,33530,33127,33534,32932,33576,34884,35322,31580,34786,37536,22648,42702,31080,115,50076,1748,63
33101,20461,33714,32203,31239,32932,33576,34884,35322,31580,34786,37536,22648,42702,31080,115,50076,1748,63
32860,20255,33907,32252,31239,32932,33576,34884,35322,31580,34786,37536,22648,42702,31080,115,50076,1748,63
32161,19910,33923,32938,31513,32932,33576,34884,35322,31580,34786,37536,22648,42702,31080,115,50076,1748,63
32008,20583,34002,34639,31115,32932,33576,34884,35322,31580,34786,37536,22648,42702,31080,115,50076,1748,63
31561,21748,34188,34701,32629,32932,33576,34884,35322,31580,34786,37536,22648,42702,31080,115,50076,1748,63
31252,24039,34277,33430,32076,32932,33576,34884,35322,31580,34786,37536,22648,42702,31080,115,50076,1748,63
30954,26567,34231,31963,33267,32932,33576,34884,35322,31580,34786,37536,22648,42702,31080,115,50076,1748,63
30890,28679,34260,31150,32635,32992,33906,34300,35394,31116,35410,37010,23032,45936,31772,103,54383,7021,62
31099,29807,34469,31807,33190,32992,33906,34300,35394,31116,35410,37010,23032,45936,31772,103,54383,7021,62
31539,30957,34585,32610,32752,32992,33906,34300,35394,31116,35410,37010,23032,45936,31772,103,54383,7021,62
31765,31612,34542,32959,32983,32992,33906,34300,35394,31116,35410,37010,23032,45936,31772,103,54383,7021,62
32212,32896,34572,33103,32518,32992,33906,34300,35394,31116,35410,37010,23032,45936,31772,103,54383,7021,62
32401,33343,34615,33253,33298,32992,33906,34300,35394,31116,35410,37010,23032,45936,31772,103,54383,7021,62
32192,34191,34439,33373,33424,32992,33906,34300,35394,31116,35410,37010,23032,45936,31772,103,54383,7021,62
31989,34859,34374,33698,32725,32992,33906,34300,35394,31116,35410,37010,23032,45936,31772,103,54383,7021,62
32020,35838,34269,33595,32423,32992,33906,34300,35394,31116,35410,37010,23032,45936,31772,103,54383,7021,62
32263,35247,34163,33628,31853,32992,33906,34300,35394,31116,35410,37010,23032,45936,31772,103,54383,7021,62
32566,35571,33981,33859,32720,32496,34112,33940,35753,31978,34930,37184,23350,49634,33356,100,53525,12609,63
33062,35666,33839,33593,31298,32496,34112,33940,35753,31978,34930,37184,23350,49634,33356,100,53525,12609,63
33439,35595,33781,33615,32398,32496,34112,33940,35753,31978,34930,37184,23350,49634,33356,100,53525,12609,63
33229,34487,33660,33774,32325,32496,34112,33940,35753,31978,34930,37184,23350,49634,33356,100,53525,12609,63
33176,33817,33654,33645,33111,32496,34112,33940,35753,31978,34930,37184,23350,49634,33356,100,53525,12609,63
32994,32651,33555,33634,32421,32496,34112,33940,35753,31978,34930,37184,23350,49634,33356,100,53525,12609,63
32937,31263,33269,32894,33118,32496,34112,33940,35753,31978,34930,37184,23350,49634,33356,100,53525,12609,63
32866,29943,32969,33055,32604,32496,34112,33940,35753,31978,34930,37184,23350,49634,33356,100,53525,12609,63
32800,28607,32819,33089,32340,32496,34112,33940,35753,31978,34930,37184,23350,49634,33356,100,53525,12609,63
32618,26992,32927,33233,32466,32496,34112,33940,35753,31978,34930,37184,23350,49634,33356,100,53525,12609,63
32380,25765,32549,33066,34943,32922,34898,33592,35736,33480,35100,37626,23514,48016,32560,99,40869,17020,23176
32114,26215,31866,33437,29191,32922,34898,33592,35736,33480,35100,37626,23514,48016,32560,99,40869,17020,23176
32258,26755,31622,32783,34198,32922,34898,33592,35736,33480,35100,37626,23514,48016,32560,99,40869,17020,23176
32528,27869,31638,32666,34779,32922,34898,33592,35736,33480,35100,37626,23514,48016,32560,99,40869,17020,23176
32633,28550,31707,33098,35665,32922,34898,33592,35736,33480,35100,37626,23514,48016,32560,99,40869,17020,23176
32605,29569,31645,32935,32461,32922,34898,33592,35736,33480,35100,37626,23514,48016,32560,99,40869,17020,23176
32138,32045,31778,33671,33799,32922,34898,33592,35736,33480,35100,37626,23514,48016,32560,99,40869,17020,23176
31770,35802,32095,33215,33847,32922,34898,33592,35736,33480,35100,37626,23514,48016,32560,99,40869,17020,23176
31566,40576,32455,33858,33865,32922,34898,33592,35736,33480,35100,37626,23514,48016,32560,99,40869,17020,23176
31829,45431,32810,34074,32571,32922,34898,33592,35736,33480,35100,37626,23514,48016,32560,99,40869,17020,23176
32206,50105,33126,33478,32804,33032,35424,32626,36000,33544,34610,38244,23592,46771,29720,97,52303,26066,366
32186,55533,33252,32504,32999,33032,35424,32626,36000,33544,34610,38244,23592,46771,29720,97,52303,26066,366
31998,59695,33485,32886,33314,33032,35424,32626,36000,33544,34610,38244,23592,46771,29720,97,52303,26066,366
31376,61791,33429,32716,32576,33032,35424,32626,36000,33544,34610,38244,23592,46771,29720,97,52303,26066,366
30746,61197,33390,32785,32736,33032,35424,32626,36000,33544,34610,38244,23592,46771,29720,97,52303,26066,366
30228,57795,33599,32581,32675,33032,35424,32626,36000,33544,34610,38244,23592,46771,29720,97,52303,26066,366
29916,54431,33321,32543,33356,33032,35424,32626,36000,33544,34610,38244,23592,46771,29720,97,52303,26066,366
29911,51634,32807,32319,33670,33032,35424,32626,36000,33544,34610,38244,23592,46771,29720,97,52303,26066,366
30270,48921,32461,32423,33597,33032,35424,32626,36000,33544,34610,38244,23592,46771,29720,97,52303,26066,366
30041,47066,32274,32487,33082,33032,35424,32626,36000,33544,34610,38244,23592,46771,29720,97,52303,26066,366
29446,45166,31945,32726,32052,33417,36034,31333,35964,35600,34557,37584,23736,42525,26773,97,48084,32999,6935
28678,43602,31553,32519,31727,33417,36034,31333,35964,35600,34557,37584,23736,42525,26773,97,48084,32999,6935
28357,42307,31419,32301,31700,33417,36034,31333,35964,35600,34557,37584,23736,42525,26773,97,48084,32999,6935
28610,40743,31519,32549,31367,33417,36034,31333,35964,35600,34557,37584,23736,42525,26773,97,48084,32999,6935
29084,39999,31636,32693,30420,33417,36034,31333,35964,35600,34557,37584,23736,42525,26773,97,48084,32999,6935
29488,38984,31525,33573,31867,33417,36034,31333,35964,35600,34557,37584,23736,42525,26773,97,48084,32999,6935
29733,38360,31170,34110,31785,33417,36034,31333,35964,35600,34557,37584,23736,42525,26773,97,48084,32999,6935
30335,37378,31181,33566,32985,33417,36034,31333,35964,35600,34557,37584,23736,42525,26773,97,48084,32999,6935
31028,37091,30985,33435,32495,33417,36034,31333,35964,35600,34557,37584,23736,42525,26773,97,48084,32999,6935
31332,36435,30931,33475,33593,33417,36034,31333,35964,35600,34557,37584,23736,42525,26773,97,48084,32999,6935
31111,36053,31079,32758,32523,33556,36088,30580,36145,32736,34476,36864,23864,38992,28636,96,45349,36906,8923
30238,35675,31013,32871,33761,33556,36088,30580,36145,32736,34476,36864,23864,38992,28636,96,45349,36906,8923
28873,35109,31260,31807,33004,33556,36088,30580,36145,32736,34476,36864,23864,38992,28636,96,45349,36906,8923
27321,35024,31337,31637,32687,33556,36088,30580,36145,32736,34476,36864,23864,38992,28636,96,45349,36906,8923
26246,34791,31207,32263,31965,33556,36088,30580,36145,32736,34476,36864,23864,38992,28636,96,45349,36906,8923
25722,34269,30859,32959,32330,33556,36088,30580,36145,32736,34476,36864,23864,38992,28636,96,45349,36906,8923
26308,34327,30517,33759,32415,33556,36088,30580,36145,32736,34476,36864,23864,38992,28636,96,45349,36906,8923
27280,33975,30175,32743,31991,33556,36088,30580,36145,32736,34476,36864,23864,38992,28636,96,45349,36906,8923
28114,33951,29888,32653,31810,33556,36088,30580,36145,32736,34476,36864,23864,38992,28636,96,45349,36906,8923
28711,33874,29683,32053,32154,33556,36088,30580,36145,32736,34476,36864,23864,38992,28636,96,45349,36906,8923
29736,33627,29439,32597,31890,33448,36552,29957,36129,32476,33840,36264,23956,35634,32312,101,48217,37096,2918
30074,33684,29313,32469,32315,33448,36552,29957,36129,32476,33840,36264,23956,35634,32312,101,48217,37096,2918
30085,33467,29191,32555,32791,33448,36552,29957,36129,32476,33840,36264,23956,35634,32312,101,48217,37096,2918
30056,33561,29227,32659,32969,33448,36552,29957,36129,32476,33840,36264,23956,35634,32312,101,48217,37096,2918
29602,33271,29245,33252,33815,33448,36552,29957,36129,32476,33840,36264,23956,35634,32312,101,48217,37096,2918
30426,33393,29293,33492,33815,33448,36552,29957,36129,32476,33840,36264,23956,35634,32312,101,48217,37096,2918
31445,33339,29387,33324,33827,33448,36552,29957,36129,32476,33840,36264,23956,35634,32312,101,48217,37096,2918
32052,33097,29521,33126,33819,33448,36552,29957,36129,32476,33840,36264,23956,35634,32312,101,48217,37096,2918
32437,33281,29557,33100,33631,33448,36552,29957,36129,32476,33840,36264,23956,35634,32312,101,48217,37096,2918
32788,33021,29663,33581,33339,33448,36552,29957,36129,32476,33840,36264,23956,35634,32312,101,48217,37096,2918
33217,33157,30029,34010,33799,33940,36480,29554,36008,31936,34052,36184,24214,34628,36223,8690,41652,38290,2692
34216,33103,30302,33183,32402,33940,36480,29554,36008,31936,34052,36184,24214,34628,36223,8690,41652,38290,2692
36742,33074,30550,32929,32823,33940,36480,29554,36008,31936,34052,36184,24214,34628,36223,8690,41652,38290,2692
39749,33013,30929,32944,32480,33940,36480,29554,36008,31936,34052,36184,24214,34628,36223,8690,41652,38290,2692
43590,25820,31432,33990,31385,33940,36480,29554,36008,31936,34052,36184,24214,34628,36223,8690,41652,38290,2692
46864,24287,31831,34099,31272,33940,36480,29554,36008,31936,34052,36184,24214,34628,36223,8690,41652,38290,2692
48438,25056,32429,34689,31364,33940,36480,29554,36008,31936,34052,36184,24214,34628,36223,8690,41652,38290,2692
48301,28083,32909,33727,32213,33940,36480,29554,36008,31936,34052,36184,24214,34628,36223,8690,41652,38290,2692
46190,25411,33385,33323,31538,33940,36480,29554,36008,31936,34052,36184,24214,34628,36223,8690,41652,38290,2692
43620,10750,33847,33624,31724,33940,36480,29554,36008,31936,34052,36184,24214,34628,36223,8690,41652,38290,2692
40548,24,34082,33925,31384,34744,35596,29776,35914,32192,33914,36042,24316,34924,39776,10379,42976,53568,62
37153,10,34448,34447,31862,34744,35596,29776,35914,32192,33914,36042,24316,34924,39776,10379,42976,53568,62
34575,10,34823,33287,32928,34744,35596,29776,35914,32192,33914,36042,24316,34924,39776,10379,42976,53568,62
32548,9,35135,31861,33414,34744,35596,29776,35914,32192,33914,36042,24316,34924,39776,10379,42976,53568,62
31084,4155,35421,31817,33399,34744,35596,29776,35914,32192,33914,36042,24316,34924,39776,10379,42976,53568,62
29680,8231,35719,31963,33406,34744,35596,29776,35914,32192,33914,36042,24316,34924,39776,10379,42976,53568,62
30094,11527,35984,32102,34804,34744,35596,29776,35914,32192,33914,36042,24316,34924,39776,10379,42976,53568,62
31875,14484,36023,32477,33851,34744,35596,29776,35914,32192,33914,36042,24316,34924,39776,10379,42976,53568,62
33477,17012,36142,32363,34089,34744,35596,29776,35914,32192,33914,36042,24316,34924,39776,10379,42976,53568,62
33866,19115,36245,32164,33307,34744,35596,29776,35914,32192,33914,36042,24316,34924,39776,10379,42976,53568,62
34676,20895,36237,32447,33016,35708,34914,31270,35613,33144,33660,35008,24444,35235,36508,13055,37756,53120,66
35490,22415,36303,32691,33316,35708,34914,31270,35613,33144,33660,35008,24444,35235,36508,13055,37756,53120,66
36109,23700,36406,33066,32841,35708,34914,31270,35613,33144,33660,35008,24444,35235,36508,13055,37756,53120,66
36943,24945,36460,32783,33083,35708,34914,31270,35613,33144,33660,35008,24444,35235,36508,13055,37756,53120,66
38204,25927,36623,32268,32230,35708,34914,31270,35613,33144,33660,35008,24444,35235,36508,13055,37756,53120,66
38759,26695,36495,31982,33695,35708,34914,31270,35613,33144,33660,35008,24444,35235,36508,13055,37756,53120,66
38383,27539,36211,32097,32422,35708,34914,31270,35613,33144,33660,35008,24444,35235,36508,13055,37756,53120,66
38320,28295,36057,31967,32859,35708,34914,31270,35613,33144,33660,35008,24444,35235,36508,13055,37756,53120,66
38164,28745,36125,31329,33357,35708,34914,31270,35613,33144,33660,35008,24444,35235,36508,13055,37756,53120,66
38361,29335,35894,31141,33333,35708,34914,31270,35613,33144,33660,35008,24444,35235,36508,13055,37756,53120,66
38216,29775,35668,30785,32541,36280,34344,31634,35584,34194,33252,36760,24540,33652,37596,16488,28848,52144,31162
37776,30139,35487,30887,32719,36280,34344,31634,35584,34194,33252,36760,24540,33652,37596,16488,28848,52144,31162
36800,30480,35211,30818,32514,36280,34344,31634,35584,34194,33252,36760,24540,33652,37596,16488,28848,52144,31162
35535,30819,35054,31046,32727,36280,34344,31634,35584,34194,33252,36760,24540,33652,37596,16488,28848,52144,31162
34614,31093,34759,30377,32511,36280,34344,31634,35584,34194,33252,36760,24540,33652,37596,16488,28848,52144,31162
34156,31239,34495,29645,32753,36280,34344,31634,35584,34194,33252,36760,24540,33652,37596,16488,28848,52144,31162
33573,31525,34050,28674,32466,36280,34344,31634,35584,34194,33252,36760,24540,33652,37596,16488,28848,52144,31162
32970,31559,33526,27832,32495,36280,34344,31634,35584,34194,33252,36760,24540,33652,37596,16488,28848,52144,31162
32359,45023,33182,27423,33042,36280,34344,31634,35584,34194,33252,36760,24540,33652,37596,16488,28848,52144,31162
31952,51726,33003,27243,32711,36280,34344,31634,35584,34194,33252,36760,24540,33652,37596,16488,28848,52144,31162
31525,58277,32740,26769,32757,36706,34292,31672,35544,33640,32729,39264,24599,35324,41688,22717,24636,54337,30436
30836,63844,32580,25297,32996,36706,34292,31672,35544,33640,32729,39264,24599,35324,41688,22717,24636,54337,30436
30209,65520,32717,23899,32946,36706,34292,31672,35544,33640,32729,39264,24599,35324,41688,22717,24636,54337,30436
29917,65526,32925,22759,32740,36706,34292,31672,35544,33640,32729,39264,24599,35324,41688,22717,24636,54337,30436
29783,65532,33046,22109,32903,36706,34292,31672,35544,33640,32729,39264,24599,35324,41688,22717,24636,54337,30436
29412,61348,33268,21685,32972,36706,34292,31672,35544,33640,32729,39264,24599,35324,41688,22717,24636,54337,30436
29201,57307,33206,22177,31953,36706,34292,31672,35544,33640,32729,39264,24599,35324,41688,22717,24636,54337,30436
29353,54229,32914,23457,32257,36706,34292,31672,35544,33640,32729,39264,24599,35324,41688,22717,24636,54337,30436
29298,51373,32501,24738,32771,36706,34292,31672,35544,33640,32729,39264,24599,35324,41688,22717,24636,54337,30436
29195,48774,32210,26564,32945,36706,34292,31672,35544,33640,32729,39264,24599,35324,41688,22717,24636,54337,30436
29391,46913,32098,30015,32296,37276,34184,32856,35290,34522,35697,36090,24637,36368,33321,30628,16688,59520,45504
29740,45079,32452,35244,32470,37276,34184,32856,35290,34522,35697,36090,24637,36368,33321,30628,16688,59520,45504
30212,43361,32628,41637,32678,37276,34184,32856,35290,34522,35697,36090,24637,36368,33321,30628,16688,59520,45504
30644,42238,31764,52453,32540,37276,34184,32856,35290,34522,35697,36090,24637,36368,33321,30628,16688,59520,45504
31084,40904,31053,65508,38947,37276,34184,32856,35290,34522,35697,36090,24637,36368,33321,30628,16688,59520,45504
31734,39852,30720,65522,27069,37276,34184,32856,35290,34522,35697,36090,24637,36368,33321,30628,16688,59520,45504
32253,39069,30483,64124,25431,37276,34184,32856,35290,34522,35697,36090,24637,36368,33321,30628,16688,59520,45504
32459,38004,30574,59621,40965,37276,34184,32856,35290,34522,35697,36090,24637,36368,33321,30628,16688,59520,45504
32380,37613,31273,56145,2630,37276,34184,32856,35290,34522,35697,36090,24637,36368,33321,30628,16688,59520,45504
32122,36793,31392,52787,62268,37276,34184,32856,35290,34522,35697,36090,24637,36368,33321,30628,16688,59520,45504
31705,36426,30716,50436,12218,37516,35041,33880,35275,32834,37512,38072,24632,35373,35944,37624,9432,54448,58148
31352,35959,30512,36204,59399,37516,35041,33880,35275,32834,37512,38072,24632,35373,35944,37624,9432,54448,58148
31138,35511,30719,31748,13,37516,35041,33880,35275,32834,37512,38072,24632,35373,35944,37624,9432,54448,58148
30788,31892,30868,27770,4586,37516,35041,33880,35275,32834,37512,38072,24632,35373,35944,37624,9432,54448,58148
30352,14721,30866,25367,39980,37516,35041,33880,35275,32834,37512,38072,24632,35373,35944,37624,9432,54448,58148
29920,9798,31162,24145,53626,37516,35041,33880,35275,32834,37512,38072,24632,35373,35944,37624,9432,54448,58148
29712,9135,31373,23206,38876,37516,35041,33880,35275,32834,37512,38072,24632,35373,35944,37624,9432,54448,58148
29780,9656,31634,23202,23884,37516,35041,33880,35275,32834,37512,38072,24632,35373,35944,37624,9432,54448,58148
29654,10370,31932,23744,25008,37516,35041,33880,35275,32834,37512,38072,24632,35373,35944,37624,9432,54448,58148
29385,13150,32366,23384,33238,37516,35041,33880,35275,32834,37512,38072,24632,35373,35944,37624,9432,54448,58148
29195,16957,32655,23903,37631,37370,37178,32164,35500,31636,41592,34097,24644,27298,44040,52428,16582,41908,42657
29267,21205,32639,24120,34627,37370,37178,32164,35500,31636,41592,34097,24644,27298,44040,52428,16582,41908,42657
29312,25569,32322,25449,30234,37370,37178,32164,35500,31636,41592,34097,24644,27298,44040,52428,16582,41908,42657
29319,27272,32024,26489,34461,37370,37178,32164,35500,31636,41592,34097,24644,27298,44040,52428,16582,41908,42657
29689,28507,31748,27226,34997,37370,37178,32164,35500,31636,41592,34097,24644,27298,44040,52428,16582,41908,42657
30296,33505,31707,27759,36828,37370,37178,32164,35500,31636,41592,34097,24644,27298,44040,52428,16582,41908,42657
31017,39919,32044,28483,34336,37370,37178,32164,35500,31636,41592,34097,24644,27298,44040,52428,16582,41908,42657
31668,44745,33007,28961,34670,37370,37178,32164,35500,31636,41592,34097,24644,27298,44040,52428,16582,41908,42657
31973,46759,33035,29691,33823,37370,37178,32164,35500,31636,41592,34097,24644,27298,44040,52428,16582,41908,42657
32147,46703,32759,30919,33323,37370,37178,32164,35500,31636,41592,34097,24644,27298,44040,52428,16582,41908,42657
32310,46035,32471,31583,32763,37536,41200,31238,35202,28830,45436,32264,24672,14202,35393,65480,17476,50656,54729
32417,45193,32303,33297,32815,37536,41200,31238,35202,28830,45436,32264,24672,14202,35393,65480,17476,50656,54729
32428,42863,32191,34291,32482,37536,41200,31238,35202,28830,45436,32264,24672,14202,35393,65480,17476,50656,54729
32334,41929,32314,34627,33811,37536,41200,31238,35202,28830,45436,32264,24672,14202,35393,65480,17476,50656,54729
32208,41063,32359,34941,33203,37536,41200,31238,35202,28830,45436,32264,24672,14202,35393,65480,17476,50656,54729
32082,39524,32263,35309,31096,37536,41200,31238,35202,28830,45436,32264,24672,14202,35393,65480,17476,50656,54729
32086,37475,32433,35503,31207,37536,41200,31238,35202,28830,45436,32264,24672,14202,35393,65480,17476,50656,54729
31976,34755,32726,35158,31255,37536,41200,31238,35202,28830,45436,32264,24672,14202,35393,65480,17476,50656,54729
31969,33069,32775,35255,29903,37536,41200,31238,35202,28830,45436,32264,24672,14202,35393,65480,17476,50656,54729
31942,30439,33104,36274,31781,37536,41200,31238,35202,28830,45436,32264,24672,14202,35393,65480,17476,50656,54729
31830,27922,32919,36027,31390,36880,44844,31140,35344,30649,44000,30297,24568,16704,30788,65485,18970,49433,59968
31730,27655,33055,36847,32391,36880,44844,31140,35344,30649,44000,30297,24568,16704,30788,65485,18970,49433,59968
31611,27541,32806,36016,32294,36880,44844,31140,35344,30649,44000,30297,24568,16704,30788,65485,18970,49433,59968
31535,28389,32811,35819,31511,36880,44844,31140,35344,30649,44000,30297,24568,16704,30788,65485,18970,49433,59968
31534,31225,32923,36492,32589,36880,44844,31140,35344,30649,44000,30297,24568,16704,30788,65485,18970,49433,59968
31476,30313,32962,36087,33216,36880,44844,31140,35344,30649,44000,30297,24568,16704,30788,65485,18970,49433,59968
31315,30286,33188,35757,32693,36880,44844,31140,35344,30649,44000,30297,24568,16704,30788,65485,18970,49433,59968
31202,32277,33181,35916,34895,36880,44844,31140,35344,30649,44000,30297,24568,16704,30788,65485,18970,49433,59968
31134,32783,32991,35911,33548,36880,44844,31140,35344,30649,44000,30297,24568,16704,30788,65485,18970,49433,59968
31173,32254,33005,35669,35235,36880,44844,31140,35344,30649,44000,30297,24568,16704,30788,65485,18970,49433,59968
31148,32281,33027,35535,34207,33732,47496,29701,35044,35174,40072,32054,24392,20521,29213,60745,18777,51138,65409
31394,31234,33277,35818,32484,33732,47496,29701,35044,35174,40072,32054,24392,20521,29213,60745,18777,51138,65409
31371,29357,33287,35239,31231,33732,47496,29701,35044,35174,40072,32054,24392,20521,29213,60745,18777,51138,65409
31447,28771,33343,33903,33139,33732,47496,29701,35044,35174,40072,32054,24392,20521,29213,60745,18777,51138,65409
31859,29415,33513,32887,30711,33732,47496,29701,35044,35174,40072,32054,24392,20521,29213,60745,18777,51138,65409
31988,30259,33889,31397,34031,33732,47496,29701,35044,35174,40072,32054,24392,20521,29213,60745,18777,51138,65409
31966,31015,34089,30046,33503,33732,47496,29701,35044,35174,40072,32054,24392,20521,29213,60745,18777,51138,65409
32148,30578,34298,29055,35035,33732,47496,29701,35044,35174,40072,32054,24392,20521,29213,60745,18777,51138,65409
32733,30213,34221,28598,31828,33732,47496,29701,35044,35174,40072,32054,24392,20521,29213,60745,18777,51138,65409
32923,29779,34027,28478,28916,33732,47496,29701,35044,35174,40072,32054,24392,20521,29213,60745,18777,51138,65409
32887,30357,33755,28601,30023,31632,42024,31092,35464,36332,39612,32972,24423,22121,29380,50760,22049,44304,65422
32702,32476,33507,28839,31915,31632,42024,31092,35464,36332,39612,32972,24423,22121,29380,50760,22049,44304,65422
32524,13030,33426,29218,31632,31632,42024,31092,35464,36332,39612,32972,24423,22121,29380,50760,22049,44304,65422
32568,13,33273,29424,33143,31632,42024,31092,35464,36332,39612,32972,24423,22121,29380,50760,22049,44304,65422
32688,2387,32977,29861,33608,31632,42024,31092,35464,36332,39612,32972,24423,22121,29380,50760,22049,44304,65422
32775,6653,32509,30223,33084,31632,42024,31092,35464,36332,39612,32972,24423,22121,29380,50760,22049,44304,65422
33119,10148,31886,30468,34220,31632,42024,31092,35464,36332,39612,32972,24423,22121,29380,50760,22049,44304,65422
33688,13370,31263,31224,32885,31632,42024,31092,35464,36332,39612,32972,24423,22121,29380,50760,22049,44304,65422
34333,16071,30893,31574,32989,31632,42024,31092,35464,36332,39612,32972,24423,22121,29380,50760,22049,44304,65422
34780,18161,30719,32039,34003,31632,42024,31092,35464,36332,39612,32972,24423,22121,29380,50760,22049,44304,65422
34941,20166,30725,32285,35249,32293,39298,30410,35482,35776,36608,34864,24409,21598,37944,42237,20605,43360,58456
35058,21842,30563,32135,33851,32293,39298,30410,35482,35776,36608,34864,24409,21598,37944,42237,20605,43360,58456
35719,23239,30574,32316,35397,32293,39298,30410,35482,35776,36608,34864,24409,21598,37944,42237,20605,43360,58456
35631,24421,30775,32199,33586,32293,39298,30410,35482,35776,36608,34864,24409,21598,37944,42237,20605,43360,58456
34804,25535,31090,32575,33943,32293,39298,30410,35482,35776,36608,34864,24409,21598,37944,42237,20605,43360,58456
33918,26490,31279,32433,33273,32293,39298,30410,35482,35776,36608,34864,24409,21598,37944,42237,20605,43360,58456
33295,27293,31635,32981,32983,32293,39298,30410,35482,35776,36608,34864,24409,21598,37944,42237,20605,43360,58456
32473,27987,31861,32952,32901,32293,39298,30410,35482,35776,36608,34864,24409,21598,37944,42237,20605,43360,58456
31451,28656,32223,33415,31204,32293,39298,30410,35482,35776,36608,34864,24409,21598,37944,42237,20605,43360,58456
31123,29247,32583,33597,31703,32293,39298,30410,35482,35776,36608,34864,24409,21598,37944,42237,20605,43360,58456
32031,29574,32775,33142,32157,33890,36774,32864,35480,34176,36474,35069,24261,23365,40284,46152,22602,44676,42672
32775,30088,32963,32983,31278,33890,36774,32864,35480,34176,36474,35069,24261,23365,40284,46152,22602,44676,42672
33415,30394,33073,33157,31869,33890,36774,32864,35480,34176,36474,35069,24261,23365,40284,46152,22602,44676,42672
33579,30636,33307,33519,30539,33890,36774,32864,35480,34176,36474,35069,24261,23365,40284,46152,22602,44676,42672
34010,38564,33420,33565,29906,33890,36774,32864,35480,34176,36474,35069,24261,23365,40284,46152,22602,44676,42672
34590,42767,33505,33545,29910,33890,36774,32864,35480,34176,36474,35069,24261,23365,40284,46152,22602,44676,42672
35265,42975,33638,33295,31717,33890,36774,32864,35480,34176,36474,35069,24261,23365,40284,46152,22602,44676,42672
35884,42055,33623,33319,32603,33890,36774,32864,35480,34176,36474,35069,24261,23365,40284,46152,22602,44676,42672
36368,40551,33704,33451,34298,33890,36774,32864,35480,34176,36474,35069,24261,23365,40284,46152,22602,44676,42672
36763,38678,33529,33123,34963,33890,36774,32864,35480,34176,36474,35069,24261,23365,40284,46152,22602,44676,42672
37014,37820,33349,33623,35523,34744,35312,35376,35480,33072,36042,36632,24316,25210,38331,44666,19481,41580,44868
37227,37760,33400,33341,35829,34744,35312,35376,35480,33072,36042,36632,24316,25210,38331,44666,19481,41580,44868
37535,36772,33927,33506,36738,34744,35312,35376,35480,33072,36042,36632,24316,25210,38331,44666,19481,41580,44868
37576,36487,34151,33655,36478,34744,35312,35376,35480,33072,36042,36632,24316,25210,38331,44666,19481,41580,44868
37545,36895,34263,33658,35390,34744,35312,35376,35480,33072,36042,36632,24316,25210,38331,44666,19481,41580,44868
37250,37967,34007,33018,33683,34744,35312,35376,35480,33072,36042,36632,24316,25210,38331,44666,19481,41580,44868
36748,38591,33907,33267,30885,34744,35312,35376,35480,33072,36042,36632,24316,25210,38331,44666,19481,41580,44868
35940,39780,33874,33211,30979,34744,35312,35376,35480,33072,36042,36632,24316,25210,38331,44666,19481,41580,44868
34980,40103,34026,32870,29043,34744,35312,35376,35480,33072,36042,36632,24316,25210,38331,44666,19481,41580,44868
34148,40083,33936,32085,28535,34744,35312,35376,35480,33072,36042,36632,24316,25210,38331,44666,19481,41580,44868
33552,40011,33459,32039,27954,35724,34650,34448,35544,32174,36012,37356,24296,29348,35937,43622,24325,39064,16594
33209,40608,32909,32422,28871,35724,34650,34448,35544,32174,36012,37356,24296,29348,35937,43622,24325,39064,16594
32936,41903,32749,32612,28658,35724,34650,34448,35544,32174,36012,37356,24296,29348,35937,43622,24325,39064,16594
32733,43214,32935,33399,29914,35724,34650,34448,35544,32174,36012,37356,24296,29348,35937,43622,24325,39064,16594
32617,44853,32807,33660,31936,35724,34650,34448,35544,32174,36012,37356,24296,29348,35937,43622,24325,39064,16594
32760,46087,32312,33712,34363,35724,34650,34448,35544,32174,36012,37356,24296,29348,35937,43622,24325,39064,16594
33155,46123,31751,33701,36524,35724,34650,34448,35544,32174,36012,37356,24296,29348,35937,43622,24325,39064,16594
33506,45730,31327,33247,37153,35724,34650,34448,35544,32174,36012,37356,24296,29348,35937,43622,24325,39064,16594
33972,44293,30857,33891,38247,35724,34650,34448,35544,32174,36012,37356,24296,29348,35937,43622,24325,39064,16594
34311,42085,30607,33756,38497,35724,34650,34448,35544,32174,36012,37356,24296,29348,35937,43622,24325,39064,16594
34324,39780,30453,33991,37106,36050,34000,34996,35705,32336,36234,36956,24348,31376,36788,40262,22860,36148,15521
34150,37124,30455,33350,35269,36050,34000,34996,35705,32336,36234,36956,24348,31376,36788,40262,22860,36148,15521
34120,35634,30636,33295,34025,36050,34000,34996,35705,32336,36234,36956,24348,31376,36788,40262,22860,36148,15521
34151,34038,31039,32981,31749,36050,34000,34996,35705,32336,36234,36956,24348,31376,36788,40262,22860,36148,15521
33849,32970,31567,33190,30940,36050,34000,34996,35705,32336,36234,36956,24348,31376,36788,40262,22860,36148,15521
33674,32455,32068,32945,29970,36050,34000,34996,35705,32336,36234,36956,24348,31376,36788,40262,22860,36148,15521
33524,32079,32398,33047,30212,36050,34000,34996,35705,32336,36234,36956,24348,31376,36788,40262,22860,36148,15521
33389,32775,32425,32839,30285,36050,34000,34996,35705,32336,36234,36956,24348,31376,36788,40262,22860,36148,15521
33329,33602,32623,32642,30964,36050,34000,34996,35705,32336,36234,36956,24348,31376,36788,40262,22860,36148,15521
33081,34987,32927,32523,31606,36050,34000,34996,35705,32336,36234,36956,24348,31376,36788,40262,22860,36148,15521
32676,35760,33045,32361,32999,35565,34040,35064,35636,31156,36248,36772,24244,32189,36747,36345,24141,38700,14641
32170,37855,32981,31838,32937,35565,34040,35064,35636,31156,36248,36772,24244,32189,36747,36345,24141,38700,14641
31595,39983,33126,31438,33900,35565,34040,35064,35636,31156,36248,36772,24244,32189,36747,36345,24141,38700,14641
31173,41810,33047,31824,31855,35565,34040,35064,35636,31156,36248,36772,24244,32189,36747,36345,24141,38700,14641
31056,43419,33287,32537,32861,35565,34040,35064,35636,31156,36248,36772,24244,32189,36747,36345,24141,38700,14641
31180,43904,33639,33051,32089,35565,34040,35064,35636,31156,36248,36772,24244,32189,36747,36345,24141,38700,14641
31030,44656,33678,32919,33351,35565,34040,35064,35636,31156,36248,36772,24244,32189,36747,36345,24141,38700,14641
30803,45301,33798,32428,32431,35565,34040,35064,35636,31156,36248,36772,24244,32189,36747,36345,24141,38700,14641
30809,45199,33675,31939,33235,35565,34040,35064,35636,31156,36248,36772,24244,32189,36747,36345,24141,38700,14641
30944,45349,33782,32381,33383,35565,34040,35064,35636,31156,36248,36772,24244,32189,36747,36345,24141,38700,14641
31140,44055,33908,32647,33678,35034,35058,35076,35534,31969,36848,37173,24269,33728,36964,35393,26185,39788,22406
31254,42900,33899,32771,31440,35034,35058,35076,35534,31969,36848,37173,24269,33728,36964,35393,26185,39788,22406
31448,41543,33899,33047,31939,35034,35058,35076,35534,31969,36848,37173,24269,33728,36964,35393,26185,39788,22406
31598,40239,34081,32957,32644,35034,35058,35076,35534,31969,36848,37173,24269,33728,36964,35393,26185,39788,22406
31782,38391,34199,32555,33913,35034,35058,35076,35534,31969,36848,37173,24269,33728,36964,35393,26185,39788,22406
31806,36351,34100,32701,32775,35034,35058,35076,35534,31969,36848,37173,24269,33728,36964,35393,26185,39788,22406
31839,35725,33835,32761,32642,35034,35058,35076,35534,31969,36848,37173,24269,33728,36964,35393,26185,39788,22406
31846,35695,33475,33510,31764,35034,35058,35076,35534,31969,36848,37173,24269,33728,36964,35393,26185,39788,22406
31733,35723,33277,33722,33053,35034,35058,35076,35534,31969,36848,37173,24269,33728,36964,35393,26185,39788,22406
31666,36599,33307,33005,33963,35034,35058,35076,35534,31969,36848,37173,24269,33728,36964,35393,26185,39788,22406
31670,36665,33062,33029,34477,34208,37252,36056,35496,33176,37832,37044,24248,32620,36292,32184,28396,36664,37797
31726,36159,32925,33074,35797,34208,37252,36056,35496,33176,37832,37044,24248,32620,36292,32184,28396,36664,37797
31549,35887,32845,33829,34855,34208,37252,36056,35496,33176,37832,37044,24248,32620,36292,32184,28396,36664,37797
31320,35247,32634,33303,33526,34208,37252,36056,35496,33176,37832,37044,24248,32620,36292,32184,28396,36664,37797
30967,35208,32559,32403,33885,34208,37252,36056,35496,33176,37832,37044,24248,32620,36292,32184,28396,36664,37797
30853,34725,32429,32763,33013,34208,37252,36056,35496,33176,37832,37044,24248,32620,36292,32184,28396,36664,37797
30707,34564,32573,32878,33103,34208,37252,36056,35496,33176,37832,37044,24248,32620,36292,32184,28396,36664,37797
30481,34419,33001,32943,32278,34208,37252,36056,35496,33176,37832,37044,24248,32620,36292,32184,28396,36664,37797
30380,34059,33314,33463,30991,34208,37252,36056,35496,33176,37832,37044,24248,32620,36292,32184,28396,36664,37797
30382,25245,33386,33660,30412,34208,37252,36056,35496,33176,37832,37044,24248,32620,36292,32184,28396,36664,37797
30377,21285,33403,33146,30032,34592,38588,36000,35568,34260,38132,36072,24224,32176,34060,29820,28216,38816,37925
30262,17734,33415,32815,29186,34592,38588,36000,35568,34260,38132,36072,24224,32176,34060,29820,28216,38816,37925
30220,14432,33353,32631,30116,34592,38588,36000,35568,34260,38132,36072,24224,32176,34060,29820,28216,38816,37925
30413,11430,33348,32431,31297,34592,38588,36000,35568,34260,38132,36072,24224,32176,34060,29820,28216,38816,37925
30409,9166,33198,32763,34708,34592,38588,36000,35568,34260,38132,36072,24224,32176,34060,29820,28216,38816,37925
30670,7335,33268,33241,37805,34592,38588,36000,35568,34260,38132,36072,24224,32176,34060,29820,28216,38816,37925
30866,6464,33307,33489,38831,34592,38588,36000,35568,34260,38132,36072,24224,32176,34060,29820,28216,38816,37925
30924,6195,33671,33240,36911,34592,38588,36000,35568,34260,38132,36072,24224,32176,34060,29820,28216,38816,37925
31216,6747,33684,33280,32937,34592,38588,36000,35568,34260,38132,36072,24224,32176,34060,29820,28216,38816,37925
31640,7381,33574,33145,29776,34592,38588,36000,35568,34260,38132,36072,24224,32176,34060,29820,28216,38816,37925
31976,8798,33421,33432,27264,33892,39392,34874,35714,34272,38064,35706,24400,31270,33232,23204,27525,36701,37508
32022,11508,33396,33266,25444,33892,39392,34874,35714,34272,38064,35706,24400,31270,33232,23204,27525,36701,37508
32114,14514,33428,33507,25230,33892,39392,34874,35714,34272,38064,35706,24400,31270,33232,23204,27525,36701,37508
32331,16983,33331,33287,28893,33892,39392,34874,35714,34272,38064,35706,24400,31270,33232,23204,27525,36701,37508
32710,19040,33063,33449,32750,33892,39392,34874,35714,34272,38064,35706,24400,31270,33232,23204,27525,36701,37508
32867,20844,33098,33367,38316,33892,39392,34874,35714,34272,38064,35706,24400,31270,33232,23204,27525,36701,37508
32938,22460,33075,33709,41349,33892,39392,34874,35714,34272,38064,35706,24400,31270,33232,23204,27525,36701,37508
33007,23722,33029,33579,40487,33892,39392,34874,35714,34272,38064,35706,24400,31270,33232,23204,27525,36701,37508
33367,24916,32789,33463,37309,33892,39392,34874,35714,34272,38064,35706,24400,31270,33232,23204,27525,36701,37508
33625,25919,32437,32977,34065,33892,39392,34874,35714,34272,38064,35706,24400,31270,33232,23204,27525,36701,37508
33618,26807,32396,33501,30620,33968,38676,34568,35570,33034,38010,35232,24437,31308,31468,24060,26428,31389,40740
33759,31374,32502,33544,29075,33968,38676,34568,35570,33034,38010,35232,24437,31308,31468,24060,26428,31389,40740
33817,34475,32597,33223,26898,33968,38676,34568,35570,33034,38010,35232,24437,31308,31468,24060,26428,31389,40740
33783,36026,32562,32927,30587,33968,38676,34568,35570,33034,38010,35232,24437,31308,31468,24060,26428,31389,40740
33671,37857,32510,33261,31879,33968,38676,34568,35570,33034,38010,35232,24437,31308,31468,24060,26428,31389,40740
33364,38919,32516,33095,32563,33968,38676,34568,35570,33034,38010,35232,24437,31308,31468,24060,26428,31389,40740
33406,40255,32515,33406,32173,33968,38676,34568,35570,33034,38010,35232,24437,31308,31468,24060,26428,31389,40740
33577,40562,32445,33171,32756,33968,38676,34568,35570,33034,38010,35232,24437,31308,31468,24060,26428,31389,40740
33653,41038,32434,33447,34052,33968,38676,34568,35570,33034,38010,35232,24437,31308,31468,24060,26428,31389,40740
33394,40847,32322,33223,33747,33968,38676,34568,35570,33034,38010,35232,24437,31308,31468,24060,26428,31389,40740
33245,40939,32418,33598,34941,33280,38400,33744,35680,32380,37568,34784,24624,31746,30347,20880,27076,34996,36096
33243,40727,32404,33335,34389,33280,38400,33744,35680,32380,37568,34784,24624,31746,30347,20880,27076,34996,36096
33150,40673,32433,33321,33947,33280,38400,33744,35680,32380,37568,34784,24624,31746,30347,20880,27076,34996,36096
33197,40337,32403,32999,33015,33280,38400,33744,35680,32380,37568,34784,24624,31746,30347,20880,27076,34996,36096
33464,40570,32450,33213,32551,33280,38400,33744,35680,32380,37568,34784,24624,31746,30347,20880,27076,34996,36096
33596,40381,32466,32860,32383,33280,38400,33744,35680,32380,37568,34784,24624,31746,30347,20880,27076,34996,36096
33597,41091,32514,33085,31099,33280,38400,33744,35680,32380,37568,34784,24624,31746,30347,20880,27076,34996,36096
33680,41698,32447,32959,32649,33280,38400,33744,35680,32380,37568,34784,24624,31746,30347,20880,27076,34996,36096
33904,42783,32423,33148,32933,33280,38400,33744,35680,32380,37568,34784,24624,31746,30347,20880,27076,34996,36096
33939,43753,32455,32821,33695,33280,38400,33744,35680,32380,37568,34784,24624,31746,30347,20880,27076,34996,36096
34023,44909,32491,33103,35485,33080,38120,33818,35604,32832,36952,34764,24488,31553,30224,18424,28832,34200,30158
34175,45884,32630,32933,34031,33080,38120,33818,35604,32832,36952,34764,24488,31553,30224,18424,28832,34200,30158
34380,46805,32630,33223,32889,33080,38120,33818,35604,32832,36952,34764,24488,31553,30224,18424,28832,34200,30158
34493,47774,32579,32868,30173,33080,38120,33818,35604,32832,36952,34764,24488,31553,30224,18424,28832,34200,30158
34477,48307,32477,33123,31469,33080,38120,33818,35604,32832,36952,34764,24488,31553,30224,18424,28832,34200,30158
34391,48827,32421,32925,29893,33080,38120,33818,35604,32832,36952,34764,24488,31553,30224,18424,28832,34200,30158
34318,48747,32623,33093,30276,33080,38120,33818,35604,32832,36952,34764,24488,31553,30224,18424,28832,34200,30158
34392,49027,32597,32994,30071,33080,38120,33818,35604,32832,36952,34764,24488,31553,30224,18424,28832,34200,30158
34406,48787,32647,33172,32219,33080,38120,33818,35604,32832,36952,34764,24488,31553,30224,18424,28832,34200,30158
34292,48003,32699,32918,33737,33080,38120,33818,35604,32832,36952,34764,24488,31553,30224,18424,28832,34200,30158
34352,46150,32717,32988,36203,32956,37506,33564,35528,32304,36968,33916,24622,31080,30009,19528,27536,30432,23277
34512,44583,32600,32911,36518,32956,37506,33564,35528,32304,36968,33916,24622,31080,30009,19528,27536,30432,23277
34542,42813,32522,33321,36543,32956,37506,33564,35528,32304,36968,33916,24622,31080,30009,19528,27536,30432,23277
34401,41760,32607,33136,35576,32956,37506,33564,35528,32304,36968,33916,24622,31080,30009,19528,27536,30432,23277
34252,40507,32755,33021,34089,32956,37506,33564,35528,32304,36968,33916,24622,31080,30009,19528,27536,30432,23277
34091,39523,32823,33046,33285,32956,37506,33564,35528,32304,36968,33916,24622,31080,30009,19528,27536,30432,23277
33874,38766,32830,32945,31819,32956,37506,33564,35528,32304,36968,33916,24622,31080,30009,19528,27536,30432,23277
33721,37854,32850,32907,31815,32956,37506,33564,35528,32304,36968,33916,24622,31080,30009,19528,27536,30432,23277
33371,37383,32835,32947,32261,32956,37506,33564,35528,32304,36968,33916,24622,31080,30009,19528,27536,30432,23277
33216,36583,32717,33190,31613,32956,37506,33564,35528,32304,36968,33916,24622,31080,30009,19528,27536,30432,23277
33280,36335,32725,33007,33063,32976,37010,33324,35652,32133,36901,33868,24856,30984,29310,19801,30196,32546,22467
33236,35670,32775,33305,32871,32976,37010,33324,35652,32133,36901,33868,24856,30984,29310,19801,30196,32546,22467
33266,35491,32731,32835,33114,32976,37010,33324,35652,32133,36901,33868,24856,30984,29310,19801,30196,32546,22467
33219,35171,32770,33115,33195,32976,37010,33324,35652,32133,36901,33868,24856,30984,29310,19801,30196,32546,22467
33142,34697,32767,32685,33821,32976,37010,33324,35652,32133,36901,33868,24856,30984,29310,19801,30196,32546,22467
33222,34668,32717,33127,32152,32976,37010,33324,35652,32133,36901,33868,24856,30984,29310,19801,30196,32546,22467
33227,34215,32647,33447,30839,32976,37010,33324,35652,32133,36901,33868,24856,30984,29310,19801,30196,32546,22467
33328,34245,32691,33214,30317,32976,37010,33324,35652,32133,36901,33868,24856,30984,29310,19801,30196,32546,22467
33232,33907,32742,33354,30404,32976,37010,33324,35652,32133,36901,33868,24856,30984,29310,19801,30196,32546,22467
33027,31791,32669,32902,31767,32976,37010,33324,35652,32133,36901,33868,24856,30984,29310,19801,30196,32546,22467
32988,30927,32563,33059,35150,33270,36896,33020,35592,32096,37010,33708,24840,30712,29340,21114,29706,35040,20197
32816,31538,32533,32912,35428,33270,36896,33020,35592,32096,37010,33708,24840,30712,29340,21114,29706,35040,20197
32587,31975,32464,33287,33461,33270,36896,33020,35592,32096,37010,33708,24840,30712,29340,21114,29706,35040,20197
32512,32383,32623,33039,33261,33270,36896,33020,35592,32096,37010,33708,24840,30712,29340,21114,29706,35040,20197
32444,32313,32710,33306,31079,33270,36896,33020,35592,32096,37010,33708,24840,30712,29340,21114,29706,35040,20197
32488,32028,32733,33084,29640,33270,36896,33020,35592,32096,37010,33708,24840,30712,29340,21114,29706,35040,20197
32422,31613,32673,33479,31503,33270,36896,33020,35592,32096,37010,33708,24840,30712,29340,21114,29706,35040,20197
32534,32371,32583,33257,32871,33270,36896,33020,35592,32096,37010,33708,24840,30712,29340,21114,29706,35040,20197
32479,33534,32587,33154,31789,33270,36896,33020,35592,32096,37010,33708,24840,30712,29340,21114,29706,35040,20197
32413,34993,32647,32915,32064,33270,36896,33020,35592,32096,37010,33708,24840,30712,29340,21114,29706,35040,20197
32284,34578,32789,33313,31957,33404,36952,32908,35508,32528,37050,33844,24948,30260,29572,20721,27782,31310,22431
32165,34531,32695,32854,31404,33404,36952,32908,35508,32528,37050,33844,24948,30260,29572,20721,27782,31310,22431
32032,34129,32519,33257,32215,33404,36952,32908,35508,32528,37050,33844,24948,30260,29572,20721,27782,31310,22431
32032,34121,32445,33255,34596,33404,36952,32908,35508,32528,37050,33844,24948,30260,29572,20721,27782,31310,22431
32009,33743,32463,33426,34666,33404,36952,32908,35508,32528,37050,33844,24948,30260,29572,20721,27782,31310,22431
31995,33831,32530,32987,33951,33404,36952,32908,35508,32528,37050,33844,24948,30260,29572,20721,27782,31310,22431
31833,33503,32430,33149,34199,33404,36952,32908,35508,32528,37050,33844,24948,30260,29572,20721,27782,31310,22431
31859,33590,32328,33047,34934,33404,36952,32908,35508,32528,37050,33844,24948,30260,29572,20721,27782,31310,22431
31937,33353,32444,33411,31897,33404,36952,32908,35508,32528,37050,33844,24948,30260,29572,20721,27782,31310,22431
32004,33439,32525,33079,33799,33404,36952,32908,35508,32528,37050,33844,24948,30260,29572,20721,27782,31310,22431
31928,33215,32492,33313,33863,33804,37040,32760,35360,32720,37260,33880,25072,30473,29764,23152,28456,30977,25193
31870,33341,32571,33211,32816,33804,37040,32760,35360,32720,37260,33880,25072,30473,29764,23152,28456,30977,25193
31982,33095,32695,33231,32689,33804,37040,32760,35360,32720,37260,33880,25072,30473,29764,23152,28456,30977,25193
32032,33250,32744,33087,32997,33804,37040,32760,35360,32720,37260,33880,25072,30473,29764,23152,28456,30977,25193
31976,32988,32798,33199,31189,33804,37040,32760,35360,32720,37260,33880,25072,30473,29764,23152,28456,30977,25193
31814,33183,32754,33239,33294,33804,37040,32760,35360,32720,37260,33880,25072,30473,29764,23152,28456,30977,25193
31535,32962,32790,33430,32811,33804,37040,32760,35360,32720,37260,33880,25072,30473,29764,23152,28456,30977,25193
31395,33147,32811,33199,33816,33804,37040,32760,35360,32720,37260,33880,25072,30473,29764,23152,28456,30977,25193
31180,32925,32883,33223,31026,33804,37040,32760,35360,32720,37260,33880,25072,30473,29764,23152,28456,30977,25193
31168,13300,32986,33220,31948,33804,37040,32760,35360,32720,37260,33880,25072,30473,29764,23152,28456,30977,25193
31074,21,32914,33162,32416,33912,37196,32468,35496,33277,37459,33888,25036,30453,29732,26272,31704,35882,27064
31220,1,32919,33253,29646,33912,37196,32468,35496,33277,37459,33888,25036,30453,29732,26272,31704,35882,27064
31235,9,32912,33061,32576,33912,37196,32468,35496,33277,37459,33888,25036,30453,29732,26272,31704,35882,27064
31428,9,32936,33199,33697,33912,37196,32468,35496,33277,37459,33888,25036,30453,29732,26272,31704,35882,27064
31522,2101,33054,33023,33398,33912,37196,32468,35496,33277,37459,33888,25036,30453,29732,26272,31704,35882,27064
31649,6190,32985,33228,31920,33912,37196,32468,35496,33277,37459,33888,25036,30453,29732,26272,31704,35882,27064
31823,10025,32829,33260,32685,33912,37196,32468,35496,33277,37459,33888,25036,30453,29732,26272,31704,35882,27064
31929,13136,32811,33219,33462,33912,37196,32468,35496,33277,37459,33888,25036,30453,29732,26272,31704,35882,27064
31895,15826,32869,33176,33427,33912,37196,32468,35496,33277,37459,33888,25036,30453,29732,26272,31704,35882,27064
31954,18038,32918,33279,36082,33912,37196,32468,35496,33277,37459,33888,25036,30453,29732,26272,31704,35882,27064
31903,20015,32759,33199,36382,34256,37200,32366,35308,33718,37508,33844,25216,30032,29752,28876,28700,32786,31912
32125,21668,32670,33086,34212,34256,37200,32366,35308,33718,37508,33844,25216,30032,29752,28876,28700,32786,31912
32233,23120,32599,33367,33799,34256,37200,32366,35308,33718,37508,33844,25216,30032,29752,28876,28700,32786,31912
32243,24322,32524,33062,1884,34256,37200,32366,35308,33718,37508,33844,25216,30032,29752,28876,28700,32786,31912
32294,25435,32523,33031,50039,34256,37200,32366,35308,33718,37508,33844,25216,30032,29752,28876,28700,32786,31912
32461,26386,32340,32838,38919,34256,37200,32366,35308,33718,37508,33844,25216,30032,29752,28876,28700,32786,31912
32541,27209,32425,33166,29355,34256,37200,32366,35308,33718,37508,33844,25216,30032,29752,28876,28700,32786,31912
32487,27941,32270,33071,35515,34256,37200,32366,35308,33718,37508,33844,25216,30032,29752,28876,28700,32786,31912
32295,28591,32433,33377,38562,34256,37200,32366,35308,33718,37508,33844,25216,30032,29752,28876,28700,32786,31912
32501,29103,32543,33061,34067,34256,37200,32366,35308,33718,37508,33844,25216,30032,29752,28876,28700,32786,31912
32818,29639,32471,33302,32886,34412,37224,32258,35410,33925,37292,33828,25234,29479,30196,33056,26900,32720,35682
32930,29949,32495,33025,31171,34412,37224,32258,35410,33925,37292,33828,25234,29479,30196,33056,26900,32720,35682
32682,30437,32845,33381,34515,34412,37224,32258,35410,33925,37292,33828,25234,29479,30196,33056,26900,32720,35682
32517,30594,32935,33127,32930,34412,37224,32258,35410,33925,37292,33828,25234,29479,30196,33056,26900,32720,35682
32526,31037,33135,33340,32341,34412,37224,32258,35410,33925,37292,33828,25234,29479,30196,33056,26900,32720,35682
32728,31101,33279,32976,30905,34412,37224,32258,35410,33925,37292,33828,25234,29479,30196,33056,26900,32720,35682
32866,31460,33439,33272,29807,34412,37224,32258,35410,33925,37292,33828,25234,29479,30196,33056,26900,32720,35682
32980,31466,33317,32993,27774,34412,37224,32258,35410,33925,37292,33828,25234,29479,30196,33056,26900,32720,35682
33101,31781,33315,33146,26487,34412,37224,32258,35410,33925,37292,33828,25234,29479,30196,33056,26900,32720,35682
33092,33807,33388,32918,26714,34412,37224,32258,35410,33925,37292,33828,25234,29479,30196,33056,26900,32720,35682
33019,35189,33395,33135,26528,34556,37304,32114,35226,33984,37124,33884,25220,28586,30804,36869,26780,37096,38000
33138,34506,33131,33088,30380,34556,37304,32114,35226,33984,37124,33884,25220,28586,30804,36869,26780,37096,38000
33113,34395,32991,33109,34471,34556,37304,32114,35226,33984,37124,33884,25220,28586,30804,36869,26780,37096,38000
32460,34175,32975,33305,35524,34556,37304,32114,35226,33984,37124,33884,25220,28586,30804,36869,26780,37096,38000
31928,35063,32901,33249,33909,34556,37304,32114,35226,33984,37124,33884,25220,28586,30804,36869,26780,37096,38000
32583,35785,33052,33362,34875,34556,37304,32114,35226,33984,37124,33884,25220,28586,30804,36869,26780,37096,38000
33400,36522,33190,32958,35711,34556,37304,32114,35226,33984,37124,33884,25220,28586,30804,36869,26780,37096,38000
33644,36973,33271,33193,36583,34556,37304,32114,35226,33984,37124,33884,25220,28586,30804,36869,26780,37096,38000
33942,36467,33379,33106,32754,34556,37304,32114,35226,33984,37124,33884,25220,28586,30804,36869,26780,37096,38000
34169,36261,33399,33415,39158,34556,37304,32114,35226,33984,37124,33884,25220,28586,30804,36869,26780,37096,38000
34240,36734,33327,33197,38729,34816,37216,32236,35248,33736,37080,33932,25328,27412,31406,42317,24406,32520,45004
34383,37585,33131,33524,37067,34816,37216,32236,35248,33736,37080,33932,25328,27412,31406,42317,24406,32520,45004
34879,38509,33413,33072,34414,34816,37216,32236,35248,33736,37080,33932,25328,27412,31406,42317,24406,32520,45004
34844,37440,33553,33232,34051,34816,37216,32236,35248,33736,37080,33932,25328,27412,31406,42317,24406,32520,45004
34098,39059,33443,33188,34043,34816,37216,32236,35248,33736,37080,33932,25328,27412,31406,42317,24406,32520,45004
33298,27006,33278,33247,34590,34816,37216,32236,35248,33736,37080,33932,25328,27412,31406,42317,24406,32520,45004
32996,24850,33211,33325,31835,34816,37216,32236,35248,33736,37080,33932,25328,27412,31406,42317,24406,32520,45004
33004,25877,33074,33171,29723,34816,37216,32236,35248,33736,37080,33932,25328,27412,31406,42317,24406,32520,45004
32985,26894,33035,33255,30276,34816,37216,32236,35248,33736,37080,33932,25328,27412,31406,42317,24406,32520,45004
32994,27739,32975,33304,31452,34816,37216,32236,35248,33736,37080,33932,25328,27412,31406,42317,24406,32520,45004
32903,28453,33099,33431,30843,34856,37016,32272,35152,33424,37084,33912,25298,26936,31568,43352,23549,34956,42223
32979,29155,32969,33065,31230,34856,37016,32272,35152,33424,37084,33912,25298,26936,31568,43352,23549,34956,42223
32973,29610,32967,33174,30629,34856,37016,32272,35152,33424,37084,33912,25298,26936,31568,43352,23549,34956,42223
32949,30127,32943,33055,29739,34856,37016,32272,35152,33424,37084,33912,25298,26936,31568,43352,23549,34956,42223
32983,30515,32852,33207,30425,34856,37016,32272,35152,33424,37084,33912,25298,26936,31568,43352,23549,34956,42223
33158,30739,32795,33203,29983,34856,37016,32272,35152,33424,37084,33912,25298,26936,31568,43352,23549,34956,42223
33226,31179,32763,33047,30642,34856,37016,32272,35152,33424,37084,33912,25298,26936,31568,43352,23549,34956,42223
33303,31226,32760,33191,32166,34856,37016,32272,35152,33424,37084,33912,25298,26936,31568,43352,23549,34956,42223
33425,31525,32736,33037,32505,34856,37016,32272,35152,33424,37084,33912,25298,26936,31568,43352,23549,34956,42223
33443,31773,32722,33207,33147,34856,37016,32272,35152,33424,37084,33912,25298,26936,31568,43352,23549,34956,42223
33464,31751,32498,33105,35237,34600,37066,32440,35145,33116,37088,33828,25372,26753,32130,45332,23354,32633,42884
33417,32051,32370,33221,36039,34600,37066,32440,35145,33116,37088,33828,25372,26753,32130,45332,23354,32633,42884
33309,31999,32358,32999,35926,34600,37066,32440,35145,33116,37088,33828,25372,26753,32130,45332,23354,32633,42884
33221,32250,32375,33311,34709,34600,37066,32440,35145,33116,37088,33828,25372,26753,32130,45332,23354,32633,42884
33182,32119,32466,33110,36283,34600,37066,32440,35145,33116,37088,33828,25372,26753,32130,45332,23354,32633,42884
33120,32421,32503,33223,36517,34600,37066,32440,35145,33116,37088,33828,25372,26753,32130,45332,23354,32633,42884
33192,32315,32511,33247,34847,34600,37066,32440,35145,33116,37088,33828,25372,26753,32130,45332,23354,32633,42884
33105,32524,32615,33150,33129,34600,37066,32440,35145,33116,37088,33828,25372,26753,32130,45332,23354,32633,42884
33202,32412,32633,33287,32901,34600,37066,32440,35145,33116,37088,33828,25372,26753,32130,45332,23354,32633,42884
33178,40039,32647,33079,33394,34600,37066,32440,35145,33116,37088,33828,25372,26753,32130,45332,23354,32633,42884
33018,40939,32635,33167,32607,34248,37092,32628,35364,32906,37084,33788,25365,26797,31453,48336,24018,31980,42024
32908,41303,32517,32933,32103,34248,37092,32628,35364,32906,37084,33788,25365,26797,31453,48336,24018,31980,42024
32924,40357,32495,32873,30615,34248,37092,32628,35364,32906,37084,33788,25365,26797,31453,48336,24018,31980,42024
32922,39911,32703,33066,30277,34248,37092,32628,35364,32906,37084,33788,25365,26797,31453,48336,24018,31980,42024
33015,38956,32835,33007,30212,34248,37092,32628,35364,32906,37084,33788,25365,26797,31453,48336,24018,31980,42024
33028,38538,32965,33033,29901,34248,37092,32628,35364,32906,37084,33788,25365,26797,31453,48336,24018,31980,42024
32940,37441,32803,32965,30151,34248,37092,32628,35364,32906,37084,33788,25365,26797,31453,48336,24018,31980,42024
32932,36677,32719,33071,28761,34248,37092,32628,35364,32906,37084,33788,25365,26797,31453,48336,24018,31980,42024
32972,35075,32611,32859,30262,34248,37092,32628,35364,32906,37084,33788,25365,26797,31453,48336,24018,31980,42024
33089,33983,32555,33221,31343,34248,37092,32628,35364,32906,37084,33788,25365,26797,31453,48336,24018,31980,42024
32775,27530,32598,32852,33087,33956,37258,32969,35168,32848,37204,33796,25326,27056,30492,47273,29060,33320,34484
32260,26106,32664,33090,34750,33956,37258,32969,35168,32848,37204,33796,25326,27056,30492,47273,29060,33320,34484
31919,37383,32588,32905,35732,33956,37258,32969,35168,32848,37204,33796,25326,27056,30492,47273,29060,33320,34484
31767,53272,32674,33150,36088,33956,37258,32969,35168,32848,37204,33796,25326,27056,30492,47273,29060,33320,34484
31763,61856,32615,33049,35765,33956,37258,32969,35168,32848,37204,33796,25326,27056,30492,47273,29060,33320,34484
31976,59699,32594,33197,35344,33956,37258,32969,35168,32848,37204,33796,25326,27056,30492,47273,29060,33320,34484
32071,54227,32471,32936,34858,33956,37258,32969,35168,32848,37204,33796,25326,27056,30492,47273,29060,33320,34484
31928,49563,32449,33209,34305,33956,37258,32969,35168,32848,37204,33796,25326,27056,30492,47273,29060,33320,34484
31986,44157,32378,32970,32791,33956,37258,32969,35168,32848,37204,33796,25326,27056,30492,47273,29060,33320,34484
32561,40263,32476,33255,32582,33956,37258,32969,35168,32848,37204,33796,25326,27056,30492,47273,29060,33320,34484
33018,37356,32505,33079,30935,33632,37304,33032,35410,32736,37216,34008,25372,26964,29451,41305,25856,36488,39612
32666,33666,32444,33277,31181,33632,37304,33032,35410,32736,37216,34008,25372,26964,29451,41305,25856,36488,39612
32530,29243,32361,33181,30850,33632,37304,33032,35410,32736,37216,34008,25372,26964,29451,41305,25856,36488,39612
32485,25967,32538,33039,29786,33632,37304,33032,35410,32736,37216,34008,25372,26964,29451,41305,25856,36488,39612
32254,23721,32681,33266,31064,33632,37304,33032,35410,32736,37216,34008,25372,26964,29451,41305,25856,36488,39612
32189,22912,32631,32982,31141,33632,37304,33032,35410,32736,37216,34008,25372,26964,29451,41305,25856,36488,39612
32336,22661,32516,33232,31983,33632,37304,33032,35410,32736,37216,34008,25372,26964,29451,41305,25856,36488,39612
32221,22421,32495,32918,32659,33632,37304,33032,35410,32736,37216,34008,25372,26964,29451,41305,25856,36488,39612
31828,22111,32449,33184,33164,33632,37304,33032,35410,32736,37216,34008,25372,26964,29451,41305,25856,36488,39612
31503,23215,32439,32839,34875,33632,37304,33032,35410,32736,37216,34008,25372,26964,29451,41305,25856,36488,39612
31100,24758,32343,33103,34748,33552,37368,33090,35544,32306,37266,33932,25362,26626,29164,41696,26267,32049,35596
31178,25335,32336,32981,34807,33552,37368,33090,35544,32306,37266,33932,25362,26626,29164,41696,26267,32049,35596
31672,24775,32407,33225,34407,33552,37368,33090,35544,32306,37266,33932,25362,26626,29164,41696,26267,32049,35596
32198,23457,32476,33002,33970,33552,37368,33090,35544,32306,37266,33932,25362,26626,29164,41696,26267,32049,35596
32527,22783,32535,33304,33044,33552,37368,33090,35544,32306,37266,33932,25362,26626,29164,41696,26267,32049,35596
32705,23797,32554,33019,32798,33552,37368,33090,35544,32306,37266,33932,25362,26626,29164,41696,26267,32049,35596
32959,26023,32681,33223,33351,33552,37368,33090,35544,32306,37266,33932,25362,26626,29164,41696,26267,32049,35596
33186,28285,32752,33022,33225,33552,37368,33090,35544,32306,37266,33932,25362,26626,29164,41696,26267,32049,35596
33276,30370,32775,32991,32791,33552,37368,33090,35544,32306,37266,33932,25362,26626,29164,41696,26267,32049,35596
33389,31207,32813,33151,32967,33552,37368,33090,35544,32306,37266,33932,25362,26626,29164,41696,26267,32049,35596
33138,32587,32923,32863,32623,33336,37339,33040,35496,32673,37352,33840,25375,26576,28411,37836,26967,35306,36368
32484,34021,32899,32992,33210,33336,37339,33040,35496,32673,37352,33840,25375,26576,28411,37836,26967,35306,36368
31938,36257,32854,32932,32783,33336,37339,33040,35496,32673,37352,33840,25375,26576,28411,37836,26967,35306,36368
31751,37884,32879,33186,33062,33336,37339,33040,35496,32673,37352,33840,25375,26576,28411,37836,26967,35306,36368
32110,39343,32983,33007,32858,33336,37339,33040,35496,32673,37352,33840,25375,26576,28411,37836,26967,35306,36368
32326,40558,33119,33237,32487,33336,37339,33040,35496,32673,37352,33840,25375,26576,28411,37836,26967,35306,36368
32676,41618,33123,33216,32463,33336,37339,33040,35496,32673,37352,33840,25375,26576,28411,37836,26967,35306,36368
32721,42619,33146,33340,31899,33336,37339,33040,35496,32673,37352,33840,25375,26576,28411,37836,26967,35306,36368
32713,43236,33252,33028,32010,33336,37339,33040,35496,32673,37352,33840,25375,26576,28411,37836,26967,35306,36368
32728,42951,33267,33250,31938,33336,37339,33040,35496,32673,37352,33840,25375,26576,28411,37836,26967,35306,36368
32790,43192,33410,33077,32474,33242,37444,33104,35444,32642,37266,33866,25352,26799,27389,35776,26002,33620,35772
32809,43027,33445,33248,32485,33242,37444,33104,35444,32642,37266,33866,25352,26799,27389,35776,26002,33620,35772
32836,43303,33406,32959,32012,33242,37444,33104,35444,32642,37266,33866,25352,26799,27389,35776,26002,33620,35772
32841,42591,33294,33159,32190,33242,37444,33104,35444,32642,37266,33866,25352,26799,27389,35776,26002,33620,35772
32852,42395,33327,32945,32031,33242,37444,33104,35444,32642,37266,33866,25352,26799,27389,35776,26002,33620,35772
32918,42247,33369,32871,31205,33242,37444,33104,35444,32642,37266,33866,25352,26799,27389,35776,26002,33620,35772
32912,42311,33381,32885,31479,33242,37444,33104,35444,32642,37266,33866,25352,26799,27389,35776,26002,33620,35772
32833,42897,33364,32657,31438,33242,37444,33104,35444,32642,37266,33866,25352,26799,27389,35776,26002,33620,35772
32839,43100,33299,32788,31459,33242,37444,33104,35444,32642,37266,33866,25352,26799,27389,35776,26002,33620,35772
32844,43319,33232,32525,32235,33242,37444,33104,35444,32642,37266,33866,25352,26799,27389,35776,26002,33620,35772
33035,42877,33319,32474,32003,33114,37472,33146,35380,32492,37122,33628,25298,27036,26177,33098,26792,35848,33984
33162,42191,33347,32431,32950,33114,37472,33146,35380,32492,37122,33628,25298,27036,26177,33098,26792,35848,33984
33044,40669,33195,32674,33982,33114,37472,33146,35380,32492,37122,33628,25298,27036,26177,33098,26792,35848,33984
32888,39735,33063,32726,35524,33114,37472,33146,35380,32492,37122,33628,25298,27036,26177,33098,26792,35848,33984
32941,38349,33011,32905,36639,33114,37472,33146,35380,32492,37122,33628,25298,27036,26177,33098,26792,35848,33984
32971,36855,33271,32941,35567,33114,37472,33146,35380,32492,37122,33628,25298,27036,26177,33098,26792,35848,33984
32965,35273,33282,33070,35249,33114,37472,33146,35380,32492,37122,33628,25298,27036,26177,33098,26792,35848,33984
32924,34557,33239,33012,37139,33114,37472,33146,35380,32492,37122,33628,25298,27036,26177,33098,26792,35848,33984
33032,33609,33086,33075,34395,33114,37472,33146,35380,32492,37122,33628,25298,27036,26177,33098,26792,35848,33984
32847,33103,33055,33027,33219,33114,37472,33146,35380,32492,37122,33628,25298,27036,26177,33098,26792,35848,33984
32682,32575,33156,33109,32253,32981,37528,33112,35568,32660,37232,33594,25301,27024,24824,30399,29384,38330,33824
32775,31350,33071,33225,30479,32981,37528,33112,35568,32660,37232,33594,25301,27024,24824,30399,29384,38330,33824
32861,30818,33063,32962,28310,32981,37528,33112,35568,32660,37232,33594,25301,27024,24824,30399,29384,38330,33824
32846,30403,33019,33033,28951,32981,37528,33112,35568,32660,37232,33594,25301,27024,24824,30399,29384,38330,33824
33070,30034,32924,32853,31202,32981,37528,33112,35568,32660,37232,33594,25301,27024,24824,30399,29384,38330,33824
33277,30258,32903,33081,31997,32981,37528,33112,35568,32660,37232,33594,25301,27024,24824,30399,29384,38330,33824
33285,30567,32982,32899,31815,32981,37528,33112,35568,32660,37232,33594,25301,27024,24824,30399,29384,38330,33824
33666,31086,33027,33287,31888,32981,37528,33112,35568,32660,37232,33594,25301,27024,24824,30399,29384,38330,33824
34168,31380,32858,33298,31866,32981,37528,33112,35568,32660,37232,33594,25301,27024,24824,30399,29384,38330,33824
34038,31627,32882,33363,32067,32981,37528,33112,35568,32660,37232,33594,25301,27024,24824,30399,29384,38330,33824
33710,31725,32914,33675,34035,32752,37630,33088,35444,32508,37060,33712,25256,26656,23458,28936,27920,34298,33352
33208,31579,32927,33591,34725,32752,37630,33088,35444,32508,37060,33712,25256,26656,23458,28936,27920,34298,33352
32416,31869,33022,34164,35209,32752,37630,33088,35444,32508,37060,33712,25256,26656,23458,28936,27920,34298,33352
32074,31855,33029,34213,34619,32752,37630,33088,35444,32508,37060,33712,25256,26656,23458,28936,27920,34298,33352
32644,32014,33248,34868,32973,32752,37630,33088,35444,32508,37060,33712,25256,26656,23458,28936,27920,34298,33352
32999,31783,33376,35639,33000,32752,37630,33088,35444,32508,37060,33712,25256,26656,23458,28936,27920,34298,33352
33037,31747,33367,32898,34639,32752,37630,33088,35444,32508,37060,33712,25256,26656,23458,28936,27920,34298,33352
33247,31746,33382,26982,34015,32752,37630,33088,35444,32508,37060,33712,25256,26656,23458,28936,27920,34298,33352
33703,32142,33342,24083,33499,32752,37630,33088,35444,32508,37060,33712,25256,26656,23458,28936,27920,34298,33352
34037,31767,33348,22319,32662,32752,37630,33088,35444,32508,37060,33712,25256,26656,23458,28936,27920,34298,33352
34139,31308,33250,21470,31455,32647,37572,33016,35628,32472,36994,33564,25248,26116,22433,27176,31640,38916,32261
34023,31090,33071,21420,31143,32647,37572,33016,35628,32472,36994,33564,25248,26116,22433,27176,31640,38916,32261
33448,30657,32896,21593,32758,32647,37572,33016,35628,32472,36994,33564,25248,26116,22433,27176,31640,38916,32261
32677,30145,32742,22095,32690,32647,37572,33016,35628,32472,36994,33564,25248,26116,22433,27176,31640,38916,32261
32089,30180,32733,23139,33619,32647,37572,33016,35628,32472,36994,33564,25248,26116,22433,27176,31640,38916,32261
31758,30881,32819,24703,33087,32647,37572,33016,35628,32472,36994,33564,25248,26116,22433,27176,31640,38916,32261
32134,31195,32602,26653,32871,32647,37572,33016,35628,32472,36994,33564,25248,26116,22433,27176,31640,38916,32261
32432,31359,32660,28679,34631,32647,37572,33016,35628,32472,36994,33564,25248,26116,22433,27176,31640,38916,32261
32938,31482,32770,30839,34599,32647,37572,33016,35628,32472,36994,33564,25248,26116,22433,27176,31640,38916,32261
33079,31831,32796,33366,33667,32647,37572,33016,35628,32472,36994,33564,25248,26116,22433,27176,31640,38916,32261
32918,31901,32754,34867,31574,32700,37396,32928,35649,32377,36792,33700,25202,25808,21808,26142,28892,34976,29004
32762,32391,32748,36453,29634,32700,37396,32928,35649,32377,36792,33700,25202,25808,21808,26142,28892,34976,29004
32585,32108,32802,37703,29211,32700,37396,32928,35649,32377,36792,33700,25202,25808,21808,26142,28892,34976,29004
32712,32023,32882,38627,31971,32700,37396,32928,35649,32377,36792,33700,25202,25808,21808,26142,28892,34976,29004
32950,31620,32839,39574,32076,32700,37396,32928,35649,32377,36792,33700,25202,25808,21808,26142,28892,34976,29004
33492,31487,32583,40192,32869,32700,37396,32928,35649,32377,36792,33700,25202,25808,21808,26142,28892,34976,29004
33775,30439,32387,41463,31673,32700,37396,32928,35649,32377,36792,33700,25202,25808,21808,26142,28892,34976,29004
33570,29359,32339,41765,31981,32700,37396,32928,35649,32377,36792,33700,25202,25808,21808,26142,28892,34976,29004
33135,29061,32260,42431,32446,32700,37396,32928,35649,32377,36792,33700,25202,25808,21808,26142,28892,34976,29004
33084,29699,32327,42250,34242,32700,37396,32928,35649,32377,36792,33700,25202,25808,21808,26142,28892,34976,29004
32997,30267,32118,42279,34619,32766,37218,32644,35469,32420,36789,33476,25120,25444,21970,24500,29059,37822,29112
33225,31084,31847,41990,34249,32766,37218,32644,35469,32420,36789,33476,25120,25444,21970,24500,29059,37822,29112
33152,32188,31771,41842,33021,32766,37218,32644,35469,32420,36789,33476,25120,25444,21970,24500,29059,37822,29112
32676,33438,31924,41599,32306,32766,37218,32644,35469,32420,36789,33476,25120,25444,21970,24500,29059,37822,29112
32233,34235,32137,41043,32875,32766,37218,32644,35469,32420,36789,33476,25120,25444,21970,24500,29059,37822,29112
31996,35177,32135,39557,33438,32766,37218,32644,35469,32420,36789,33476,25120,25444,21970,24500,29059,37822,29112
32043,34909,31959,37963,34676,32766,37218,32644,35469,32420,36789,33476,25120,25444,21970,24500,29059,37822,29112
32032,34507,32071,36880,32014,32766,37218,32644,35469,32420,36789,33476,25120,25444,21970,24500,29059,37822,29112
31773,33015,32180,35111,31820,32766,37218,32644,35469,32420,36789,33476,25120,25444,21970,24500,29059,37822,29112
31654,31514,32279,34768,31305,32766,37218,32644,35469,32420,36789,33476,25120,25444,21970,24500,29059,37822,29112
31749,29445,32414,33567,33764,32780,37204,32464,35664,32452,36944,33380,25156,25844,22422,25360,29024,34825,28012
31966,27437,32557,33202,33364,32780,37204,32464,35664,32452,36944,33380,25156,25844,22422,25360,29024,34825,28012
32299,25635,32649,32819,33087,32780,37204,32464,35664,32452,36944,33380,25156,25844,22422,25360,29024,34825,28012
32504,25487,32541,32173,31284,32780,37204,32464,35664,32452,36944,33380,25156,25844,22422,25360,29024,34825,28012
32639,26807,32571,31404,31588,32780,37204,32464,35664,32452,36944,33380,25156,25844,22422,25360,29024,34825,28012
33007,28701,32685,30834,32106,32780,37204,32464,35664,32452,36944,33380,25156,25844,22422,25360,29024,34825,28012
33365,30665,32759,30361,33753,32780,37204,32464,35664,32452,36944,33380,25156,25844,22422,25360,29024,34825,28012
33833,33218,32774,30566,33195,32780,37204,32464,35664,32452,36944,33380,25156,25844,22422,25360,29024,34825,28012
33480,34735,32555,30646,33374,32780,37204,32464,35664,32452,36944,33380,25156,25844,22422,25360,29024,34825,28012
