32848,33206,32616,32535,32075,33404,36712,35500,34296,32392,37368,33676,32668,32764,25876,28085,26404,30545,26600
32787,33095,32679,32507,34724,33404,36712,35500,34296,32392,37368,33676,32668,32764,25876,28085,26404,30545,26600
32764,33298,32629,32558,33159,33404,36712,35500,34296,32392,37368,33676,32668,32764,25876,28085,26404,30545,26600
32800,33019,32675,32618,31407,33404,36712,35500,34296,32392,37368,33676,32668,32764,25876,28085,26404,30545,26600
32750,33308,32672,32500,33842,33404,36712,35500,34296,32392,37368,33676,32668,32764,25876,28085,26404,30545,26600
32709,32933,32676,32608,31332,33404,36712,35500,34296,32392,37368,33676,32668,32764,25876,28085,26404,30545,26600
32706,33134,32678,32818,32036,33404,36712,35500,34296,32392,37368,33676,32668,32764,25876,28085,26404,30545,26600
32735,32848,32740,32862,34552,33404,36712,35500,34296,32392,37368,33676,32668,32764,25876,28085,26404,30545,26600
32808,33223,32740,32854,31886,33404,36712,35500,34296,32392,37368,33676,32668,32764,25876,28085,26404,30545,26600
32752,33022,32794,32866,32934,33404,36712,35500,34296,32392,37368,33676,32668,32764,25876,28085,26404,30545,26600
32673,33248,32745,32732,33799,33200,36832,35392,34208,32332,37416,33772,32676,32751,26048,29436,26488,30670,27278
32759,33159,32804,32455,31675,33200,36832,35392,34208,32332,37416,33772,32676,32751,26048,29436,26488,30670,27278
32756,33385,32888,32364,33101,33200,36832,35392,34208,32332,37416,33772,32676,32751,26048,29436,26488,30670,27278
32802,33116,32386,32495,31928,33200,36832,35392,34208,32332,37416,33772,32676,32751,26048,29436,26488,30670,27278
32884,33369,32084,32311,32212,33200,36832,35392,34208,32332,37416,33772,32676,32751,26048,29436,26488,30670,27278
32799,33043,32517,32359,34586,33200,36832,35392,34208,32332,37416,33772,32676,32751,26048,29436,26488,30670,27278
32755,33322,32504,32275,32594,33200,36832,35392,34208,32332,37416,33772,32676,32751,26048,29436,26488,30670,27278
32762,32895,32311,31703,32144,33200,36832,35392,34208,32332,37416,33772,32676,32751,26048,29436,26488,30670,27278
32790,33319,33368,31268,34583,33200,36832,35392,34208,32332,37416,33772,32676,32751,26048,29436,26488,30670,27278
32744,32959,35153,31343,31928,33200,36832,35392,34208,32332,37416,33772,32676,32751,26048,29436,26488,30670,27278
32740,33076,33653,31926,32669,33056,36908,35266,34288,32236,37376,33744,32648,32760,26808,31384,26305,30876,29008
32741,32706,32786,32881,33866,33056,36908,35266,34288,32236,37376,33744,32648,32760,26808,31384,26305,30876,29008
32720,32912,32592,34301,29523,33056,36908,35266,34288,32236,37376,33744,32648,32760,26808,31384,26305,30876,29008
32704,32514,32274,35488,33418,33056,36908,35266,34288,32236,37376,33744,32648,32760,26808,31384,26305,30876,29008
32718,33180,32383,34801,33726,33056,36908,35266,34288,32236,37376,33744,32648,32760,26808,31384,26305,30876,29008
32714,33339,32604,34972,32567,33056,36908,35266,34288,32236,37376,33744,32648,32760,26808,31384,26305,30876,29008
32807,32957,32814,36660,33461,33056,36908,35266,34288,32236,37376,33744,32648,32760,26808,31384,26305,30876,29008
32812,32784,32802,35874,33780,33056,36908,35266,34288,32236,37376,33744,32648,32760,26808,31384,26305,30876,29008
32780,32849,32803,33637,31116,33056,36908,35266,34288,32236,37376,33744,32648,32760,26808,31384,26305,30876,29008
32801,33071,32876,33573,33452,33056,36908,35266,34288,32236,37376,33744,32648,32760,26808,31384,26305,30876,29008
32782,33334,32840,31975,30825,32944,36944,35162,34280,32193,37432,33716,32584,32759,27092,33189,27328,35008,30612
32774,32969,32879,31118,33257,32944,36944,35162,34280,32193,37432,33716,32584,32759,27092,33189,27328,35008,30612
32784,33407,32679,31143,32493,32944,36944,35162,34280,32193,37432,33716,32584,32759,27092,33189,27328,35008,30612
32737,32978,32684,31537,32306,32944,36944,35162,34280,32193,37432,33716,32584,32759,27092,33189,27328,35008,30612
32780,33113,32778,31894,34006,32944,36944,35162,34280,32193,37432,33716,32584,32759,27092,33189,27328,35008,30612
32846,33186,32832,32096,34588,32944,36944,35162,34280,32193,37432,33716,32584,32759,27092,33189,27328,35008,30612
32753,32916,32909,32317,32015,32944,36944,35162,34280,32193,37432,33716,32584,32759,27092,33189,27328,35008,30612
32797,33184,32856,32968,33820,32944,36944,35162,34280,32193,37432,33716,32584,32759,27092,33189,27328,35008,30612
32746,32882,32892,32957,31775,32944,36944,35162,34280,32193,37432,33716,32584,32759,27092,33189,27328,35008,30612
32748,33207,32916,33019,32722,32944,36944,35162,34280,32193,37432,33716,32584,32759,27092,33189,27328,35008,30612
32736,32989,32951,32783,33778,32834,36956,35188,34292,32148,37424,33704,32458,32760,27400,34336,29688,34420,32584
32728,33429,32820,33119,31700,32834,36956,35188,34292,32148,37424,33704,32458,32760,27400,34336,29688,34420,32584
32722,32861,32812,33168,33487,32834,36956,35188,34292,32148,37424,33704,32458,32760,27400,34336,29688,34420,32584
32776,33153,32796,32742,32459,32834,36956,35188,34292,32148,37424,33704,32458,32760,27400,34336,29688,34420,32584
32793,33053,32775,32521,32619,32834,36956,35188,34292,32148,37424,33704,32458,32760,27400,34336,29688,34420,32584
32802,33360,32706,32114,34116,32834,36956,35188,34292,32148,37424,33704,32458,32760,27400,34336,29688,34420,32584
32752,33008,32660,32227,32142,32834,36956,35188,34292,32148,37424,33704,32458,32760,27400,34336,29688,34420,32584
32743,33325,32602,32626,32517,32834,36956,35188,34292,32148,37424,33704,32458,32760,27400,34336,29688,34420,32584
32740,33066,32630,32738,32681,32834,36956,35188,34292,32148,37424,33704,32458,32760,27400,34336,29688,34420,32584
32710,33103,32905,32867,31942,32834,36956,35188,34292,32148,37424,33704,32458,32760,27400,34336,29688,34420,32584
32719,32951,32936,32746,33454,32788,37004,35258,34148,32096,37354,33614,32556,32757,27688,35428,29710,34248,32512
32756,33073,32967,32608,32780,32788,37004,35258,34148,32096,37354,33614,32556,32757,27688,35428,29710,34248,32512
32754,32969,32865,32741,31721,32788,37004,35258,34148,32096,37354,33614,32556,32757,27688,35428,29710,34248,32512
32802,33031,32895,32505,34545,32788,37004,35258,34148,32096,37354,33614,32556,32757,27688,35428,29710,34248,32512
32812,33252,33019,32748,32229,32788,37004,35258,34148,32096,37354,33614,32556,32757,27688,35428,29710,34248,32512
32762,32882,32909,32818,32704,32788,37004,35258,34148,32096,37354,33614,32556,32757,27688,35428,29710,34248,32512
32775,33220,32779,32651,33449,32788,37004,35258,34148,32096,37354,33614,32556,32757,27688,35428,29710,34248,32512
32636,32874,32728,32841,31282,32788,37004,35258,34148,32096,37354,33614,32556,32757,27688,35428,29710,34248,32512
32634,33126,32697,32812,33908,32788,37004,35258,34148,32096,37354,33614,32556,32757,27688,35428,29710,34248,32512
32697,32989,32664,32818,31861,32788,37004,35258,34148,32096,37354,33614,32556,32757,27688,35428,29710,34248,32512
32744,33060,32633,33015,32118,32836,36968,35296,34132,32120,37333,33554,32506,32761,28549,35305,26616,32600,31405
32785,33026,32566,33152,34158,32836,36968,35296,34132,32120,37333,33554,32506,32761,28549,35305,26616,32600,31405
32780,33170,32604,32885,32466,32836,36968,35296,34132,32120,37333,33554,32506,32761,28549,35305,26616,32600,31405
32722,32871,32715,32787,32836,32836,36968,35296,34132,32120,37333,33554,32506,32761,28549,35305,26616,32600,31405
32736,33302,32775,32499,33144,32836,36968,35296,34132,32120,37333,33554,32506,32761,28549,35305,26616,32600,31405
32725,32998,32882,32135,30969,32836,36968,35296,34132,32120,37333,33554,32506,32761,28549,35305,26616,32600,31405
32818,33218,32811,32263,34311,32836,36968,35296,34132,32120,37333,33554,32506,32761,28549,35305,26616,32600,31405
32744,32966,32856,32795,32406,32836,36968,35296,34132,32120,37333,33554,32506,32761,28549,35305,26616,32600,31405
32738,33008,32793,32722,32559,32836,36968,35296,34132,32120,37333,33554,32506,32761,28549,35305,26616,32600,31405
32656,33298,32859,32803,32195,32836,36968,35296,34132,32120,37333,33554,32506,32761,28549,35305,26616,32600,31405
32727,32989,32968,33123,34790,32993,37012,35356,34208,32116,37330,33540,32488,32760,29184,36256,27328,30149,32196
32777,33287,32919,32937,32879,32993,37012,35356,34208,32116,37330,33540,32488,32760,29184,36256,27328,30149,32196
32772,32951,32933,33040,32663,32993,37012,35356,34208,32116,37330,33540,32488,32760,29184,36256,27328,30149,32196
32804,33356,32848,33159,33068,32993,37012,35356,34208,32116,37330,33540,32488,32760,29184,36256,27328,30149,32196
32824,33102,32726,32916,31791,32993,37012,35356,34208,32116,37330,33540,32488,32760,29184,36256,27328,30149,32196
32755,33142,32644,33188,34184,32993,37012,35356,34208,32116,37330,33540,32488,32760,29184,36256,27328,30149,32196
32741,33041,32677,33110,33362,32993,37012,35356,34208,32116,37330,33540,32488,32760,29184,36256,27328,30149,32196
32828,33158,32605,32780,31451,32993,37012,35356,34208,32116,37330,33540,32488,32760,29184,36256,27328,30149,32196
32763,32900,32650,32895,33083,32993,37012,35356,34208,32116,37330,33540,32488,32760,29184,36256,27328,30149,32196
32791,33067,32672,32851,30481,32993,37012,35356,34208,32116,37330,33540,32488,32760,29184,36256,27328,30149,32196
32860,33295,32809,32705,33742,33232,37028,35296,34128,32114,37304,33428,32456,32760,29176,35344,30116,33393,35716
32767,33026,32828,32843,35036,33232,37028,35296,34128,32114,37304,33428,32456,32760,29176,35344,30116,33393,35716
32720,32953,32896,32815,33592,33232,37028,35296,34128,32114,37304,33428,32456,32760,29176,35344,30116,33393,35716
32705,33225,32820,32905,32264,33232,37028,35296,34128,32114,37304,33428,32456,32760,29176,35344,30116,33393,35716
32779,32941,32790,32859,33905,33232,37028,35296,34128,32114,37304,33428,32456,32760,29176,35344,30116,33393,35716
32775,33222,32882,32726,30322,33232,37028,35296,34128,32114,37304,33428,32456,32760,29176,35344,30116,33393,35716
32828,33011,32848,32846,33519,33232,37028,35296,34128,32114,37304,33428,32456,32760,29176,35344,30116,33393,35716
33020,33014,32741,32867,33233,33232,37028,35296,34128,32114,37304,33428,32456,32760,29176,35344,30116,33393,35716
33177,33038,32788,32732,32054,33232,37028,35296,34128,32114,37304,33428,32456,32760,29176,35344,30116,33393,35716
33048,33087,32908,32639,33756,33232,37028,35296,34128,32114,37304,33428,32456,32760,29176,35344,30116,33393,35716
32826,33154,32836,32711,30929,33480,37012,35218,34114,32094,37332,33314,32323,32757,29100,34864,27641,34280,35672
32672,32850,32866,32882,33592,33480,37012,35218,34114,32094,37332,33314,32323,32757,29100,34864,27641,34280,35672
32573,33145,32844,32732,33493,33480,37012,35218,34114,32094,37332,33314,32323,32757,29100,34864,27641,34280,35672
32582,32839,32729,32671,32611,33480,37012,35218,34114,32094,37332,33314,32323,32757,29100,34864,27641,34280,35672
32491,33232,32519,32741,33074,33480,37012,35218,34114,32094,37332,33314,32323,32757,29100,34864,27641,34280,35672
32496,33238,32501,32925,34240,33480,37012,35218,34114,32094,37332,33314,32323,32757,29100,34864,27641,34280,35672
32534,32976,32603,32873,31474,33480,37012,35218,34114,32094,37332,33314,32323,32757,29100,34864,27641,34280,35672
32676,33215,32657,32848,33527,33480,37012,35218,34114,32094,37332,33314,32323,32757,29100,34864,27641,34280,35672
32714,33150,32691,32622,32779,33480,37012,35218,34114,32094,37332,33314,32323,32757,29100,34864,27641,34280,35672
32766,32903,32704,32586,31250,33480,37012,35218,34114,32094,37332,33314,32323,32757,29100,34864,27641,34280,35672
32836,33281,32872,32767,33760,33648,37050,35208,34259,32160,37332,33216,32400,32760,28868,34384,26201,30110,32756
32884,33096,32856,32877,32298,33648,37050,35208,34259,32160,37332,33216,32400,32760,28868,34384,26201,30110,32756
32762,32891,32918,32703,32512,33648,37050,35208,34259,32160,37332,33216,32400,32760,28868,34384,26201,30110,32756
32836,33204,32954,32626,35046,33648,37050,35208,34259,32160,37332,33216,32400,32760,28868,34384,26201,30110,32756
32752,32863,32911,32901,31995,33648,37050,35208,34259,32160,37332,33216,32400,32760,28868,34384,26201,30110,32756
32772,33228,32926,32819,33057,33648,37050,35208,34259,32160,37332,33216,32400,32760,28868,34384,26201,30110,32756
32760,32872,32911,32721,33850,33648,37050,35208,34259,32160,37332,33216,32400,32760,28868,34384,26201,30110,32756
32772,33122,32895,32665,30877,33648,37050,35208,34259,32160,37332,33216,32400,32760,28868,34384,26201,30110,32756
32786,33083,32935,32768,33724,33648,37050,35208,34259,32160,37332,33216,32400,32760,28868,34384,26201,30110,32756
32766,32940,32915,32892,33941,33648,37050,35208,34259,32160,37332,33216,32400,32760,28868,34384,26201,30110,32756
32804,33188,32908,32864,30271,33778,37060,35130,34116,32308,37314,33282,32364,32757,28232,31906,26756,30392,32553
32790,32952,32853,32787,31376,33778,37060,35130,34116,32308,37314,33282,32364,32757,28232,31906,26756,30392,32553
32773,33150,32838,32744,34013,33778,37060,35130,34116,32308,37314,33282,32364,32757,28232,31906,26756,30392,32553
32768,33042,32802,32820,30938,33778,37060,35130,34116,32308,37314,33282,32364,32757,28232,31906,26756,30392,32553
32712,32979,32796,32994,33255,33778,37060,35130,34116,32308,37314,33282,32364,32757,28232,31906,26756,30392,32553
32704,33076,32818,33017,33969,33778,37060,35130,34116,32308,37314,33282,32364,32757,28232,31906,26756,30392,32553
32600,33108,32797,32957,32447,33778,37060,35130,34116,32308,37314,33282,32364,32757,28232,31906,26756,30392,32553
32527,32875,32886,33060,34797,33778,37060,35130,34116,32308,37314,33282,32364,32757,28232,31906,26756,30392,32553
32720,33245,32978,32618,32452,33778,37060,35130,34116,32308,37314,33282,32364,32757,28232,31906,26756,30392,32553
32674,32923,32970,32329,32476,33778,37060,35130,34116,32308,37314,33282,32364,32757,28232,31906,26756,30392,32553
32856,33344,32980,32197,32192,33884,37032,35116,34122,32516,37300,33424,32244,32756,25124,28426,26344,31044,34092
33032,33252,33002,32624,31993,33884,37032,35116,34122,32516,37300,33424,32244,32756,25124,28426,26344,31044,34092
33107,33360,32805,33034,32672,33884,37032,35116,34122,32516,37300,33424,32244,32756,25124,28426,26344,31044,34092
32953,33191,32744,33124,35154,33884,37032,35116,34122,32516,37300,33424,32244,32756,25124,28426,26344,31044,34092
32924,33052,32654,33089,32722,33884,37032,35116,34122,32516,37300,33424,32244,32756,25124,28426,26344,31044,34092
32994,33234,32699,32775,33422,33884,37032,35116,34122,32516,37300,33424,32244,32756,25124,28426,26344,31044,34092
33038,33164,32710,32381,33350,33884,37032,35116,34122,32516,37300,33424,32244,32756,25124,28426,26344,31044,34092
33161,32935,32752,32775,31396,33884,37032,35116,34122,32516,37300,33424,32244,32756,25124,28426,26344,31044,34092
32996,32969,32775,32978,33767,33884,37032,35116,34122,32516,37300,33424,32244,32756,25124,28426,26344,31044,34092
32877,32975,32805,32870,33200,33884,37032,35116,34122,32516,37300,33424,32244,32756,25124,28426,26344,31044,34092
32598,33290,32796,33147,31919,33970,36924,35068,34276,32691,37328,33584,32290,32760,23361,25964,29892,33614,32560
32364,32902,32784,32925,33544,33970,36924,35068,34276,32691,37328,33584,32290,32760,23361,25964,29892,33614,32560
32275,33225,32775,32820,32632,33970,36924,35068,34276,32691,37328,33584,32290,32760,23361,25964,29892,33614,32560
32464,32850,32853,32942,32270,33970,36924,35068,34276,32691,37328,33584,32290,32760,23361,25964,29892,33614,32560
32486,33238,32916,32887,32788,33970,36924,35068,34276,32691,37328,33584,32290,32760,23361,25964,29892,33614,32560
32639,32933,32924,32673,32798,33970,36924,35068,34276,32691,37328,33584,32290,32760,23361,25964,29892,33614,32560
32699,33148,32928,32876,33756,33970,36924,35068,34276,32691,37328,33584,32290,32760,23361,25964,29892,33614,32560
32769,32976,32839,32848,34789,33970,36924,35068,34276,32691,37328,33584,32290,32760,23361,25964,29892,33614,32560
32802,33225,32804,32771,31340,33970,36924,35068,34276,32691,37328,33584,32290,32760,23361,25964,29892,33614,32560
32818,33027,32775,32911,33700,33970,36924,35068,34276,32691,37328,33584,32290,32760,23361,25964,29892,33614,32560
32811,33027,32893,32916,31984,34044,36794,35024,34296,32714,37344,33808,32240,32760,23776,26493,29388,36076,31258
32756,33100,32827,32857,32406,34044,36794,35024,34296,32714,37344,33808,32240,32760,23776,26493,29388,36076,31258
32799,32927,32860,32650,34141,34044,36794,35024,34296,32714,37344,33808,32240,32760,23776,26493,29388,36076,31258
32730,33221,32845,32759,33764,34044,36794,35024,34296,32714,37344,33808,32240,32760,23776,26493,29388,36076,31258
32747,32936,32830,32629,31325,34044,36794,35024,34296,32714,37344,33808,32240,32760,23776,26493,29388,36076,31258
32814,33247,32828,32658,34175,34044,36794,35024,34296,32714,37344,33808,32240,32760,23776,26493,29388,36076,31258
32744,32919,32804,32682,29615,34044,36794,35024,34296,32714,37344,33808,32240,32760,23776,26493,29388,36076,31258
32768,33249,32795,32608,33205,34044,36794,35024,34296,32714,37344,33808,32240,32760,23776,26493,29388,36076,31258
32762,33038,32962,32739,32338,34044,36794,35024,34296,32714,37344,33808,32240,32760,23776,26493,29388,36076,31258
32804,33097,32854,32819,31679,34044,36794,35024,34296,32714,37344,33808,32240,32760,23776,26493,29388,36076,31258
32774,33212,32849,32938,34950,34093,36652,35108,34156,32712,37368,34016,32168,32761,23889,25690,28928,32664,30647
32748,32916,32857,33016,32130,34093,36652,35108,34156,32712,37368,34016,32168,32761,23889,25690,28928,32664,30647
32740,33227,32857,32930,31873,34093,36652,35108,34156,32712,37368,34016,32168,32761,23889,25690,28928,32664,30647
32748,32962,32813,33155,32712,34093,36652,35108,34156,32712,37368,34016,32168,32761,23889,25690,28928,32664,30647
32732,32933,32804,33058,33747,34093,36652,35108,34156,32712,37368,34016,32168,32761,23889,25690,28928,32664,30647
32754,33073,32897,33061,32274,34093,36652,35108,34156,32712,37368,34016,32168,32761,23889,25690,28928,32664,30647
32790,33040,32868,33068,34957,34093,36652,35108,34156,32712,37368,34016,32168,32761,23889,25690,28928,32664,30647
32788,33083,32892,32519,31904,34093,36652,35108,34156,32712,37368,34016,32168,32761,23889,25690,28928,32664,30647
32988,32891,32896,32715,33312,34093,36652,35108,34156,32712,37368,34016,32168,32761,23889,25690,28928,32664,30647
32996,33076,32873,32761,31384,34093,36652,35108,34156,32712,37368,34016,32168,32761,23889,25690,28928,32664,30647
32929,33206,32909,32479,33043,34038,36528,35296,34162,32644,37282,34178,32024,32757,22467,23405,28152,37301,32041
32812,33159,32966,32368,33854,34038,36528,35296,34162,32644,37282,34178,32024,32757,22467,23405,28152,37301,32041
32772,33096,32964,32327,34084,34038,36528,35296,34162,32644,37282,34178,32024,32757,22467,23405,28152,37301,32041
32706,33426,33032,32413,32175,34038,36528,35296,34162,32644,37282,34178,32024,32757,22467,23405,28152,37301,32041
32698,33022,32902,32769,31939,34038,36528,35296,34162,32644,37282,34178,32024,32757,22467,23405,28152,37301,32041
32654,33255,32938,32854,32072,34038,36528,35296,34162,32644,37282,34178,32024,32757,22467,23405,28152,37301,32041
32612,33081,32944,32872,31498,34038,36528,35296,34162,32644,37282,34178,32024,32757,22467,23405,28152,37301,32041
32606,33029,32884,33262,35855,34038,36528,35296,34162,32644,37282,34178,32024,32757,22467,23405,28152,37301,32041
32548,33325,32844,33176,32979,34038,36528,35296,34162,32644,37282,34178,32024,32757,22467,23405,28152,37301,32041
32416,32941,32866,32930,32540,34038,36528,35296,34162,32644,37282,34178,32024,32757,22467,23405,28152,37301,32041
32599,33298,32929,32876,33695,33980,36392,35372,34124,32516,37216,34241,31954,32757,21348,22348,26496,33432,28564
32803,33122,33055,33146,32589,33980,36392,35372,34124,32516,37216,34241,31954,32757,21348,22348,26496,33432,28564
32864,33014,32980,33066,32394,33980,36392,35372,34124,32516,37216,34241,31954,32757,21348,22348,26496,33432,28564
32856,33192,32916,32789,33794,33980,36392,35372,34124,32516,37216,34241,31954,32757,21348,22348,26496,33432,28564
32840,32842,32568,32784,32692,33980,36392,35372,34124,32516,37216,34241,31954,32757,21348,22348,26496,33432,28564
32850,33223,32471,32933,33732,33980,36392,35372,34124,32516,37216,34241,31954,32757,21348,22348,26496,33432,28564
32788,33046,32439,32775,34015,33980,36392,35372,34124,32516,37216,34241,31954,32757,21348,22348,26496,33432,28564
32704,32852,32098,33017,31419,33980,36392,35372,34124,32516,37216,34241,31954,32757,21348,22348,26496,33432,28564
32812,33063,32164,32890,33394,33980,36392,35372,34124,32516,37216,34241,31954,32757,21348,22348,26496,33432,28564
32784,33003,33043,32592,30978,33980,36392,35372,34124,32516,37216,34241,31954,32757,21348,22348,26496,33432,28564
32860,33229,34082,32768,32820,33960,36296,35442,34224,32600,37129,34322,31980,32760,22914,24736,26754,33596,28040
32801,32911,33613,32443,34539,33960,36296,35442,34224,32600,37129,34322,31980,32760,22914,24736,26754,33596,28040
32797,33095,33038,32587,32007,33960,36296,35442,34224,32600,37129,34322,31980,32760,22914,24736,26754,33596,28040
32704,32858,32879,32501,32796,33960,36296,35442,34224,32600,37129,34322,31980,32760,22914,24736,26754,33596,28040
32652,33289,32976,32492,33387,33960,36296,35442,34224,32600,37129,34322,31980,32760,22914,24736,26754,33596,28040
32632,33262,32708,32512,30925,33960,36296,35442,34224,32600,37129,34322,31980,32760,22914,24736,26754,33596,28040
32585,32985,32647,32780,35363,33960,36296,35442,34224,32600,37129,34322,31980,32760,22914,24736,26754,33596,28040
32660,33300,32679,33125,33852,33960,36296,35442,34224,32600,37129,34322,31980,32760,22914,24736,26754,33596,28040
32745,32829,32818,32903,32079,33960,36296,35442,34224,32600,37129,34322,31980,32760,22914,24736,26754,33596,28040
32768,33101,32848,33101,32979,33960,36296,35442,34224,32600,37129,34322,31980,32760,22914,24736,26754,33596,28040
32757,32766,32788,33236,31887,33960,36226,35556,34088,32716,37024,34406,31840,32760,23832,27428,26424,34000,29549
32778,32828,32885,32869,32494,33960,36226,35556,34088,32716,37024,34406,31840,32760,23832,27428,26424,34000,29549
32760,33184,32911,32409,33670,33960,36226,35556,34088,32716,37024,34406,31840,32760,23832,27428,26424,34000,29549
32802,33075,32808,32355,32951,33960,36226,35556,34088,32716,37024,34406,31840,32760,23832,27428,26424,34000,29549
32811,33477,32850,32789,33523,33960,36226,35556,34088,32716,37024,34406,31840,32760,23832,27428,26424,34000,29549
32754,33081,32976,33086,32102,33960,36226,35556,34088,32716,37024,34406,31840,32760,23832,27428,26424,34000,29549
32742,32993,33027,33124,31247,33960,36226,35556,34088,32716,37024,34406,31840,32760,23832,27428,26424,34000,29549
32728,33187,33047,32969,34293,33960,36226,35556,34088,32716,37024,34406,31840,32760,23832,27428,26424,34000,29549
32916,33038,33052,32710,33315,33960,36226,35556,34088,32716,37024,34406,31840,32760,23832,27428,26424,34000,29549
32892,33341,32994,32965,32525,33960,36226,35556,34088,32716,37024,34406,31840,32760,23832,27428,26424,34000,29549
33054,33026,32896,32841,32967,33842,36240,35552,34060,32732,36992,34249,31888,32760,24990,31068,26807,34180,26972
33088,33198,32932,32669,31642,33842,36240,35552,34060,32732,36992,34249,31888,32760,24990,31068,26807,34180,26972
32924,32946,32854,32860,33184,33842,36240,35552,34060,32732,36992,34249,31888,32760,24990,31068,26807,34180,26972
32755,33248,32850,32835,33268,33842,36240,35552,34060,32732,36992,34249,31888,32760,24990,31068,26807,34180,26972
32634,33041,32787,32634,32130,33842,36240,35552,34060,32732,36992,34249,31888,32760,24990,31068,26807,34180,26972
32669,32939,32754,32685,33865,33842,36240,35552,34060,32732,36992,34249,31888,32760,24990,31068,26807,34180,26972
32772,33183,32809,32687,32922,33842,36240,35552,34060,32732,36992,34249,31888,32760,24990,31068,26807,34180,26972
32740,33117,32790,32840,31577,33842,36240,35552,34060,32732,36992,34249,31888,32760,24990,31068,26807,34180,26972
32574,32930,32752,32787,34393,33842,36240,35552,34060,32732,36992,34249,31888,32760,24990,31068,26807,34180,26972
32596,33000,32863,32719,32579,33842,36240,35552,34060,32732,36992,34249,31888,32760,24990,31068,26807,34180,26972
32940,32941,32925,32867,32281,33776,36384,35348,34021,32576,36984,34065,31864,32760,25464,35128,27440,34760,28456
32840,33168,32946,32752,34040,33776,36384,35348,34021,32576,36984,34065,31864,32760,25464,35128,27440,34760,28456
32564,32877,32779,32736,31657,33776,36384,35348,34021,32576,36984,34065,31864,32760,25464,35128,27440,34760,28456
32492,33260,32660,32813,32842,33776,36384,35348,34021,32576,36984,34065,31864,32760,25464,35128,27440,34760,28456
32585,32901,32639,32374,31881,33776,36384,35348,34021,32576,36984,34065,31864,32760,25464,35128,27440,34760,28456
32534,33280,32665,32366,32089,33776,36384,35348,34021,32576,36984,34065,31864,32760,25464,35128,27440,34760,28456
32496,32892,32692,32727,34771,33776,36384,35348,34021,32576,36984,34065,31864,32760,25464,35128,27440,34760,28456
32558,33217,32567,32673,32284,33776,36384,35348,34021,32576,36984,34065,31864,32760,25464,35128,27440,34760,28456
32689,32871,32594,33114,32696,33776,36384,35348,34021,32576,36984,34065,31864,32760,25464,35128,27440,34760,28456
32730,32880,32626,32930,34311,33776,36384,35348,34021,32576,36984,34065,31864,32760,25464,35128,27440,34760,28456
32813,33325,32683,33101,31646,33632,36572,35308,34049,32316,36972,33880,31792,32760,24557,34912,27536,35464,29760
32782,33036,32676,32860,33880,33632,36572,35308,34049,32316,36972,33880,31792,32760,24557,34912,27536,35464,29760
32802,33240,32687,32989,34863,33632,36572,35308,34049,32316,36972,33880,31792,32760,24557,34912,27536,35464,29760
32864,33043,32694,33100,31728,33632,36572,35308,34049,32316,36972,33880,31792,32760,24557,34912,27536,35464,29760
32786,33370,32757,32848,34008,33632,36572,35308,34049,32316,36972,33880,31792,32760,24557,34912,27536,35464,29760
32813,33036,32724,32879,32518,33632,36572,35308,34049,32316,36972,33880,31792,32760,24557,34912,27536,35464,29760
32883,33200,32788,32822,31204,33632,36572,35308,34049,32316,36972,33880,31792,32760,24557,34912,27536,35464,29760
32877,32896,32802,32900,33392,33632,36572,35308,34049,32316,36972,33880,31792,32760,24557,34912,27536,35464,29760
32824,33142,32790,32726,32135,33632,36572,35308,34049,32316,36972,33880,31792,32760,24557,34912,27536,35464,29760
32840,32945,32639,32782,32778,33632,36572,35308,34049,32316,36972,33880,31792,32760,24557,34912,27536,35464,29760
32776,33204,32711,32889,33285,33528,36745,35504,34012,32072,37112,33636,31741,32757,22825,33546,25860,36232,25535
32819,32896,32620,32689,30874,33528,36745,35504,34012,32072,37112,33636,31741,32757,22825,33546,25860,36232,25535
32813,33253,32669,32962,33799,33528,36745,35504,34012,32072,37112,33636,31741,32757,22825,33546,25860,36232,25535
32808,32977,32601,32752,31953,33528,36745,35504,34012,32072,37112,33636,31741,32757,22825,33546,25860,36232,25535
32754,33182,32515,32858,32442,33528,36745,35504,34012,32072,37112,33636,31741,32757,22825,33546,25860,36232,25535
32844,32967,32576,32964,34692,33528,36745,35504,34012,32072,37112,33636,31741,32757,22825,33546,25860,36232,25535
32810,33303,32516,32750,32070,33528,36745,35504,34012,32072,37112,33636,31741,32757,22825,33546,25860,36232,25535
32831,32989,32551,33010,32520,33528,36745,35504,34012,32072,37112,33636,31741,32757,22825,33546,25860,36232,25535
32743,33256,32665,32775,32583,33528,36745,35504,34012,32072,37112,33636,31741,32757,22825,33546,25860,36232,25535
32796,32952,32824,32873,32132,33528,36745,35504,34012,32072,37112,33636,31741,32757,22825,33546,25860,36232,25535
32788,33344,32748,32696,33935,33538,37154,35432,33964,32018,37176,33526,31692,32756,22028,35208,26484,37776,39916
32802,33044,32775,32763,34051,33538,37154,35432,33964,32018,37176,33526,31692,32756,22028,35208,26484,37776,39916
32794,33220,32768,32197,32066,33538,37154,35432,33964,32018,37176,33526,31692,32756,22028,35208,26484,37776,39916
32812,33395,32618,32096,33812,33538,37154,35432,33964,32018,37176,33526,31692,32756,22028,35208,26484,37776,39916
32774,32958,32647,32620,31862,33538,37154,35432,33964,32018,37176,33526,31692,32756,22028,35208,26484,37776,39916
32832,33124,32710,33264,32099,33538,37154,35432,33964,32018,37176,33526,31692,32756,22028,35208,26484,37776,39916
32897,32933,32824,33257,34335,33538,37154,35432,33964,32018,37176,33526,31692,32756,22028,35208,26484,37776,39916
33018,33371,32767,32974,31352,33538,37154,35432,33964,32018,37176,33526,31692,32756,22028,35208,26484,37776,39916
33090,33069,32873,33088,33195,33538,37154,35432,33964,32018,37176,33526,31692,32756,22028,35208,26484,37776,39916
32965,33221,32931,32904,32613,33538,37154,35432,33964,32018,37176,33526,31692,32756,22028,35208,26484,37776,39916
32942,33026,32674,33149,31316,33548,37324,34702,34024,32044,36952,33280,31620,32760,22228,37536,27570,44736,36252
32906,33264,32668,32585,33623,33548,37324,34702,34024,32044,36952,33280,31620,32760,22228,37536,27570,44736,36252
32907,33175,32692,32528,31543,33548,37324,34702,34024,32044,36952,33280,31620,32760,22228,37536,27570,44736,36252
32850,33146,32917,32465,33472,33548,37324,34702,34024,32044,36952,33280,31620,32760,22228,37536,27570,44736,36252
32737,33300,32962,32859,33425,33548,37324,34702,34024,32044,36952,33280,31620,32760,22228,37536,27570,44736,36252
32834,32980,32974,32673,31912,33548,37324,34702,34024,32044,36952,33280,31620,32760,22228,37536,27570,44736,36252
32742,33073,32881,32650,34265,33548,37324,34702,34024,32044,36952,33280,31620,32760,22228,37536,27570,44736,36252
32665,32745,32764,32323,32899,33548,37324,34702,34024,32044,36952,33280,31620,32760,22228,37536,27570,44736,36252
32202,33046,32707,32608,31878,33548,37324,34702,34024,32044,36952,33280,31620,32760,22228,37536,27570,44736,36252
31945,32605,32745,33116,34640,33548,37324,34702,34024,32044,36952,33280,31620,32760,22228,37536,27570,44736,36252
32032,33031,32655,33188,32509,33496,37288,33880,34144,32169,37060,33010,31468,32767,22304,41656,26664,43916,33656
32324,32884,32631,33131,31982,33496,37288,33880,34144,32169,37060,33010,31468,32767,22304,41656,26664,43916,33656
32688,33094,32569,32873,33975,33496,37288,33880,34144,32169,37060,33010,31468,32767,22304,41656,26664,43916,33656
33154,32731,32681,32530,31756,33496,37288,33880,34144,32169,37060,33010,31468,32767,22304,41656,26664,43916,33656
33015,33172,32831,32746,33268,33496,37288,33880,34144,32169,37060,33010,31468,32767,22304,41656,26664,43916,33656
32945,33094,32846,32931,34804,33496,37288,33880,34144,32169,37060,33010,31468,32767,22304,41656,26664,43916,33656
33318,33152,32895,33327,32199,33496,37288,33880,34144,32169,37060,33010,31468,32767,22304,41656,26664,43916,33656
33478,32975,32937,32974,33380,33496,37288,33880,34144,32169,37060,33010,31468,32767,22304,41656,26664,43916,33656
33368,33054,32891,33025,32476,33496,37288,33880,34144,32169,37060,33010,31468,32767,22304,41656,26664,43916,33656
33336,33063,32907,32889,31168,33496,37288,33880,34144,32169,37060,33010,31468,32767,22304,41656,26664,43916,33656
33057,33156,32876,32620,33911,33530,37316,33758,34096,32312,37256,32900,31446,32755,22943,46276,26580,42812,32968
32868,33129,33010,33132,32087,33530,37316,33758,34096,32312,37256,32900,31446,32755,22943,46276,26580,42812,32968
32812,33549,32959,33112,32506,33530,37316,33758,34096,32312,37256,32900,31446,32755,22943,46276,26580,42812,32968
32592,33182,33009,33219,33656,33530,37316,33758,34096,32312,37256,32900,31446,32755,22943,46276,26580,42812,32968
32541,33535,32922,33078,31588,33530,37316,33758,34096,32312,37256,32900,31446,32755,22943,46276,26580,42812,32968
32628,33367,32914,32184,33712,33530,37316,33758,34096,32312,37256,32900,31446,32755,22943,46276,26580,42812,32968
32856,33841,33064,31922,32695,33530,37316,33758,34096,32312,37256,32900,31446,32755,22943,46276,26580,42812,32968
32596,33431,33044,32093,32381,33530,37316,33758,34096,32312,37256,32900,31446,32755,22943,46276,26580,42812,32968
32187,32995,32992,32239,34119,33530,37316,33758,34096,32312,37256,32900,31446,32755,22943,46276,26580,42812,32968
32044,32748,32621,33364,32468,33530,37316,33758,34096,32312,37256,32900,31446,32755,22943,46276,26580,42812,32968
32246,31491,32484,34141,32204,33574,37482,33888,33924,32427,37364,33016,31296,32757,25065,46192,29660,37920,31508
32212,30853,32478,34114,34070,33574,37482,33888,33924,32427,37364,33016,31296,32757,25065,46192,29660,37920,31508
32174,31232,32468,33674,31566,33574,37482,33888,33924,32427,37364,33016,31296,32757,25065,46192,29660,37920,31508
32320,32175,32549,32385,33233,33574,37482,33888,33924,32427,37364,33016,31296,32757,25065,46192,29660,37920,31508
32614,33380,32722,30996,33027,33574,37482,33888,33924,32427,37364,33016,31296,32757,25065,46192,29660,37920,31508
32993,33460,32950,31079,31563,33574,37482,33888,33924,32427,37364,33016,31296,32757,25065,46192,29660,37920,31508
33186,33091,32862,32224,33991,33574,37482,33888,33924,32427,37364,33016,31296,32757,25065,46192,29660,37920,31508
33236,33439,32902,32980,32588,33574,37482,33888,33924,32427,37364,33016,31296,32757,25065,46192,29660,37920,31508
33440,32891,33005,33129,31816,33574,37482,33888,33924,32427,37364,33016,31296,32757,25065,46192,29660,37920,31508
33400,33239,33000,33531,33914,33574,37482,33888,33924,32427,37364,33016,31296,32757,25065,46192,29660,37920,31508
33408,33237,32975,33208,32285,33576,37684,33728,34034,32400,37356,33144,31204,32760,25958,44741,29644,41189,35272
33260,33583,32910,31892,33132,33576,37684,33728,34034,32400,37356,33144,31204,32760,25958,44741,29644,41189,35272
32904,33385,32763,32614,34080,33576,37684,33728,34034,32400,37356,33144,31204,32760,25958,44741,29644,41189,35272
32484,33415,32729,33401,32099,33576,37684,33728,34034,32400,37356,33144,31204,32760,25958,44741,29644,41189,35272
32146,32983,32759,33736,33881,33576,37684,33728,34034,32400,37356,33144,31204,32760,25958,44741,29644,41189,35272
32088,33399,32838,33454,32906,33576,37684,33728,34034,32400,37356,33144,31204,32760,25958,44741,29644,41189,35272
32274,33228,32903,33409,31601,33576,37684,33728,34034,32400,37356,33144,31204,32760,25958,44741,29644,41189,35272
32469,33601,32878,32928,34041,33576,37684,33728,34034,32400,37356,33144,31204,32760,25958,44741,29644,41189,35272
32490,33373,32898,32790,32005,33576,37684,33728,34034,32400,37356,33144,31204,32760,25958,44741,29644,41189,35272
32338,32984,32875,32794,32466,33576,37684,33728,34034,32400,37356,33144,31204,32760,25958,44741,29644,41189,35272
32370,33234,32775,32804,33230,33657,37458,33441,34004,32324,37356,33131,30933,32759,23908,38024,27945,47060,35320
32448,33047,32774,32787,31648,33657,37458,33441,34004,32324,37356,33131,30933,32759,23908,38024,27945,47060,35320
32512,33254,32766,32422,33556,33657,37458,33441,34004,32324,37356,33131,30933,32759,23908,38024,27945,47060,35320
32877,32990,32937,32474,33510,33657,37458,33441,34004,32324,37356,33131,30933,32759,23908,38024,27945,47060,35320
33268,33076,32973,32749,31565,33657,37458,33441,34004,32324,37356,33131,30933,32759,23908,38024,27945,47060,35320
33603,32775,32800,32692,33834,33657,37458,33441,34004,32324,37356,33131,30933,32759,23908,38024,27945,47060,35320
33572,32929,32732,32832,32123,33657,37458,33441,34004,32324,37356,33131,30933,32759,23908,38024,27945,47060,35320
33432,32838,32775,32669,32086,33657,37458,33441,34004,32324,37356,33131,30933,32759,23908,38024,27945,47060,35320
33260,33272,32806,32194,34086,33657,37458,33441,34004,32324,37356,33131,30933,32759,23908,38024,27945,47060,35320
33160,32752,32898,32701,31830,33657,37458,33441,34004,32324,37356,33131,30933,32759,23908,38024,27945,47060,35320
33122,32806,32870,32844,33470,33660,37088,33321,34168,32364,37172,33304,30800,32764,22220,33300,30052,43652,35705
33052,32782,32948,32730,32878,33660,37088,33321,34168,32364,37172,33304,30800,32764,22220,33300,30052,43652,35705
32785,32928,32842,32858,32279,33660,37088,33321,34168,32364,37172,33304,30800,32764,22220,33300,30052,43652,35705
32601,33085,32758,32540,34102,33660,37088,33321,34168,32364,37172,33304,30800,32764,22220,33300,30052,43652,35705
32192,32754,32599,32722,32841,33660,37088,33321,34168,32364,37172,33304,30800,32764,22220,33300,30052,43652,35705
31742,32935,32479,32708,31767,33660,37088,33321,34168,32364,37172,33304,30800,32764,22220,33300,30052,43652,35705
31668,32725,32533,33175,34054,33660,37088,33321,34168,32364,37172,33304,30800,32764,22220,33300,30052,43652,35705
32071,33016,32553,33248,32418,33660,37088,33321,34168,32364,37172,33304,30800,32764,22220,33300,30052,43652,35705
32473,32903,32576,32819,32548,33660,37088,33321,34168,32364,37172,33304,30800,32764,22220,33300,30052,43652,35705
32952,33236,32731,32801,33378,33660,37088,33321,34168,32364,37172,33304,30800,32764,22220,33300,30052,43652,35705
33210,32921,32822,32410,31639,33576,36899,33275,34138,32196,37032,33432,30788,32757,21789,30022,29564,42262,43296
33314,33430,32759,32244,33664,33576,36899,33275,34138,32196,37032,33432,30788,32757,21789,30022,29564,42262,43296
33606,33022,32895,32480,33115,33576,36899,33275,34138,32196,37032,33432,30788,32757,21789,30022,29564,42262,43296
33856,33264,33103,32810,31893,33576,36899,33275,34138,32196,37032,33432,30788,32757,21789,30022,29564,42262,43296
33834,33134,33168,32800,34407,33576,36899,33275,34138,32196,37032,33432,30788,32757,21789,30022,29564,42262,43296
33960,33535,33363,33151,32550,33576,36899,33275,34138,32196,37032,33432,30788,32757,21789,30022,29564,42262,43296
33476,33253,33199,33167,32088,33576,36899,33275,34138,32196,37032,33432,30788,32757,21789,30022,29564,42262,43296
32956,33485,33056,32931,33300,33576,36899,33275,34138,32196,37032,33432,30788,32757,21789,30022,29564,42262,43296
32552,33262,32731,32941,30863,33576,36899,33275,34138,32196,37032,33432,30788,32757,21789,30022,29564,42262,43296
32294,32971,32560,32978,33638,33576,36899,33275,34138,32196,37032,33432,30788,32757,21789,30022,29564,42262,43296
32487,33089,32380,32946,31952,33458,36828,33188,34144,32180,36908,33668,30596,32757,23289,31101,25153,34747,34684
32314,32454,32676,32902,32636,33458,36828,33188,34144,32180,36908,33668,30596,32757,23289,31101,25153,34747,34684
31878,32826,33021,32624,33917,33458,36828,33188,34144,32180,36908,33668,30596,32757,23289,31101,25153,34747,34684
31425,32519,32895,32842,32173,33458,36828,33188,34144,32180,36908,33668,30596,32757,23289,31101,25153,34747,34684
31159,32934,32662,32804,33664,33458,36828,33188,34144,32180,36908,33668,30596,32757,23289,31101,25153,34747,34684
31328,32804,32486,32573,32788,33458,36828,33188,34144,32180,36908,33668,30596,32757,23289,31101,25153,34747,34684
31454,32927,32442,32450,31319,33458,36828,33188,34144,32180,36908,33668,30596,32757,23289,31101,25153,34747,34684
31730,32759,32560,32217,34521,33458,36828,33188,34144,32180,36908,33668,30596,32757,23289,31101,25153,34747,34684
32184,33184,32595,32468,33449,33458,36828,33188,34144,32180,36908,33668,30596,32757,23289,31101,25153,34747,34684
32608,33059,32835,33102,32221,33458,36828,33188,34144,32180,36908,33668,30596,32757,23289,31101,25153,34747,34684
32905,33583,32988,33672,34009,33546,36712,32980,34008,32392,36728,33484,30400,32757,25868,35984,29938,33392,30264
33037,32933,32980,32790,32188,33546,36712,32980,34008,32392,36728,33484,30400,32757,25868,35984,29938,33392,30264
33343,32937,32878,32861,32356,33546,36712,32980,34008,32392,36728,33484,30400,32757,25868,35984,29938,33392,30264
33654,32887,32829,33067,33762,33546,36712,32980,34008,32392,36728,33484,30400,32757,25868,35984,29938,33392,30264
33796,32974,32926,33266,32626,33546,36712,32980,34008,32392,36728,33484,30400,32757,25868,35984,29938,33392,30264
33608,32622,32923,32731,33339,33546,36712,32980,34008,32392,36728,33484,30400,32757,25868,35984,29938,33392,30264
33450,33196,32924,32457,34212,33546,36712,32980,34008,32392,36728,33484,30400,32757,25868,35984,29938,33392,30264
34576,33452,32912,31757,31522,33546,36712,32980,34008,32392,36728,33484,30400,32757,25868,35984,29938,33392,30264
34769,33711,32846,31672,33381,33546,36712,32980,34008,32392,36728,33484,30400,32757,25868,35984,29938,33392,30264
34261,33213,32874,32159,32892,33546,36712,32980,34008,32392,36728,33484,30400,32757,25868,35984,29938,33392,30264
33548,33128,33010,33012,31762,33770,36724,32724,33965,32652,36696,33122,30296,32757,24560,33024,28068,34496,30873
33126,33614,32843,33680,34121,33770,36724,32724,33965,32652,36696,33122,30296,32757,24560,33024,28068,34496,30873
33032,33314,32692,33847,32658,33770,36724,32724,33965,32652,36696,33122,30296,32757,24560,33024,28068,34496,30873
32911,33359,32698,33815,31191,33770,36724,32724,33965,32652,36696,33122,30296,32757,24560,33024,28068,34496,30873
32750,33070,32726,33501,33695,33770,36724,32724,33965,32652,36696,33122,30296,32757,24560,33024,28068,34496,30873
32586,33156,32620,32564,34167,33770,36724,32724,33965,32652,36696,33122,30296,32757,24560,33024,28068,34496,30873
32360,32610,32626,31963,31563,33770,36724,32724,33965,32652,36696,33122,30296,32757,24560,33024,28068,34496,30873
31746,32852,32696,31564,33845,33770,36724,32724,33965,32652,36696,33122,30296,32757,24560,33024,28068,34496,30873
30906,32616,32731,31855,31997,33770,36724,32724,33965,32652,36696,33122,30296,32757,24560,33024,28068,34496,30873
29917,32876,32639,32310,31918,33770,36724,32724,33965,32652,36696,33122,30296,32757,24560,33024,28068,34496,30873
29417,32572,32384,33493,34217,33908,36672,32586,34112,32777,36832,32404,30120,32764,22916,26665,32690,40100,34338
30138,32642,32518,33833,31924,33908,36672,32586,34112,32777,36832,32404,30120,32764,22916,26665,32690,40100,34338
31751,32642,32679,32610,33434,33908,36672,32586,34112,32777,36832,32404,30120,32764,22916,26665,32690,40100,34338
33194,32914,32695,31871,33044,33908,36672,32586,34112,32777,36832,32404,30120,32764,22916,26665,32690,40100,34338
33836,32786,32775,31628,31144,33908,36672,32586,34112,32777,36832,32404,30120,32764,22916,26665,32690,40100,34338
34112,33286,32789,32494,33380,33908,36672,32586,34112,32777,36832,32404,30120,32764,22916,26665,32690,40100,34338
33832,33360,32911,34128,31051,33908,36672,32586,34112,32777,36832,32404,30120,32764,22916,26665,32690,40100,34338
33417,33419,32903,34753,33388,33908,36672,32586,34112,32777,36832,32404,30120,32764,22916,26665,32690,40100,34338
32984,33312,32853,34128,32994,33908,36672,32586,34112,32777,36832,32404,30120,32764,22916,26665,32690,40100,34338
33650,33258,32948,33716,32084,33908,36672,32586,34112,32777,36832,32404,30120,32764,22916,26665,32690,40100,34338
33582,33722,33030,32804,34284,33908,36624,32749,34000,32592,36764,32937,29888,32764,21552,22429,31924,43404,39070
33168,33396,33007,32612,33300,33908,36624,32749,34000,32592,36764,32937,29888,32764,21552,22429,31924,43404,39070
32896,33778,32996,32550,31668,33908,36624,32749,34000,32592,36764,32937,29888,32764,21552,22429,31924,43404,39070
32632,33320,32955,32696,33872,33908,36624,32749,34000,32592,36764,32937,29888,32764,21552,22429,31924,43404,39070
32448,33611,32802,33071,31892,33908,36624,32749,34000,32592,36764,32937,29888,32764,21552,22429,31924,43404,39070
32310,32937,32739,33216,32416,33908,36624,32749,34000,32592,36764,32937,29888,32764,21552,22429,31924,43404,39070
32514,32700,33049,32969,34061,33908,36624,32749,34000,32592,36764,32937,29888,32764,21552,22429,31924,43404,39070
33132,32123,33385,31863,31644,33908,36624,32749,34000,32592,36764,32937,29888,32764,21552,22429,31924,43404,39070
34112,31460,33462,31290,33533,33908,36624,32749,34000,32592,36764,32937,29888,32764,21552,22429,31924,43404,39070
33498,31751,33255,31940,32613,33908,36624,32749,34000,32592,36764,32937,29888,32764,21552,22429,31924,43404,39070
32610,32543,32870,32829,31814,33896,36608,32693,34080,32140,36808,32747,29680,32764,24208,23610,30497,33106,35386
31952,33386,32453,33158,34221,33896,36608,32693,34080,32140,36808,32747,29680,32764,24208,23610,30497,33106,35386
32002,32976,32166,32812,32981,33896,36608,32693,34080,32140,36808,32747,29680,32764,24208,23610,30497,33106,35386
32963,33403,32225,33127,32005,33896,36608,32693,34080,32140,36808,32747,29680,32764,24208,23610,30497,33106,35386
34896,33330,32536,33215,34089,33896,36608,32693,34080,32140,36808,32747,29680,32764,24208,23610,30497,33106,35386
35316,33278,32959,32913,32179,33896,36608,32693,34080,32140,36808,32747,29680,32764,24208,23610,30497,33106,35386
34242,33136,33049,32385,32578,33896,36608,32693,34080,32140,36808,32747,29680,32764,24208,23610,30497,33106,35386
34141,32988,32865,32512,34193,33896,36608,32693,34080,32140,36808,32747,29680,32764,24208,23610,30497,33106,35386
33580,32708,32777,33026,32023,33896,36608,32693,34080,32140,36808,32747,29680,32764,24208,23610,30497,33106,35386
33287,32453,32807,33036,33232,33896,36608,32693,34080,32140,36808,32747,29680,32764,24208,23610,30497,33106,35386
32796,32807,32983,32908,32352,33816,36604,32528,34104,31568,36856,33184,29480,32767,25672,26785,31400,31834,28589
31957,32473,32883,32835,31700,33816,36604,32528,34104,31568,36856,33184,29480,32767,25672,26785,31400,31834,28589
31538,32796,32920,32954,33822,33816,36604,32528,34104,31568,36856,33184,29480,32767,25672,26785,31400,31834,28589
31672,33047,32856,32879,32408,33816,36604,32528,34104,31568,36856,33184,29480,32767,25672,26785,31400,31834,28589
31368,32691,32885,32873,32590,33816,36604,32528,34104,31568,36856,33184,29480,32767,25672,26785,31400,31834,28589
31130,32991,32898,32808,34823,33816,36604,32528,34104,31568,36856,33184,29480,32767,25672,26785,31400,31834,28589
30648,32661,32780,32710,32131,33816,36604,32528,34104,31568,36856,33184,29480,32767,25672,26785,31400,31834,28589
30876,32863,32722,32647,32322,33816,36604,32528,34104,31568,36856,33184,29480,32767,25672,26785,31400,31834,28589
31633,32906,32940,32590,33098,33816,36604,32528,34104,31568,36856,33184,29480,32767,25672,26785,31400,31834,28589
31034,32580,33010,32279,31426,33816,36604,32528,34104,31568,36856,33184,29480,32767,25672,26785,31400,31834,28589
30258,32610,32604,31952,33999,33812,36652,32564,34085,31474,36796,34160,29220,32757,25434,26635,28988,34932,25952
30464,32957,32287,32510,33930,33812,36652,32564,34085,31474,36796,34160,29220,32757,25434,26635,28988,34932,25952
31264,32699,32319,32843,31526,33812,36652,32564,34085,31474,36796,34160,29220,32757,25434,26635,28988,34932,25952
32178,33127,32508,33010,33650,33812,36652,32564,34085,31474,36796,34160,29220,32757,25434,26635,28988,34932,25952
34721,33193,32688,33006,32071,33812,36652,32564,34085,31474,36796,34160,29220,32757,25434,26635,28988,34932,25952
35860,33298,33005,33073,32554,33812,36652,32564,34085,31474,36796,34160,29220,32757,25434,26635,28988,34932,25952
34749,33398,33168,33106,34503,33812,36652,32564,34085,31474,36796,34160,29220,32757,25434,26635,28988,34932,25952
33886,33636,33181,33317,32298,33812,36652,32564,34085,31474,36796,34160,29220,32757,25434,26635,28988,34932,25952
33424,33287,33127,33104,32828,33812,36652,32564,34085,31474,36796,34160,29220,32757,25434,26635,28988,34932,25952
33057,33498,32816,33090,32000,33812,36652,32564,34085,31474,36796,34160,29220,32757,25434,26635,28988,34932,25952
32970,33134,32607,33250,30988,33560,36528,33112,33961,31777,36904,34000,29012,32757,24910,27118,29020,33640,27250
32966,33080,32410,33187,33598,33560,36528,33112,33961,31777,36904,34000,29012,32757,24910,27118,29020,33640,27250
33247,33104,32204,33034,31751,33560,36528,33112,33961,31777,36904,34000,29012,32757,24910,27118,29020,33640,27250
33362,33040,32244,32552,33055,33560,36528,33112,33961,31777,36904,34000,29012,32757,24910,27118,29020,33640,27250
33084,33300,32470,32714,32455,33560,36528,33112,33961,31777,36904,34000,29012,32757,24910,27118,29020,33640,27250
32452,32838,32888,32710,31372,33560,36528,33112,33961,31777,36904,34000,29012,32757,24910,27118,29020,33640,27250
32448,33159,32907,32528,34715,33560,36528,33112,33961,31777,36904,34000,29012,32757,24910,27118,29020,33640,27250
33268,32757,32714,32747,34070,33560,36528,33112,33961,31777,36904,34000,29012,32757,24910,27118,29020,33640,27250
34884,33015,32601,32811,33237,33560,36528,33112,33961,31777,36904,34000,29012,32757,24910,27118,29020,33640,27250
34761,33100,32467,32832,34387,33560,36528,33112,33961,31777,36904,34000,29012,32757,24910,27118,29020,33640,27250
33864,32988,32370,32842,32960,32832,36642,34180,34088,31896,36872,33336,28800,32760,25200,28282,28580,35716,30836
32716,33273,32518,32690,30854,32832,36642,34180,34088,31896,36872,33336,28800,32760,25200,28282,28580,35716,30836
32530,33287,32401,32794,33350,32832,36642,34180,34088,31896,36872,33336,28800,32760,25200,28282,28580,35716,30836
32582,33115,32164,32966,31787,32832,36642,34180,34088,31896,36872,33336,28800,32760,25200,28282,28580,35716,30836
32389,33383,32392,33058,33216,32832,36642,34180,34088,31896,36872,33336,28800,32760,25200,28282,28580,35716,30836
32089,32918,32656,32890,34569,32832,36642,34180,34088,31896,36872,33336,28800,32760,25200,28282,28580,35716,30836
31961,33070,32985,32848,32279,32832,36642,34180,34088,31896,36872,33336,28800,32760,25200,28282,28580,35716,30836
32213,32782,33178,33008,33558,32832,36642,34180,34088,31896,36872,33336,28800,32760,25200,28282,28580,35716,30836
32163,33010,33242,32796,33955,32832,36642,34180,34088,31896,36872,33336,28800,32760,25200,28282,28580,35716,30836
32080,32830,33550,32508,31987,32832,36642,34180,34088,31896,36872,33336,28800,32760,25200,28282,28580,35716,30836
31748,32398,33784,32592,33318,32610,36884,34928,33958,31261,36552,33365,28520,32760,24452,28480,31048,40044,35054
31978,32764,33720,32641,32339,32610,36884,34928,33958,31261,36552,33365,28520,32760,24452,28480,31048,40044,35054
32800,32690,33547,32731,31516,32610,36884,34928,33958,31261,36552,33365,28520,32760,24452,28480,31048,40044,35054
32530,32966,33202,32737,33832,32610,36884,34928,33958,31261,36552,33365,28520,32760,24452,28480,31048,40044,35054
31869,32681,32771,32934,31250,32610,36884,34928,33958,31261,36552,33365,28520,32760,24452,28480,31048,40044,35054
31584,32593,32551,32768,33610,32610,36884,34928,33958,31261,36552,33365,28520,32760,24452,28480,31048,40044,35054
32216,33065,32510,32690,32624,32610,36884,34928,33958,31261,36552,33365,28520,32760,24452,28480,31048,40044,35054
33664,33022,32711,32583,31513,32610,36884,34928,33958,31261,36552,33365,28520,32760,24452,28480,31048,40044,35054
34518,33203,32837,31964,34066,32610,36884,34928,33958,31261,36552,33365,28520,32760,24452,28480,31048,40044,35054
34434,33131,32840,32000,32929,32610,36884,34928,33958,31261,36552,33365,28520,32760,24452,28480,31048,40044,35054
34084,33129,32672,32435,31914,32500,36708,34984,34028,30632,36696,33729,28304,32756,23308,28178,30116,38153,34792
34427,33295,32549,32956,34491,32500,36708,34984,34028,30632,36696,33729,28304,32756,23308,28178,30116,38153,34792
34144,33123,32614,33501,32758,32500,36708,34984,34028,30632,36696,33729,28304,32756,23308,28178,30116,38153,34792
33433,32594,32623,33298,31862,32500,36708,34984,34028,30632,36696,33729,28304,32756,23308,28178,30116,38153,34792
33346,32897,32672,33018,34223,32500,36708,34984,34028,30632,36696,33729,28304,32756,23308,28178,30116,38153,34792
33580,32837,32782,32738,31656,32500,36708,34984,34028,30632,36696,33729,28304,32756,23308,28178,30116,38153,34792
33140,33222,32641,32812,32762,32500,36708,34984,34028,30632,36696,33729,28304,32756,23308,28178,30116,38153,34792
32013,32946,32645,32744,34432,32500,36708,34984,34028,30632,36696,33729,28304,32756,23308,28178,30116,38153,34792
31004,32741,32540,32933,32691,32500,36708,34984,34028,30632,36696,33729,28304,32756,23308,28178,30116,38153,34792
30144,32927,32546,32951,33678,32500,36708,34984,34028,30632,36696,33729,28304,32756,23308,28178,30116,38153,34792
29256,32508,32502,32759,33490,32578,36576,34112,34112,30352,36392,34426,28073,32760,22416,26540,28790,38584,32816
29746,33027,32586,32854,31372,32578,36576,34112,34112,30352,36392,34426,28073,32760,22416,26540,28790,38584,32816
32344,33016,32757,32848,33060,32578,36576,34112,34112,30352,36392,34426,28073,32760,22416,26540,28790,38584,32816
33824,33480,32992,32582,34850,32578,36576,34112,34112,30352,36392,34426,28073,32760,22416,26540,28790,38584,32816
34831,33366,32873,32534,32179,32578,36576,34112,34112,30352,36392,34426,28073,32760,22416,26540,28790,38584,32816
34822,33321,32762,33076,33648,32578,36576,34112,34112,30352,36392,34426,28073,32760,22416,26540,28790,38584,32816
33856,32930,32562,33146,34173,32578,36576,34112,34112,30352,36392,34426,28073,32760,22416,26540,28790,38584,32816
32462,33088,32263,32794,31763,32578,36576,34112,34112,30352,36392,34426,28073,32760,22416,26540,28790,38584,32816
31718,32666,32613,32734,33650,32578,36576,34112,34112,30352,36392,34426,28073,32760,22416,26540,28790,38584,32816
30592,32816,32847,32724,32894,32578,36576,34112,34112,30352,36392,34426,28073,32760,22416,26540,28790,38584,32816
30844,32790,32799,32710,31305,32504,36444,33380,34324,31306,36184,35288,27800,32757,22777,26212,30172,37985,31026
31074,32521,32632,32926,33342,32504,36444,33380,34324,31306,36184,35288,27800,32757,22777,26212,30172,37985,31026
32023,33007,32696,32804,30900,32504,36444,33380,34324,31306,36184,35288,27800,32757,22777,26212,30172,37985,31026
32900,32905,32846,32872,32638,32504,36444,33380,34324,31306,36184,35288,27800,32757,22777,26212,30172,37985,31026
33612,33196,32956,32911,32171,32504,36444,33380,34324,31306,36184,35288,27800,32757,22777,26212,30172,37985,31026
33642,32930,33021,32849,31230,32504,36444,33380,34324,31306,36184,35288,27800,32757,22777,26212,30172,37985,31026
33360,33334,33129,33007,34092,32504,36444,33380,34324,31306,36184,35288,27800,32757,22777,26212,30172,37985,31026
33464,33087,33218,32935,32407,32504,36444,33380,34324,31306,36184,35288,27800,32757,22777,26212,30172,37985,31026
34304,33347,33205,32703,32071,32504,36444,33380,34324,31306,36184,35288,27800,32757,22777,26212,30172,37985,31026
34950,33144,33492,32350,34058,32504,36444,33380,34324,31306,36184,35288,27800,32757,22777,26212,30172,37985,31026
34578,33413,33426,32426,31631,32536,36200,33496,34248,32676,36056,35833,27568,32756,22479,26487,29068,40724,32364
33517,33124,33207,32098,33389,32536,36200,33496,34248,32676,36056,35833,27568,32756,22479,26487,29068,40724,32364
32584,33190,32792,31758,32568,32536,36200,33496,34248,32676,36056,35833,27568,32756,22479,26487,29068,40724,32364
32321,33097,32559,32711,32284,32536,36200,33496,34248,32676,36056,35833,27568,32756,22479,26487,29068,40724,32364
32410,33277,32628,33592,34708,32536,36200,33496,34248,32676,36056,35833,27568,32756,22479,26487,29068,40724,32364
33044,33189,32966,33476,33761,32536,36200,33496,34248,32676,36056,35833,27568,32756,22479,26487,29068,40724,32364
32834,33089,32864,33428,31734,32536,36200,33496,34248,32676,36056,35833,27568,32756,22479,26487,29068,40724,32364
31992,32935,32724,33407,34270,32536,36200,33496,34248,32676,36056,35833,27568,32756,22479,26487,29068,40724,32364
31690,32643,32868,33187,32234,32536,36200,33496,34248,32676,36056,35833,27568,32756,22479,26487,29068,40724,32364
31762,32782,32923,32457,32086,32536,36200,33496,34248,32676,36056,35833,27568,32756,22479,26487,29068,40724,32364
31402,33138,32598,32025,34476,32544,36024,34130,34414,33326,35744,35868,27375,32764,21920,26778,31293,46951,35538
31548,32733,32669,32208,31706,32544,36024,34130,34414,33326,35744,35868,27375,32764,21920,26778,31293,46951,35538
31780,33093,32819,32798,33025,32544,36024,34130,34414,33326,35744,35868,27375,32764,21920,26778,31293,46951,35538
32338,33159,32875,32870,31556,32544,36024,34130,34414,33326,35744,35868,27375,32764,21920,26778,31293,46951,35538
33512,33287,32797,32718,31329,32544,36024,34130,34414,33326,35744,35868,27375,32764,21920,26778,31293,46951,35538
33947,33436,32856,32827,34236,32544,36024,34130,34414,33326,35744,35868,27375,32764,21920,26778,31293,46951,35538
33882,33157,32884,33168,32570,32544,36024,34130,34414,33326,35744,35868,27375,32764,21920,26778,31293,46951,35538
33332,33090,32873,33120,32060,32544,36024,34130,34414,33326,35744,35868,27375,32764,21920,26778,31293,46951,35538
33736,32999,33104,33321,34273,32544,36024,34130,34414,33326,35744,35868,27375,32764,21920,26778,31293,46951,35538
34585,32762,33085,33230,31909,32544,36024,34130,34414,33326,35744,35868,27375,32764,21920,26778,31293,46951,35538
34967,32770,32943,33181,32461,32676,36184,34332,34349,32728,36080,34430,27088,32767,20652,28288,30160,48448,33260
34193,32697,32809,32692,33362,32676,36184,34332,34349,32728,36080,34430,27088,32767,20652,28288,30160,48448,33260
31982,33124,32852,32014,31758,32676,36184,34332,34349,32728,36080,34430,27088,32767,20652,28288,30160,48448,33260
32115,33038,32937,31751,40206,32676,36184,34332,34349,32728,36080,34430,27088,32767,20652,28288,30160,48448,33260
32971,33351,32908,32258,30283,32676,36184,34332,34349,32728,36080,34430,27088,32767,20652,28288,30160,48448,33260
32791,33069,32944,33188,31748,32676,36184,34332,34349,32728,36080,34430,27088,32767,20652,28288,30160,48448,33260
32424,32736,32812,34306,33099,32676,36184,34332,34349,32728,36080,34430,27088,32767,20652,28288,30160,48448,33260
32226,32951,32603,34279,34356,32676,36184,34332,34349,32728,36080,34430,27088,32767,20652,28288,30160,48448,33260
32479,32884,32442,33190,34479,32676,36184,34332,34349,32728,36080,34430,27088,32767,20652,28288,30160,48448,33260
33186,32885,32449,32444,32764,32676,36184,34332,34349,32728,36080,34430,27088,32767,20652,28288,30160,48448,33260
33564,32590,32450,32049,32115,32952,36736,33852,34564,31932,36584,33712,26813,32760,17056,34372,26701,46695,35492
33612,33172,32496,31449,33151,32952,36736,33852,34564,31932,36584,33712,26813,32760,17056,34372,26701,46695,35492
33701,33067,32391,30582,27724,32952,36736,33852,34564,31932,36584,33712,26813,32760,17056,34372,26701,46695,35492
32840,33287,32184,31263,34883,32952,36736,33852,34564,31932,36584,33712,26813,32760,17056,34372,26701,46695,35492
31900,32871,32638,33234,34205,32952,36736,33852,34564,31932,36584,33712,26813,32760,17056,34372,26701,46695,35492
30770,32596,32633,34163,31764,32952,36736,33852,34564,31932,36584,33712,26813,32760,17056,34372,26701,46695,35492
28944,32793,32376,33860,34140,32952,36736,33852,34564,31932,36584,33712,26813,32760,17056,34372,26701,46695,35492
28480,33012,32272,32906,33714,32952,36736,33852,34564,31932,36584,33712,26813,32760,17056,34372,26701,46695,35492
29496,33017,32440,33099,32713,32952,36736,33852,34564,31932,36584,33712,26813,32760,17056,34372,26701,46695,35492
30587,33334,32594,33508,33719,32952,36736,33852,34564,31932,36584,33712,26813,32760,17056,34372,26701,46695,35492
31173,32698,32794,33609,31950,33144,36928,33560,34528,31437,36618,34798,26509,32764,15056,39524,30076,45236,38674
31712,33168,32849,33472,33148,33144,36928,33560,34528,31437,36618,34798,26509,32764,15056,39524,30076,45236,38674
32418,32969,32838,33063,33660,33144,36928,33560,34528,31437,36618,34798,26509,32764,15056,39524,30076,45236,38674
33164,33042,32864,32788,34287,33144,36928,33560,34528,31437,36618,34798,26509,32764,15056,39524,30076,45236,38674
34091,32508,32928,32958,33673,33144,36928,33560,34528,31437,36618,34798,26509,32764,15056,39524,30076,45236,38674
34560,32562,33034,32924,33478,33144,36928,33560,34528,31437,36618,34798,26509,32764,15056,39524,30076,45236,38674
35204,32626,33026,32445,32256,33144,36928,33560,34528,31437,36618,34798,26509,32764,15056,39524,30076,45236,38674
35968,33164,33028,32339,31576,33144,36928,33560,34528,31437,36618,34798,26509,32764,15056,39524,30076,45236,38674
36020,33325,32998,32784,31350,33144,36928,33560,34528,31437,36618,34798,26509,32764,15056,39524,30076,45236,38674
35147,33208,32861,32439,30614,33144,36928,33560,34528,31437,36618,34798,26509,32764,15056,39524,30076,45236,38674
34428,32864,32767,32393,32804,33528,36692,33746,34664,32108,36246,37024,26260,32764,15725,44761,28811,41312,41478
33676,33134,32732,32741,35257,33528,36692,33746,34664,32108,36246,37024,26260,32764,15725,44761,28811,41312,41478
33002,32945,32596,32677,31893,33528,36692,33746,34664,32108,36246,37024,26260,32764,15725,44761,28811,41312,41478
32453,33191,32570,32476,32727,33528,36692,33746,34664,32108,36246,37024,26260,32764,15725,44761,28811,41312,41478
32137,32915,32592,32736,30848,33528,36692,33746,34664,32108,36246,37024,26260,32764,15725,44761,28811,41312,41478
31972,33328,32686,32691,33229,33528,36692,33746,34664,32108,36246,37024,26260,32764,15725,44761,28811,41312,41478
31898,32863,32843,32730,33103,33528,36692,33746,34664,32108,36246,37024,26260,32764,15725,44761,28811,41312,41478
31859,33255,32840,32809,30367,33528,36692,33746,34664,32108,36246,37024,26260,32764,15725,44761,28811,41312,41478
31982,32934,32737,32789,32782,33528,36692,33746,34664,32108,36246,37024,26260,32764,15725,44761,28811,41312,41478
32032,33323,32826,32677,33762,33528,36692,33746,34664,32108,36246,37024,26260,32764,15725,44761,28811,41312,41478
32229,32866,32840,32868,31254,33876,36312,34208,34690,32518,35552,37316,25938,32764,18196,44880,30509,34928,30872
32352,33160,32835,32699,34068,33876,36312,34208,34690,32518,35552,37316,25938,32764,18196,44880,30509,34928,30872
32624,33325,32655,32878,31781,33876,36312,34208,34690,32518,35552,37316,25938,32764,18196,44880,30509,34928,30872
32954,33188,32626,32943,31347,33876,36312,34208,34690,32518,35552,37316,25938,32764,18196,44880,30509,34928,30872
33200,33264,32619,32754,31752,33876,36312,34208,34690,32518,35552,37316,25938,32764,18196,44880,30509,34928,30872
33018,33468,32655,32857,30592,33876,36312,34208,34690,32518,35552,37316,25938,32764,18196,44880,30509,34928,30872
32954,33396,32592,32942,36408,33876,36312,34208,34690,32518,35552,37316,25938,32764,18196,44880,30509,34928,30872
32848,33336,32694,32736,32733,33876,36312,34208,34690,32518,35552,37316,25938,32764,18196,44880,30509,34928,30872
32976,33799,32836,32924,33582,33876,36312,34208,34690,32518,35552,37316,25938,32764,18196,44880,30509,34928,30872
33284,34604,32873,32834,33504,33876,36312,34208,34690,32518,35552,37316,25938,32764,18196,44880,30509,34928,30872
33308,35890,32878,32628,30944,33906,36000,34422,34480,32724,35208,36244,25700,32765,19118,41004,28480,29351,32166
32888,37870,32722,32711,30872,33906,36000,34422,34480,32724,35208,36244,25700,32765,19118,41004,28480,29351,32166
32317,37489,32732,32756,33845,33906,36000,34422,34480,32724,35208,36244,25700,32765,19118,41004,28480,29351,32166
31962,37365,32714,32762,31588,33906,36000,34422,34480,32724,35208,36244,25700,32765,19118,41004,28480,29351,32166
32029,34017,32677,32870,32360,33906,36000,34422,34480,32724,35208,36244,25700,32765,19118,41004,28480,29351,32166
31887,28748,32686,33514,34390,33906,36000,34422,34480,32724,35208,36244,25700,32765,19118,41004,28480,29351,32166
31624,24237,32715,33902,33114,33906,36000,34422,34480,32724,35208,36244,25700,32765,19118,41004,28480,29351,32166
31888,24442,32524,33537,32879,33906,36000,34422,34480,32724,35208,36244,25700,32765,19118,41004,28480,29351,32166
32365,28724,32632,33096,34464,33906,36000,34422,34480,32724,35208,36244,25700,32765,19118,41004,28480,29351,32166
32838,30651,32534,32510,33429,33906,36000,34422,34480,32724,35208,36244,25700,32765,19118,41004,28480,29351,32166
33376,32447,32729,31836,31688,33849,35917,34280,34456,33008,35026,36106,25468,32756,19984,37200,29953,26964,27244
33573,34726,32960,31729,33274,33849,35917,34280,34456,33008,35026,36106,25468,32756,19984,37200,29953,26964,27244
33624,34716,33634,32142,35108,33849,35917,34280,34456,33008,35026,36106,25468,32756,19984,37200,29953,26964,27244
33314,32802,33572,32676,33078,33849,35917,34280,34456,33008,35026,36106,25468,32756,19984,37200,29953,26964,27244
33190,32016,32507,33540,33378,33849,35917,34280,34456,33008,35026,36106,25468,32756,19984,37200,29953,26964,27244
33504,30315,32532,33978,29716,33849,35917,34280,34456,33008,35026,36106,25468,32756,19984,37200,29953,26964,27244
33877,28382,33036,33808,31816,33849,35917,34280,34456,33008,35026,36106,25468,32756,19984,37200,29953,26964,27244
33479,27090,32879,33396,32952,33849,35917,34280,34456,33008,35026,36106,25468,32756,19984,37200,29953,26964,27244
32974,29896,32641,32985,31984,33849,35917,34280,34456,33008,35026,36106,25468,32756,19984,37200,29953,26964,27244
32652,31191,32813,32583,33965,33849,35917,34280,34456,33008,35026,36106,25468,32756,19984,37200,29953,26964,27244
32323,32302,32638,31865,35114,33624,36040,34038,34548,33024,35266,36168,25146,32760,19089,34618,30016,18631,24592
32361,33496,32643,31595,31299,33624,36040,34038,34548,33024,35266,36168,25146,32760,19089,34618,30016,18631,24592
32485,34285,32770,32149,34276,33624,36040,34038,34548,33024,35266,36168,25146,32760,19089,34618,30016,18631,24592
32630,34635,33015,32484,33673,33624,36040,34038,34548,33024,35266,36168,25146,32760,19089,34618,30016,18631,24592
32768,35484,32951,32616,27680,33624,36040,34038,34548,33024,35266,36168,25146,32760,19089,34618,30016,18631,24592
32694,34578,32943,32885,29888,33624,36040,34038,34548,33024,35266,36168,25146,32760,19089,34618,30016,18631,24592
32234,34468,32788,33009,33972,33624,36040,34038,34548,33024,35266,36168,25146,32760,19089,34618,30016,18631,24592
31802,33633,32592,32919,35229,33624,36040,34038,34548,33024,35266,36168,25146,32760,19089,34618,30016,18631,24592
31792,32816,32545,32864,33888,33624,36040,34038,34548,33024,35266,36168,25146,32760,19089,34618,30016,18631,24592
32040,33618,32486,32884,35088,33624,36040,34038,34548,33024,35266,36168,25146,32760,19089,34618,30016,18631,24592
32509,35177,32393,32724,35129,33348,36392,33720,34464,32952,35784,35984,24873,32760,19548,29168,31052,14450,24072
32930,36096,32410,32576,32238,33348,36392,33720,34464,32952,35784,35984,24873,32760,19548,29168,31052,14450,24072
33348,36123,32162,32660,30348,33348,36392,33720,34464,32952,35784,35984,24873,32760,19548,29168,31052,14450,24072
33472,35311,32338,32783,28176,33348,36392,33720,34464,32952,35784,35984,24873,32760,19548,29168,31052,14450,24072
33648,34403,32708,32853,28585,33348,36392,33720,34464,32952,35784,35984,24873,32760,19548,29168,31052,14450,24072
33445,32476,32916,32928,28178,33348,36392,33720,34464,32952,35784,35984,24873,32760,19548,29168,31052,14450,24072
33063,29532,32818,33274,31661,33348,36392,33720,34464,32952,35784,35984,24873,32760,19548,29168,31052,14450,24072
32880,27960,32918,33300,32237,33348,36392,33720,34464,32952,35784,35984,24873,32760,19548,29168,31052,14450,24072
32352,30696,32713,33045,34612,33348,36392,33720,34464,32952,35784,35984,24873,32760,19548,29168,31052,14450,24072
32106,33016,32345,32547,36728,33348,36392,33720,34464,32952,35784,35984,24873,32760,19548,29168,31052,14450,24072
32080,33684,32724,32466,36596,33296,36840,32969,34688,32992,36200,35754,24504,32757,21335,28980,31213,14798,25836
32258,33208,33995,32604,36469,33296,36840,32969,34688,32992,36200,35754,24504,32757,21335,28980,31213,14798,25836
32164,33339,34043,32829,34023,33296,36840,32969,34688,32992,36200,35754,24504,32757,21335,28980,31213,14798,25836
32010,32932,32971,32778,31846,33296,36840,32969,34688,32992,36200,35754,24504,32757,21335,28980,31213,14798,25836
32046,33399,32771,32588,31610,33296,36840,32969,34688,32992,36200,35754,24504,32757,21335,28980,31213,14798,25836
32250,33095,33717,32676,29732,33296,36840,32969,34688,32992,36200,35754,24504,32757,21335,28980,31213,14798,25836
32564,32996,33188,32827,31040,33296,36840,32969,34688,32992,36200,35754,24504,32757,21335,28980,31213,14798,25836
33025,33206,32917,32852,31575,33296,36840,32969,34688,32992,36200,35754,24504,32757,21335,28980,31213,14798,25836
33400,32572,33049,32824,32697,33296,36840,32969,34688,32992,36200,35754,24504,32757,21335,28980,31213,14798,25836
33300,33233,32551,32784,34340,33296,36840,32969,34688,32992,36200,35754,24504,32757,21335,28980,31213,14798,25836
33355,33393,32276,32605,35566,33292,37194,32184,34592,33160,36824,36020,24180,32760,23396,27458,28674,6988,20868
33358,33001,32274,32668,31904,33292,37194,32184,34592,33160,36824,36020,24180,32760,23396,27458,28674,6988,20868
33244,33273,34148,32824,33574,33292,37194,32184,34592,33160,36824,36020,24180,32760,23396,27458,28674,6988,20868
33452,33129,33750,32763,35008,33292,37194,32184,34592,33160,36824,36020,24180,32760,23396,27458,28674,6988,20868
33763,33335,33428,32672,33987,33292,37194,32184,34592,33160,36824,36020,24180,32760,23396,27458,28674,6988,20868
33885,33131,33991,32687,33951,33292,37194,32184,34592,33160,36824,36020,24180,32760,23396,27458,28674,6988,20868
34082,32999,34902,32599,35299,33292,37194,32184,34592,33160,36824,36020,24180,32760,23396,27458,28674,6988,20868
33918,33186,34937,32660,30323,33292,37194,32184,34592,33160,36824,36020,24180,32760,23396,27458,28674,6988,20868
33474,32896,33536,32760,32185,33292,37194,32184,34592,33160,36824,36020,24180,32760,23396,27458,28674,6988,20868
32892,33206,32925,32724,35938,33292,37194,32184,34592,33160,36824,36020,24180,32760,23396,27458,28674,6988,20868
32550,32918,32838,32658,38163,33549,37628,31420,34562,32932,37980,35865,23908,32757,21220,28520,30464,64,16969
32384,33169,32500,32993,38080,33549,37628,31420,34562,32932,37980,35865,23908,32757,21220,28520,30464,64,16969
32386,32942,31800,32994,36742,33549,37628,31420,34562,32932,37980,35865,23908,32757,21220,28520,30464,64,16969
32423,32853,31857,32964,33722,33549,37628,31420,34562,32932,37980,35865,23908,32757,21220,28520,30464,64,16969
32460,33010,32187,32716,33283,33549,37628,31420,34562,32932,37980,35865,23908,32757,21220,28520,30464,64,16969
32556,32775,31608,32789,29646,33549,37628,31420,34562,32932,37980,35865,23908,32757,21220,28520,30464,64,16969
32542,33068,31297,32860,30368,33549,37628,31420,34562,32932,37980,35865,23908,32757,21220,28520,30464,64,16969
32584,32809,31865,32970,28584,33549,37628,31420,34562,32932,37980,35865,23908,32757,21220,28520,30464,64,16969
32659,32911,31983,33000,30473,33549,37628,31420,34562,32932,37980,35865,23908,32757,21220,28520,30464,64,16969
32604,32902,32212,32913,30060,33549,37628,31420,34562,32932,37980,35865,23908,32757,21220,28520,30464,64,16969
32568,33061,32615,32946,31356,34279,38344,30544,34776,32832,39320,35328,23572,32760,20337,23269,31852,68,20040
32613,32980,33683,32821,31814,34279,38344,30544,34776,32832,39320,35328,23572,32760,20337,23269,31852,68,20040
32750,32745,33484,32967,30237,34279,38344,30544,34776,32832,39320,35328,23572,32760,20337,23269,31852,68,20040
32745,33070,33604,32973,33386,34279,38344,30544,34776,32832,39320,35328,23572,32760,20337,23269,31852,68,20040
32886,32886,34243,32764,31380,34279,38344,30544,34776,32832,39320,35328,23572,32760,20337,23269,31852,68,20040
32884,32818,32929,32962,33306,34279,38344,30544,34776,32832,39320,35328,23572,32760,20337,23269,31852,68,20040
32745,32594,31084,32775,35797,34279,38344,30544,34776,32832,39320,35328,23572,32760,20337,23269,31852,68,20040
32780,33022,33020,32813,35692,34279,38344,30544,34776,32832,39320,35328,23572,32760,20337,23269,31852,68,20040
32858,32800,33877,32938,34015,34279,38344,30544,34776,32832,39320,35328,23572,32760,20337,23269,31852,68,20040
32818,32990,33300,32960,33892,34279,38344,30544,34776,32832,39320,35328,23572,32760,20337,23269,31852,68,20040
32702,33233,32767,32792,32754,35184,39052,30120,34604,33240,40544,35504,23174,32761,24760,22436,30760,64,27176
32608,32920,32298,32938,30356,35184,39052,30120,34604,33240,40544,35504,23174,32761,24760,22436,30760,64,27176
32602,33191,31936,32660,34167,35184,39052,30120,34604,33240,40544,35504,23174,32761,24760,22436,30760,64,27176
32643,33068,31944,32718,33430,35184,39052,30120,34604,33240,40544,35504,23174,32761,24760,22436,30760,64,27176
32646,33619,32612,32774,32992,35184,39052,30120,34604,33240,40544,35504,23174,32761,24760,22436,30760,64,27176
32702,33224,32192,32907,34955,35184,39052,30120,34604,33240,40544,35504,23174,32761,24760,22436,30760,64,27176
32712,33260,33240,33036,32381,35184,39052,30120,34604,33240,40544,35504,23174,32761,24760,22436,30760,64,27176
32836,32946,33519,32998,32904,35184,39052,30120,34604,33240,40544,35504,23174,32761,24760,22436,30760,64,27176
32782,33346,33554,32681,33869,35184,39052,30120,34604,33240,40544,35504,23174,32761,24760,22436,30760,64,27176
32754,32742,33590,32917,31846,35184,39052,30120,34604,33240,40544,35504,23174,32761,24760,22436,30760,64,27176
32802,33306,33287,32840,34175,35757,39481,29642,34568,33475,41696,36124,22820,32756,29575,21042,31789,62,32112
32709,33104,32936,32639,34808,35757,39481,29642,34568,33475,41696,36124,22820,32756,29575,21042,31789,62,32112
32664,33524,32571,32658,32775,35757,39481,29642,34568,33475,41696,36124,22820,32756,29575,21042,31789,62,32112
32548,33314,32519,32740,33630,35757,39481,29642,34568,33475,41696,36124,22820,32756,29575,21042,31789,62,32112
32580,33459,32514,32580,31787,35757,39481,29642,34568,33475,41696,36124,22820,32756,29575,21042,31789,62,32112
32668,32981,32623,33077,30520,35757,39481,29642,34568,33475,41696,36124,22820,32756,29575,21042,31789,62,32112
32537,33031,32617,32977,30517,35757,39481,29642,34568,33475,41696,36124,22820,32756,29575,21042,31789,62,32112
32879,33480,32538,32455,32842,35757,39481,29642,34568,33475,41696,36124,22820,32756,29575,21042,31789,62,32112
32861,33566,32916,32794,30566,35757,39481,29642,34568,33475,41696,36124,22820,32756,29575,21042,31789,62,32112
32825,33110,32767,32984,33792,35757,39481,29642,34568,33475,41696,36124,22820,32756,29575,21042,31789,62,32112
32824,33080,32696,32837,33118,35696,40128,29256,34556,33112,42384,36188,22404,32768,32272,16742,32088,61,29544
32807,32972,32678,32626,32553,35696,40128,29256,34556,33112,42384,36188,22404,32768,32272,16742,32088,61,29544
32792,32741,32775,32900,33229,35696,40128,29256,34556,33112,42384,36188,22404,32768,32272,16742,32088,61,29544
32784,33226,33031,32448,33612,35696,40128,29256,34556,33112,42384,36188,22404,32768,32272,16742,32088,61,29544
32704,33004,32924,32578,31015,35696,40128,29256,34556,33112,42384,36188,22404,32768,32272,16742,32088,61,29544
32706,33159,32704,32808,32905,35696,40128,29256,34556,33112,42384,36188,22404,32768,32272,16742,32088,61,29544
32727,32486,32782,32880,31272,35696,40128,29256,34556,33112,42384,36188,22404,32768,32272,16742,32088,61,29544
32676,32814,33250,33096,33511,35696,40128,29256,34556,33112,42384,36188,22404,32768,32272,16742,32088,61,29544
32724,32741,33203,32898,32986,35696,40128,29256,34556,33112,42384,36188,22404,32768,32272,16742,32088,61,29544
32665,32936,33032,32699,31901,35696,40128,29256,34556,33112,42384,36188,22404,32768,32272,16742,32088,61,29544
32648,32868,32294,32556,34662,35192,40472,30016,34499,32866,42402,36588,21824,32764,35740,14053,32684,63,28644
32684,32996,32057,32770,34140,35192,40472,30016,34499,32866,42402,36588,21824,32764,35740,14053,32684,63,28644
32738,33180,32666,32834,32624,35192,40472,30016,34499,32866,42402,36588,21824,32764,35740,14053,32684,63,28644
32765,32976,32658,32864,33941,35192,40472,30016,34499,32866,42402,36588,21824,32764,35740,14053,32684,63,28644
32866,33465,32236,32837,32596,35192,40472,30016,34499,32866,42402,36588,21824,32764,35740,14053,32684,63,28644
32824,33061,32275,32877,31581,35192,40472,30016,34499,32866,42402,36588,21824,32764,35740,14053,32684,63,28644
32678,33302,32493,32850,33653,35192,40472,30016,34499,32866,42402,36588,21824,32764,35740,14053,32684,63,28644
32703,32993,32544,32714,31908,35192,40472,30016,34499,32866,42402,36588,21824,32764,35740,14053,32684,63,28644
32691,33317,33051,32558,33568,35192,40472,30016,34499,32866,42402,36588,21824,32764,35740,14053,32684,63,28644
32658,33180,32514,32815,34120,35192,40472,30016,34499,32866,42402,36588,21824,32764,35740,14053,32684,63,28644
32656,32826,32242,33124,38728,34613,41424,31290,34640,32368,41288,38040,21312,32768,37812,13246,27246,62,27688
32580,33028,32268,32686,27669,34613,41424,31290,34640,32368,41288,38040,21312,32768,37812,13246,27246,62,27688
32575,33040,32237,32608,16325,34613,41424,31290,34640,32368,41288,38040,21312,32768,37812,13246,27246,62,27688
32568,33243,32647,33024,62141,34613,41424,31290,34640,32368,41288,38040,21312,32768,37812,13246,27246,62,27688
32544,32609,34691,32812,31136,34613,41424,31290,34640,32368,41288,38040,21312,32768,37812,13246,27246,62,27688
32592,33031,33744,32804,30903,34613,41424,31290,34640,32368,41288,38040,21312,32768,37812,13246,27246,62,27688
32688,32908,32386,32843,39764,34613,41424,31290,34640,32368,41288,38040,21312,32768,37812,13246,27246,62,27688
32720,33218,32290,32970,35352,34613,41424,31290,34640,32368,41288,38040,21312,32768,37812,13246,27246,62,27688
32787,33200,32043,33010,31887,34613,41424,31290,34640,32368,41288,38040,21312,32768,37812,13246,27246,62,27688
32789,32952,32549,32822,33952,34613,41424,31290,34640,32368,41288,38040,21312,32768,37812,13246,27246,62,27688
32781,33257,33245,32657,31606,33780,42228,33320,34536,31284,39088,40432,20776,32761,40896,16672,28036,62,22015
32790,33031,33295,32873,32197,33780,42228,33320,34536,31284,39088,40432,20776,32761,40896,16672,28036,62,22015
32656,32924,33206,32931,34937,33780,42228,33320,34536,31284,39088,40432,20776,32761,40896,16672,28036,62,22015
32637,33184,33121,32858,33123,33780,42228,33320,34536,31284,39088,40432,20776,32761,40896,16672,28036,62,22015
32606,32871,32804,32799,33216,33780,42228,33320,34536,31284,39088,40432,20776,32761,40896,16672,28036,62,22015
32641,33228,32722,32623,35043,33780,42228,33320,34536,31284,39088,40432,20776,32761,40896,16672,28036,62,22015
32636,33104,32582,32631,32347,33780,42228,33320,34536,31284,39088,40432,20776,32761,40896,16672,28036,62,22015
32672,32893,32558,32754,33045,33780,42228,33320,34536,31284,39088,40432,20776,32761,40896,16672,28036,62,22015
32632,33171,32713,32804,32311,33780,42228,33320,34536,31284,39088,40432,20776,32761,40896,16672,28036,62,22015
32623,32889,32846,32623,31666,33780,42228,33320,34536,31284,39088,40432,20776,32761,40896,16672,28036,62,22015
32664,33255,32854,32643,35019,33142,42512,34904,34363,31250,37090,41028,20268,32759,41952,19264,24700,62,19837
32657,32969,32835,32734,30942,33142,42512,34904,34363,31250,37090,41028,20268,32759,41952,19264,24700,62,19837
32676,32971,32826,32630,32948,33142,42512,34904,34363,31250,37090,41028,20268,32759,41952,19264,24700,62,19837
32698,33278,32750,32704,32140,33142,42512,34904,34363,31250,37090,41028,20268,32759,41952,19264,24700,62,19837
32730,32927,32750,32672,31582,33142,42512,34904,34363,31250,37090,41028,20268,32759,41952,19264,24700,62,19837
32676,33202,32825,32752,33049,33142,42512,34904,34363,31250,37090,41028,20268,32759,41952,19264,24700,62,19837
32664,32976,32909,33098,33030,33142,42512,34904,34363,31250,37090,41028,20268,32759,41952,19264,24700,62,19837
32711,32910,32969,33095,31918,33142,42512,34904,34363,31250,37090,41028,20268,32759,41952,19264,24700,62,19837
32730,33091,33053,33204,34189,33142,42512,34904,34363,31250,37090,41028,20268,32759,41952,19264,24700,62,19837
32740,32988,33008,33145,33733,33142,42512,34904,34363,31250,37090,41028,20268,32759,41952,19264,24700,62,19837
32817,33070,33018,33189,31163,32644,41962,36116,34372,30888,35300,38932,19897,32757,43272,24389,24120,63,18814
32774,33203,32717,33058,34150,32644,41962,36116,34372,30888,35300,38932,19897,32757,43272,24389,24120,63,18814
32772,33049,32672,32952,10408,32644,41962,36116,34372,30888,35300,38932,19897,32757,43272,24389,24120,63,18814
32824,33332,32044,33072,36773,32644,41962,36116,34372,30888,35300,38932,19897,32757,43272,24389,24120,63,18814
32762,32813,31517,33117,62072,32644,41962,36116,34372,30888,35300,38932,19897,32757,43272,24389,24120,63,18814
32772,33146,31876,32780,21354,32644,41962,36116,34372,30888,35300,38932,19897,32757,43272,24389,24120,63,18814
32813,32949,31958,32910,6730,32644,41962,36116,34372,30888,35300,38932,19897,32757,43272,24389,24120,63,18814
32832,33252,31910,33191,20563,32644,41962,36116,34372,30888,35300,38932,19897,32757,43272,24389,24120,63,18814
32797,32980,32552,32912,48231,32644,41962,36116,34372,30888,35300,38932,19897,32757,43272,24389,24120,63,18814
32836,33305,33426,32823,64679,32644,41962,36116,34372,30888,35300,38932,19897,32757,43272,24389,24120,63,18814
32855,33434,33949,32841,52058,32365,41048,36736,34508,30546,33304,37002,19499,32757,47992,27844,25071,61,19400
32866,33648,33685,32960,30063,32365,41048,36736,34508,30546,33304,37002,19499,32757,47992,27844,25071,61,19400
32860,32989,34550,33103,26420,32365,41048,36736,34508,30546,33304,37002,19499,32757,47992,27844,25071,61,19400
32881,32855,34184,32967,25316,32365,41048,36736,34508,30546,33304,37002,19499,32757,47992,27844,25071,61,19400
32805,33285,32976,32772,33754,32365,41048,36736,34508,30546,33304,37002,19499,32757,47992,27844,25071,61,19400
32808,33162,32484,32736,39381,32365,41048,36736,34508,30546,33304,37002,19499,32757,47992,27844,25071,61,19400
32728,33529,32262,32549,35667,32365,41048,36736,34508,30546,33304,37002,19499,32757,47992,27844,25071,61,19400
32699,33257,32049,32808,31525,32365,41048,36736,34508,30546,33304,37002,19499,32757,47992,27844,25071,61,19400
32626,32882,32370,32765,3675,32365,41048,36736,34508,30546,33304,37002,19499,32757,47992,27844,25071,61,19400
32704,33318,32639,32636,31234,32365,41048,36736,34508,30546,33304,37002,19499,32757,47992,27844,25071,61,19400
32778,33076,32970,32592,43551,32680,39548,37157,34396,30560,31536,37113,19192,32761,46752,32012,25574,63,18497
32880,33236,33298,32634,28605,32680,39548,37157,34396,30560,31536,37113,19192,32761,46752,32012,25574,63,18497
32909,32671,33518,32681,30018,32680,39548,37157,34396,30560,31536,37113,19192,32761,46752,32012,25574,63,18497
32871,32926,33150,32868,28751,32680,39548,37157,34396,30560,31536,37113,19192,32761,46752,32012,25574,63,18497
32758,32839,32328,32688,30536,32680,39548,37157,34396,30560,31536,37113,19192,32761,46752,32012,25574,63,18497
32635,33033,31172,32608,34472,32680,39548,37157,34396,30560,31536,37113,19192,32761,46752,32012,25574,63,18497
32747,32819,31284,32837,38241,32680,39548,37157,34396,30560,31536,37113,19192,32761,46752,32012,25574,63,18497
32820,32959,33030,32914,27885,32680,39548,37157,34396,30560,31536,37113,19192,32761,46752,32012,25574,63,18497
32750,32908,35161,32953,29072,32680,39548,37157,34396,30560,31536,37113,19192,32761,46752,32012,25574,63,18497
32856,32925,34496,32842,34216,32680,39548,37157,34396,30560,31536,37113,19192,32761,46752,32012,25574,63,18497
32923,33367,33388,32833,34044,32968,38188,37683,34445,32060,31282,36864,18982,32757,45056,32304,27118,64,12486
32824,33106,33364,32948,35520,32968,38188,37683,34445,32060,31282,36864,18982,32757,45056,32304,27118,64,12486
32690,33304,32708,33060,35760,32968,38188,37683,34445,32060,31282,36864,18982,32757,45056,32304,27118,64,12486
32520,33045,32157,32740,40862,32968,38188,37683,34445,32060,31282,36864,18982,32757,45056,32304,27118,64,12486
32592,33383,32995,32689,40343,32968,38188,37683,34445,32060,31282,36864,18982,32757,45056,32304,27118,64,12486
32788,33270,32217,32916,37821,32968,38188,37683,34445,32060,31282,36864,18982,32757,45056,32304,27118,64,12486
32809,33504,32159,32940,36156,32968,38188,37683,34445,32060,31282,36864,18982,32757,45056,32304,27118,64,12486
32864,33045,32548,32540,35829,32968,38188,37683,34445,32060,31282,36864,18982,32757,45056,32304,27118,64,12486
32842,32811,32532,32665,33313,32968,38188,37683,34445,32060,31282,36864,18982,32757,45056,32304,27118,64,12486
32850,32550,33048,32928,33933,32968,38188,37683,34445,32060,31282,36864,18982,32757,45056,32304,27118,64,12486
32845,32680,33707,32761,30023,33088,37396,37636,34436,33810,31128,34844,18844,32760,46396,26031,32584,62,1428
32746,32899,31168,32592,32070,33088,37396,37636,34436,33810,31128,34844,18844,32760,46396,26031,32584,62,1428
32626,32994,31502,32509,33314,33088,37396,37636,34436,33810,31128,34844,18844,32760,46396,26031,32584,62,1428
32556,33242,31504,32495,33056,33088,37396,37636,34436,33810,31128,34844,18844,32760,46396,26031,32584,62,1428
32614,33060,31333,32746,33065,33088,37396,37636,34436,33810,31128,34844,18844,32760,46396,26031,32584,62,1428
32686,33368,30658,32944,31967,33088,37396,37636,34436,33810,31128,34844,18844,32760,46396,26031,32584,62,1428
32720,33338,31424,33047,30172,33088,37396,37636,34436,33810,31128,34844,18844,32760,46396,26031,32584,62,1428
32850,33060,34616,32948,32708,33088,37396,37636,34436,33810,31128,34844,18844,32760,46396,26031,32584,62,1428
32873,33145,36718,32965,31016,33088,37396,37636,34436,33810,31128,34844,18844,32760,46396,26031,32584,62,1428
32772,32759,34605,32932,33399,33088,37396,37636,34436,33810,31128,34844,18844,32760,46396,26031,32584,62,1428
32840,32699,34294,33355,32028,32936,36896,36480,34412,33178,30444,35268,18845,32761,45756,18093,30193,62,9001
32920,32552,32885,32961,31348,32936,36896,36480,34412,33178,30444,35268,18845,32761,45756,18093,30193,62,9001
33124,32911,31454,32479,32691,32936,36896,36480,34412,33178,30444,35268,18845,32761,45756,18093,30193,62,9001
33312,33026,30559,32484,30836,32936,36896,36480,34412,33178,30444,35268,18845,32761,45756,18093,30193,62,9001
33560,33158,31239,32488,33862,32936,36896,36480,34412,33178,30444,35268,18845,32761,45756,18093,30193,62,9001
33530,33394,34592,32448,25632,32936,36896,36480,34412,33178,30444,35268,18845,32761,45756,18093,30193,62,9001
33554,33233,35250,32187,38616,32936,36896,36480,34412,33178,30444,35268,18845,32761,45756,18093,30193,62,9001
33380,33380,35890,32112,32444,32936,36896,36480,34412,33178,30444,35268,18845,32761,45756,18093,30193,62,9001
33065,33533,34518,32587,33666,32936,36896,36480,34412,33178,30444,35268,18845,32761,45756,18093,30193,62,9001
32932,33021,32498,32706,31632,32936,36896,36480,34412,33178,30444,35268,18845,32761,45756,18093,30193,62,9001
32732,33082,31600,32534,32156,32872,36656,35336,34470,32716,32016,36264,19025,32752,46574,9416,33006,63,37116
32584,32824,30570,32549,34030,32872,36656,35336,34470,32716,32016,36264,19025,32752,46574,9416,33006,63,37116
32641,32693,32159,32548,32148,32872,36656,35336,34470,32716,32016,36264,19025,32752,46574,9416,33006,63,37116
32612,33051,35182,32100,33080,32872,36656,35336,34470,32716,32016,36264,19025,32752,46574,9416,33006,63,37116
32635,32853,32828,32074,33203,32872,36656,35336,34470,32716,32016,36264,19025,32752,46574,9416,33006,63,37116
32868,33330,31775,32524,31236,32872,36656,35336,34470,32716,32016,36264,19025,32752,46574,9416,33006,63,37116
33008,33166,31637,32988,33584,32872,36656,35336,34470,32716,32016,36264,19025,32752,46574,9416,33006,63,37116
32995,33012,31030,32864,32331,32872,36656,35336,34470,32716,32016,36264,19025,32752,46574,9416,33006,63,37116
33043,33484,31472,32983,32317,32872,36656,35336,34470,32716,32016,36264,19025,32752,46574,9416,33006,63,37116
32951,33167,32408,33092,34785,32872,36656,35336,34470,32716,32016,36264,19025,32752,46574,9416,33006,63,37116
32900,24684,32816,32713,33117,33057,36677,35272,34776,32458,33328,36608,19253,32757,45634,4950,28312,67,50912
32700,31043,32221,33571,32280,33057,36677,35272,34776,32458,33328,36608,19253,32757,45634,4950,28312,67,50912
32576,34525,31764,34404,34860,33057,36677,35272,34776,32458,33328,36608,19253,32757,45634,4950,28312,67,50912
32596,35106,32295,33846,33436,33057,36677,35272,34776,32458,33328,36608,19253,32757,45634,4950,28312,67,50912
32548,35894,32533,33287,32072,33057,36677,35272,34776,32458,33328,36608,19253,32757,45634,4950,28312,67,50912
32548,35316,33604,33221,34690,33057,36677,35272,34776,32458,33328,36608,19253,32757,45634,4950,28312,67,50912
32500,35268,34602,32656,33218,33057,36677,35272,34776,32458,33328,36608,19253,32757,45634,4950,28312,67,50912
32452,34565,34123,32993,31876,33057,36677,35272,34776,32458,33328,36608,19253,32757,45634,4950,28312,67,50912
32336,33672,33092,33191,33634,33057,36677,35272,34776,32458,33328,36608,19253,32757,45634,4950,28312,67,50912
32072,32972,32347,33172,31654,33057,36677,35272,34776,32458,33328,36608,19253,32757,45634,4950,28312,67,50912
31966,31973,31747,33522,32448,33196,36500,35864,34708,31888,33012,36000,19444,32756,46120,4277,26657,63,38584
32006,32041,31154,33301,30965,33196,36500,35864,34708,31888,33012,36000,19444,32756,46120,4277,26657,63,38584
32194,32589,30793,32531,31154,33196,36500,35864,34708,31888,33012,36000,19444,32756,46120,4277,26657,63,38584
32422,32711,30997,31776,33625,33196,36500,35864,34708,31888,33012,36000,19444,32756,46120,4277,26657,63,38584
32616,33221,31390,31573,34264,33196,36500,35864,34708,31888,33012,36000,19444,32756,46120,4277,26657,63,38584
32775,33010,32055,31684,31554,33196,36500,35864,34708,31888,33012,36000,19444,32756,46120,4277,26657,63,38584
32969,33113,32761,32104,33081,33196,36500,35864,34708,31888,33012,36000,19444,32756,46120,4277,26657,63,38584
33206,32706,33362,32131,32537,33196,36500,35864,34708,31888,33012,36000,19444,32756,46120,4277,26657,63,38584
33069,33044,33852,32420,32771,33196,36500,35864,34708,31888,33012,36000,19444,32756,46120,4277,26657,63,38584
32973,32876,33927,33352,35566,33196,36500,35864,34708,31888,33012,36000,19444,32756,46120,4277,26657,63,38584
32928,32902,34112,33430,35770,33416,36322,36192,34955,32104,32772,36828,19864,32757,46256,13624,30722,69,35480
32750,33113,33887,33403,32893,33416,36322,36192,34955,32104,32772,36828,19864,32757,46256,13624,30722,69,35480
32502,32737,33533,34563,33240,33416,36322,36192,34955,32104,32772,36828,19864,32757,46256,13624,30722,69,35480
32612,33016,33314,34136,34486,33416,36322,36192,34955,32104,32772,36828,19864,32757,46256,13624,30722,69,35480
33069,32956,32967,33047,31443,33416,36322,36192,34955,32104,32772,36828,19864,32757,46256,13624,30722,69,35480
33234,32886,33864,32480,32234,33416,36322,36192,34955,32104,32772,36828,19864,32757,46256,13624,30722,69,35480
33054,32996,35988,30951,29405,33416,36322,36192,34955,32104,32772,36828,19864,32757,46256,13624,30722,69,35480
32911,32977,34551,31944,32082,33416,36322,36192,34955,32104,32772,36828,19864,32757,46256,13624,30722,69,35480
32810,33066,33707,33522,33034,33416,36322,36192,34955,32104,32772,36828,19864,32757,46256,13624,30722,69,35480
32569,33354,33688,33799,34183,33416,36322,36192,34955,32104,32772,36828,19864,32757,46256,13624,30722,69,35480
32263,33338,33946,33181,35029,33794,35818,36176,34978,32332,32841,37912,20234,32756,47832,29420,29972,6484,31732
32144,33701,34134,32130,35978,33794,35818,36176,34978,32332,32841,37912,20234,32756,47832,29420,29972,6484,31732
32208,33237,34412,32210,35036,33794,35818,36176,34978,32332,32841,37912,20234,32756,47832,29420,29972,6484,31732
32168,33146,34320,32065,31249,33794,35818,36176,34978,32332,32841,37912,20234,32756,47832,29420,29972,6484,31732
32332,32278,34099,33084,31658,33794,35818,36176,34978,32332,32841,37912,20234,32756,47832,29420,29972,6484,31732
32344,31967,34118,33596,30828,33794,35818,36176,34978,32332,32841,37912,20234,32756,47832,29420,29972,6484,31732
32187,32155,33334,32347,30475,33794,35818,36176,34978,32332,32841,37912,20234,32756,47832,29420,29972,6484,31732
31942,32455,32484,32224,33727,33794,35818,36176,34978,32332,32841,37912,20234,32756,47832,29420,29972,6484,31732
31978,32548,32045,32160,31691,33794,35818,36176,34978,32332,32841,37912,20234,32756,47832,29420,29972,6484,31732
32453,32701,32299,32113,33480,33794,35818,36176,34978,32332,32841,37912,20234,32756,47832,29420,29972,6484,31732
32820,32832,31598,32532,34584,34362,35269,36176,34928,32228,32292,38330,20738,32752,48456,38240,29680,10836,25998
32848,33065,31570,32625,32159,34362,35269,36176,34928,32228,32292,38330,20738,32752,48456,38240,29680,10836,25998
32937,32725,31853,33028,33611,34362,35269,36176,34928,32228,32292,38330,20738,32752,48456,38240,29680,10836,25998
33158,33072,31464,32940,34506,34362,35269,36176,34928,32228,32292,38330,20738,32752,48456,38240,29680,10836,25998
33229,33422,31165,32859,31986,34362,35269,36176,34928,32228,32292,38330,20738,32752,48456,38240,29680,10836,25998
33491,33262,30990,33454,33237,34362,35269,36176,34928,32228,32292,38330,20738,32752,48456,38240,29680,10836,25998
33639,33122,31113,33445,33472,34362,35269,36176,34928,32228,32292,38330,20738,32752,48456,38240,29680,10836,25998
33544,33340,31510,33141,31653,34362,35269,36176,34928,32228,32292,38330,20738,32752,48456,38240,29680,10836,25998
33308,33112,31818,31892,33607,34362,35269,36176,34928,32228,32292,38330,20738,32752,48456,38240,29680,10836,25998
33166,33507,31732,32009,31288,34362,35269,36176,34928,32228,32292,38330,20738,32752,48456,38240,29680,10836,25998
33044,33163,32300,33299,31684,34674,34658,35952,34964,32752,31416,38250,21240,32756,48680,39444,27628,17373,28352
32928,33545,33016,33188,34614,34674,34658,35952,34964,32752,31416,38250,21240,32756,48680,39444,27628,17373,28352
33126,33828,32902,32852,33221,34674,34658,35952,34964,32752,31416,38250,21240,32756,48680,39444,27628,17373,28352
33211,33262,31545,33261,32350,34674,34658,35952,34964,32752,31416,38250,21240,32756,48680,39444,27628,17373,28352
33033,33562,31611,32128,34486,34674,34658,35952,34964,32752,31416,38250,21240,32756,48680,39444,27628,17373,28352
32729,33224,31693,31458,33124,34674,34658,35952,34964,32752,31416,38250,21240,32756,48680,39444,27628,17373,28352
32469,33007,31066,31956,31390,34674,34658,35952,34964,32752,31416,38250,21240,32756,48680,39444,27628,17373,28352
32388,32720,30921,32668,33876,34674,34658,35952,34964,32752,31416,38250,21240,32756,48680,39444,27628,17373,28352
32464,31700,31652,33218,32093,34674,34658,35952,34964,32752,31416,38250,21240,32756,48680,39444,27628,17373,28352
32616,31816,32306,33015,31642,34674,34658,35952,34964,32752,31416,38250,21240,32756,48680,39444,27628,17373,28352
32852,32546,32962,34343,33651,34532,33664,35628,34848,33888,31216,37736,21740,32756,53904,33024,30449,20792,23224
32992,33018,33608,35102,30642,34532,33664,35628,34848,33888,31216,37736,21740,32756,53904,33024,30449,20792,23224
33019,32951,33794,33476,32279,34532,33664,35628,34848,33888,31216,37736,21740,32756,53904,33024,30449,20792,23224
33064,33147,33659,32984,34040,34532,33664,35628,34848,33888,31216,37736,21740,32756,53904,33024,30449,20792,23224
32858,33205,33236,32693,32062,34532,33664,35628,34848,33888,31216,37736,21740,32756,53904,33024,30449,20792,23224
32778,33208,33025,31990,32946,34532,33664,35628,34848,33888,31216,37736,21740,32756,53904,33024,30449,20792,23224
32860,33660,32785,32006,32308,34532,33664,35628,34848,33888,31216,37736,21740,32756,53904,33024,30449,20792,23224
32875,33281,32720,32454,31363,34532,33664,35628,34848,33888,31216,37736,21740,32756,53904,33024,30449,20792,23224
32885,33250,32880,32899,34273,34532,33664,35628,34848,33888,31216,37736,21740,32756,53904,33024,30449,20792,23224
32948,33253,32962,32696,32634,34532,33664,35628,34848,33888,31216,37736,21740,32756,53904,33024,30449,20792,23224
32802,33245,33017,32615,32157,34212,32968,35836,34779,33850,31312,37508,22308,32748,48884,26628,28197,26350,22525
32734,33588,32996,32368,34243,34212,32968,35836,34779,33850,31312,37508,22308,32748,48884,26628,28197,26350,22525
32781,33234,33100,32474,32346,34212,32968,35836,34779,33850,31312,37508,22308,32748,48884,26628,28197,26350,22525
32656,33216,32950,32676,32544,34212,32968,35836,34779,33850,31312,37508,22308,32748,48884,26628,28197,26350,22525
32900,33166,32880,32861,34255,34212,32968,35836,34779,33850,31312,37508,22308,32748,48884,26628,28197,26350,22525
32797,32879,32679,32807,30907,34212,32968,35836,34779,33850,31312,37508,22308,32748,48884,26628,28197,26350,22525
32802,33399,32599,33176,33676,34212,32968,35836,34779,33850,31312,37508,22308,32748,48884,26628,28197,26350,22525
32644,33220,32752,32171,33154,34212,32968,35836,34779,33850,31312,37508,22308,32748,48884,26628,28197,26350,22525
32489,32970,32636,32348,32326,34212,32968,35836,34779,33850,31312,37508,22308,32748,48884,26628,28197,26350,22525
32462,32729,32722,33351,34132,34212,32968,35836,34779,33850,31312,37508,22308,32748,48884,26628,28197,26350,22525
32448,32494,32646,32841,33380,34036,32969,35472,34764,32700,31443,38656,22809,32756,48584,21655,30396,30670,23940
32412,33053,32599,31982,30790,34036,32969,35472,34764,32700,31443,38656,22809,32756,48584,21655,30396,30670,23940
32487,32775,32598,31751,33398,34036,32969,35472,34764,32700,31443,38656,22809,32756,48584,21655,30396,30670,23940
32598,33191,32709,31734,31215,34036,32969,35472,34764,32700,31443,38656,22809,32756,48584,21655,30396,30670,23940
32781,33086,32858,31935,33128,34036,32969,35472,34764,32700,31443,38656,22809,32756,48584,21655,30396,30670,23940
32835,32966,32987,33207,34364,34036,32969,35472,34764,32700,31443,38656,22809,32756,48584,21655,30396,30670,23940
32876,33355,33010,34429,31605,34036,32969,35472,34764,32700,31443,38656,22809,32756,48584,21655,30396,30670,23940
32856,33287,33122,34197,32976,34036,32969,35472,34764,32700,31443,38656,22809,32756,48584,21655,30396,30670,23940
32876,33684,33052,33350,33568,34036,32969,35472,34764,32700,31443,38656,22809,32756,48584,21655,30396,30670,23940
32805,33281,32617,32595,32100,34036,32969,35472,34764,32700,31443,38656,22809,32756,48584,21655,30396,30670,23940
32837,33710,32505,30808,34722,33682,32868,34996,34784,32504,31687,39372,23424,32752,45814,22272,29404,32480,25629
32808,33762,32297,32453,32866,33682,32868,34996,34784,32504,31687,39372,23424,32752,45814,22272,29404,32480,25629
32797,33178,32541,32471,32590,33682,32868,34996,34784,32504,31687,39372,23424,32752,45814,22272,29404,32480,25629
32718,33767,32923,33296,34716,33682,32868,34996,34784,32504,31687,39372,23424,32752,45814,22272,29404,32480,25629
32608,33554,32875,37348,33518,33682,32868,34996,34784,32504,31687,39372,23424,32752,45814,22272,29404,32480,25629
32592,32678,33062,36170,31271,33682,32868,34996,34784,32504,31687,39372,23424,32752,45814,22272,29404,32480,25629
32664,31940,33004,36856,33958,33682,32868,34996,34784,32504,31687,39372,23424,32752,45814,22272,29404,32480,25629
32644,31972,33094,33406,32021,33682,32868,34996,34784,32504,31687,39372,23424,32752,45814,22272,29404,32480,25629
32610,32548,33185,30176,32826,33682,32868,34996,34784,32504,31687,39372,23424,32752,45814,22272,29404,32480,25629
32651,32873,33328,29638,34209,33682,32868,34996,34784,32504,31687,39372,23424,32752,45814,22272,29404,32480,25629
32673,32291,33348,31023,32275,33408,32309,34904,34773,33417,32320,38642,23988,32752,44182,33200,29248,39808,25288
32656,32659,33210,31632,33682,33408,32309,34904,34773,33417,32320,38642,23988,32752,44182,33200,29248,39808,25288
32573,32928,33060,32148,33109,33408,32309,34904,34773,33417,32320,38642,23988,32752,44182,33200,29248,39808,25288
32433,33165,33398,30813,31567,33408,32309,34904,34773,33417,32320,38642,23988,32752,44182,33200,29248,39808,25288
32435,32900,33227,31574,33712,33408,32309,34904,34773,33417,32320,38642,23988,32752,44182,33200,29248,39808,25288
32507,32879,33115,32038,32652,33408,32309,34904,34773,33417,32320,38642,23988,32752,44182,33200,29248,39808,25288
32428,32690,33076,33660,31598,33408,32309,34904,34773,33417,32320,38642,23988,32752,44182,33200,29248,39808,25288
32340,32804,33172,34440,33606,33408,32309,34904,34773,33417,32320,38642,23988,32752,44182,33200,29248,39808,25288
32433,32831,33148,34517,31733,33408,32309,34904,34773,33417,32320,38642,23988,32752,44182,33200,29248,39808,25288
32656,32703,33199,33970,32960,33408,32309,34904,34773,33417,32320,38642,23988,32752,44182,33200,29248,39808,25288
32971,33258,33168,33445,34781,33256,32484,35400,34720,33688,36168,33686,24639,32748,44509,37716,29064,43518,29360
33094,33462,33012,33959,32886,33256,32484,35400,34720,33688,36168,33686,24639,32748,44509,37716,29064,43518,29360
32908,33132,32735,33508,32952,33256,32484,35400,34720,33688,36168,33686,24639,32748,44509,37716,29064,43518,29360
32738,33439,32737,32790,34373,33256,32484,35400,34720,33688,36168,33686,24639,32748,44509,37716,29064,43518,29360
32860,33216,32736,32408,31821,33256,32484,35400,34720,33688,36168,33686,24639,32748,44509,37716,29064,43518,29360
32826,33558,32696,32545,32554,33256,32484,35400,34720,33688,36168,33686,24639,32748,44509,37716,29064,43518,29360
32792,33256,32599,32988,33623,33256,32484,35400,34720,33688,36168,33686,24639,32748,44509,37716,29064,43518,29360
32819,33415,32768,32677,31224,33256,32484,35400,34720,33688,36168,33686,24639,32748,44509,37716,29064,43518,29360
32784,33529,32808,32300,33340,33256,32484,35400,34720,33688,36168,33686,24639,32748,44509,37716,29064,43518,29360
32868,33122,32941,32248,32102,33256,32484,35400,34720,33688,36168,33686,24639,32748,44509,37716,29064,43518,29360
32954,33117,33022,32605,31691,33176,33021,36164,34616,33532,33680,35272,25208,32748,43337,37966,25780,42353,31504
32884,32906,32824,33284,34067,33176,33021,36164,34616,33532,33680,35272,25208,32748,43337,37966,25780,42353,31504
33060,32875,32705,33728,31687,33176,33021,36164,34616,33532,33680,35272,25208,32748,43337,37966,25780,42353,31504
33148,33278,32616,33479,33424,33176,33021,36164,34616,33532,33680,35272,25208,32748,43337,37966,25780,42353,31504
32980,33366,32444,33053,33442,33176,33021,36164,34616,33532,33680,35272,25208,32748,43337,37966,25780,42353,31504
32880,33340,32535,32482,33310,33176,33021,36164,34616,33532,33680,35272,25208,32748,43337,37966,25780,42353,31504
32904,33474,32623,31784,31808,33176,33021,36164,34616,33532,33680,35272,25208,32748,43337,37966,25780,42353,31504
33032,32996,32644,31895,34265,33176,33021,36164,34616,33532,33680,35272,25208,32748,43337,37966,25780,42353,31504
33007,33166,32812,31856,31640,33176,33021,36164,34616,33532,33680,35272,25208,32748,43337,37966,25780,42353,31504
32928,33232,32790,32844,32632,33176,33021,36164,34616,33532,33680,35272,25208,32748,43337,37966,25780,42353,31504
32688,33021,32928,33210,33447,33420,34210,35694,34496,32308,35704,35858,25696,32740,42212,35799,25302,45068,34624
32623,33774,33248,32928,31673,33420,34210,35694,34496,32308,35704,35858,25696,32740,42212,35799,25302,45068,34624
32481,33490,33100,33302,33437,33420,34210,35694,34496,32308,35704,35858,25696,32740,42212,35799,25302,45068,34624
32424,33670,32702,33663,33678,33420,34210,35694,34496,32308,35704,35858,25696,32740,42212,35799,25302,45068,34624
32324,33190,32247,32998,32287,33420,34210,35694,34496,32308,35704,35858,25696,32740,42212,35799,25302,45068,34624
32520,32619,31957,32438,33710,33420,34210,35694,34496,32308,35704,35858,25696,32740,42212,35799,25302,45068,34624
32754,32908,31279,31389,34217,33420,34210,35694,34496,32308,35704,35858,25696,32740,42212,35799,25302,45068,34624
32829,32616,31618,31298,32054,33420,34210,35694,34496,32308,35704,35858,25696,32740,42212,35799,25302,45068,34624
32914,32754,32274,31624,33406,33420,34210,35694,34496,32308,35704,35858,25696,32740,42212,35799,25302,45068,34624
32892,32456,32206,33995,32932,33420,34210,35694,34496,32308,35704,35858,25696,32740,42212,35799,25302,45068,34624
32902,32500,33010,33482,31209,33428,35352,34744,34356,31514,36616,36880,26256,32752,41688,32522,24949,47472,33212
33060,32194,34148,33656,33643,33428,35352,34744,34356,31514,36616,36880,26256,32752,41688,32522,24949,47472,33212
33352,31834,33303,33017,32634,33428,35352,34744,34356,31514,36616,36880,26256,32752,41688,32522,24949,47472,33212
33268,33137,32775,32524,32042,33428,35352,34744,34356,31514,36616,36880,26256,32752,41688,32522,24949,47472,33212
33387,33884,32778,31533,34568,33428,35352,34744,34356,31514,36616,36880,26256,32752,41688,32522,24949,47472,33212
33462,33653,32872,31381,32615,33428,35352,34744,34356,31514,36616,36880,26256,32752,41688,32522,24949,47472,33212
33329,33876,32925,30962,32868,33428,35352,34744,34356,31514,36616,36880,26256,32752,41688,32522,24949,47472,33212
33024,33946,32984,31194,34242,33428,35352,34744,34356,31514,36616,36880,26256,32752,41688,32522,24949,47472,33212
32480,33957,32952,32706,31991,33428,35352,34744,34356,31514,36616,36880,26256,32752,41688,32522,24949,47472,33212
32204,34138,32968,34262,33512,33428,35352,34744,34356,31514,36616,36880,26256,32752,41688,32522,24949,47472,33212
32176,33468,33112,35273,33984,33248,36168,33240,34368,30784,36432,35900,26792,32744,36038,30056,26304,48504,32622
32224,32848,32912,35390,32157,33248,36168,33240,34368,30784,36432,35900,26792,32744,36038,30056,26304,48504,32622
31965,33316,32775,33224,33664,33248,36168,33240,34368,30784,36432,35900,26792,32744,36038,30056,26304,48504,32622
31888,32376,32677,33328,33309,33248,36168,33240,34368,30784,36432,35900,26792,32744,36038,30056,26304,48504,32622
32164,31866,32801,33275,31580,33248,36168,33240,34368,30784,36432,35900,26792,32744,36038,30056,26304,48504,32622
32190,31778,32731,33572,33567,33248,36168,33240,34368,30784,36432,35900,26792,32744,36038,30056,26304,48504,32622
32236,30179,32678,33724,32694,33248,36168,33240,34368,30784,36432,35900,26792,32744,36038,30056,26304,48504,32622
32024,31469,32641,33034,31576,33248,36168,33240,34368,30784,36432,35900,26792,32744,36038,30056,26304,48504,32622
32224,31623,32537,32485,34175,33248,36168,33240,34368,30784,36432,35900,26792,32744,36038,30056,26304,48504,32622
32703,32256,32594,32352,31965,33248,36168,33240,34368,30784,36432,35900,26792,32744,36038,30056,26304,48504,32622
33416,33632,32624,32810,33016,33381,36752,31352,34524,30840,36512,35500,27260,32744,23564,25156,22566,55632,35048
33734,33776,32724,32327,34008,33381,36752,31352,34524,30840,36512,35500,27260,32744,23564,25156,22566,55632,35048
33941,34110,32856,33202,32431,33381,36752,31352,34524,30840,36512,35500,27260,32744,23564,25156,22566,55632,35048
33912,34326,32930,31878,32161,33381,36752,31352,34524,30840,36512,35500,27260,32744,23564,25156,22566,55632,35048
34048,34303,32810,30884,34387,33381,36752,31352,34524,30840,36512,35500,27260,32744,23564,25156,22566,55632,35048
34064,33892,32610,31965,32072,33381,36752,31352,34524,30840,36512,35500,27260,32744,23564,25156,22566,55632,35048
33954,34056,32690,32188,32922,33381,36752,31352,34524,30840,36512,35500,27260,32744,23564,25156,22566,55632,35048
33570,34072,32796,32742,34248,33381,36752,31352,34524,30840,36512,35500,27260,32744,23564,25156,22566,55632,35048
32914,33980,32945,33245,32125,33381,36752,31352,34524,30840,36512,35500,27260,32744,23564,25156,22566,55632,35048
32456,34390,32914,33131,33150,33381,36752,31352,34524,30840,36512,35500,27260,32744,23564,25156,22566,55632,35048
32317,34263,32708,32587,33408,33644,37335,29584,34621,30754,36749,35412,27772,32744,23036,26658,22834,45289,44476
32290,33431,32481,32039,31654,33644,37335,29584,34621,30754,36749,35412,27772,32744,23036,26658,22834,45289,44476
32372,33430,32583,32258,33723,33644,37335,29584,34621,30754,36749,35412,27772,32744,23036,26658,22834,45289,44476
32564,32394,32750,31656,32275,33644,37335,29584,34621,30754,36749,35412,27772,32744,23036,26658,22834,45289,44476
32674,31922,33053,32422,31412,33644,37335,29584,34621,30754,36749,35412,27772,32744,23036,26658,22834,45289,44476
32893,30063,33013,34924,33610,33644,37335,29584,34621,30754,36749,35412,27772,32744,23036,26658,22834,45289,44476
32980,29722,32925,34125,32503,33644,37335,29584,34621,30754,36749,35412,27772,32744,23036,26658,22834,45289,44476
33378,30423,32910,33231,31780,33644,37335,29584,34621,30754,36749,35412,27772,32744,23036,26658,22834,45289,44476
33309,30933,32882,31237,33880,33644,37335,29584,34621,30754,36749,35412,27772,32744,23036,26658,22834,45289,44476
33093,32121,32818,30613,32023,33644,37335,29584,34621,30754,36749,35412,27772,32744,23036,26658,22834,45289,44476
32775,33138,32804,31113,32306,33776,37352,28926,34724,30933,37104,35046,28209,32740,38720,37882,25888,47480,64
32606,33376,32946,33064,34183,33776,37352,28926,34724,30933,37104,35046,28209,32740,38720,37882,25888,47480,64
32582,31492,33000,34966,32345,33776,37352,28926,34724,30933,37104,35046,28209,32740,38720,37882,25888,47480,64
32628,31058,32861,35557,32836,33776,37352,28926,34724,30933,37104,35046,28209,32740,38720,37882,25888,47480,64
32512,32010,32604,32971,33529,33776,37352,28926,34724,30933,37104,35046,28209,32740,38720,37882,25888,47480,64
32317,32706,32516,33526,31714,33776,37352,28926,34724,30933,37104,35046,28209,32740,38720,37882,25888,47480,64
32404,33078,32833,33930,33847,33776,37352,28926,34724,30933,37104,35046,28209,32740,38720,37882,25888,47480,64
32525,33032,33091,34958,33694,33776,37352,28926,34724,30933,37104,35046,28209,32740,38720,37882,25888,47480,64
32339,32791,32882,34533,32932,33776,37352,28926,34724,30933,37104,35046,28209,32740,38720,37882,25888,47480,64
32260,33120,32626,32961,32404,33776,37352,28926,34724,30933,37104,35046,28209,32740,38720,37882,25888,47480,64
32168,33964,32590,33455,32498,33901,37276,30164,34832,31268,37418,34824,28560,32749,56088,39556,26853,58396,61
31990,34231,32580,32814,32247,33901,37276,30164,34832,31268,37418,34824,28560,32749,56088,39556,26853,58396,61
32131,34237,32383,31372,33588,33901,37276,30164,34832,31268,37418,34824,28560,32749,56088,39556,26853,58396,61
32461,33620,32448,31602,33367,33901,37276,30164,34832,31268,37418,34824,28560,32749,56088,39556,26853,58396,61
32512,33214,32754,31635,31161,33901,37276,30164,34832,31268,37418,34824,28560,32749,56088,39556,26853,58396,61
33004,34035,33208,31247,33444,33901,37276,30164,34832,31268,37418,34824,28560,32749,56088,39556,26853,58396,61
33056,34196,33170,30962,30079,33901,37276,30164,34832,31268,37418,34824,28560,32749,56088,39556,26853,58396,61
33210,34381,33194,31160,27078,33901,37276,30164,34832,31268,37418,34824,28560,32749,56088,39556,26853,58396,61
33115,34538,33245,32919,26078,33901,37276,30164,34832,31268,37418,34824,28560,32749,56088,39556,26853,58396,61
33260,33744,33183,31690,31543,33901,37276,30164,34832,31268,37418,34824,28560,32749,56088,39556,26853,58396,61
33442,33923,32908,31326,32654,33908,37076,31526,35106,32090,37352,34148,28964,32749,48344,27202,25036,49776,8948
33953,32771,32590,32167,33797,33908,37076,31526,35106,32090,37352,34148,28964,32749,48344,27202,25036,49776,8948
33772,31876,32538,35344,34860,33908,37076,31526,35106,32090,37352,34148,28964,32749,48344,27202,25036,49776,8948
32914,31440,32428,35993,35016,33908,37076,31526,35106,32090,37352,34148,28964,32749,48344,27202,25036,49776,8948
32449,31858,32564,35269,36946,33908,37076,31526,35106,32090,37352,34148,28964,32749,48344,27202,25036,49776,8948
31773,31601,32809,36330,38111,33908,37076,31526,35106,32090,37352,34148,28964,32749,48344,27202,25036,49776,8948
31124,31538,32787,31785,36240,33908,37076,31526,35106,32090,37352,34148,28964,32749,48344,27202,25036,49776,8948
30688,31778,32945,28129,37189,33908,37076,31526,35106,32090,37352,34148,28964,32749,48344,27202,25036,49776,8948
31234,32666,32778,31004,37612,33908,37076,31526,35106,32090,37352,34148,28964,32749,48344,27202,25036,49776,8948
31922,33372,32866,32846,37130,33908,37076,31526,35106,32090,37352,34148,28964,32749,48344,27202,25036,49776,8948
32454,33813,32956,32838,34780,33994,37475,32162,35108,32792,37368,33864,29364,32748,32710,25070,25156,48356,14276
32996,34136,32317,33164,32680,33994,37475,32162,35108,32792,37368,33864,29364,32748,32710,25070,25156,48356,14276
32848,33637,32469,32694,35231,33994,37475,32162,35108,32792,37368,33864,29364,32748,32710,25070,25156,48356,14276
33496,33144,33048,32518,34606,33994,37475,32162,35108,32792,37368,33864,29364,32748,32710,25070,25156,48356,14276
33862,33428,33366,32573,31984,33994,37475,32162,35108,32792,37368,33864,29364,32748,32710,25070,25156,48356,14276
33378,33224,32813,31182,32956,33994,37475,32162,35108,32792,37368,33864,29364,32748,32710,25070,25156,48356,14276
33590,33071,32393,31261,29324,33994,37475,32162,35108,32792,37368,33864,29364,32748,32710,25070,25156,48356,14276
32977,32896,32154,31492,32423,33994,37475,32162,35108,32792,37368,33864,29364,32748,32710,25070,25156,48356,14276
32388,33038,32333,31475,28933,33994,37475,32162,35108,32792,37368,33864,29364,32748,32710,25070,25156,48356,14276
32381,33799,32147,32050,31032,33994,37475,32162,35108,32792,37368,33864,29364,32748,32710,25070,25156,48356,14276
32516,34175,31968,32051,29471,33996,37930,32041,35024,33106,37260,33600,29732,32744,26492,16484,25956,48096,26502
32152,33762,32935,31964,30530,33996,37930,32041,35024,33106,37260,33600,29732,32744,26492,16484,25956,48096,26502
32472,31449,33857,38756,30965,33996,37930,32041,35024,33106,37260,33600,29732,32744,26492,16484,25956,48096,26502
32482,32488,33746,36417,30442,33996,37930,32041,35024,33106,37260,33600,29732,32744,26492,16484,25956,48096,26502
32242,33214,34631,38470,30656,33996,37930,32041,35024,33106,37260,33600,29732,32744,26492,16484,25956,48096,26502
32286,34600,34176,35124,30080,33996,37930,32041,35024,33106,37260,33600,29732,32744,26492,16484,25956,48096,26502
32296,33696,32456,30018,30325,33996,37930,32041,35024,33106,37260,33600,29732,32744,26492,16484,25956,48096,26502
32630,33799,32114,26707,29557,33996,37930,32041,35024,33106,37260,33600,29732,32744,26492,16484,25956,48096,26502
32519,34192,32186,32077,32717,33996,37930,32041,35024,33106,37260,33600,29732,32744,26492,16484,25956,48096,26502
32104,33422,32270,34512,31577,33996,37930,32041,35024,33106,37260,33600,29732,32744,26492,16484,25956,48096,26502
32420,32537,32319,34592,33986,34256,38612,31514,35162,33388,37472,33216,30069,32751,17488,15921,28976,45280,25832
32635,29250,32519,38956,33208,34256,38612,31514,35162,33388,37472,33216,30069,32751,17488,15921,28976,45280,25832
32648,29800,32636,37266,32277,34256,38612,31514,35162,33388,37472,33216,30069,32751,17488,15921,28976,45280,25832
32612,30702,32808,31437,33522,34256,38612,31514,35162,33388,37472,33216,30069,32751,17488,15921,28976,45280,25832
32828,31872,32710,28975,35030,34256,38612,31514,35162,33388,37472,33216,30069,32751,17488,15921,28976,45280,25832
33179,33120,32825,29463,32936,34256,38612,31514,35162,33388,37472,33216,30069,32751,17488,15921,28976,45280,25832
33281,33133,33022,30066,32630,34256,38612,31514,35162,33388,37472,33216,30069,32751,17488,15921,28976,45280,25832
33363,33766,32893,28130,34277,34256,38612,31514,35162,33388,37472,33216,30069,32751,17488,15921,28976,45280,25832
33534,33696,32792,31020,32920,34256,38612,31514,35162,33388,37472,33216,30069,32751,17488,15921,28976,45280,25832
33394,33336,32926,32272,32354,34256,38612,31514,35162,33388,37472,33216,30069,32751,17488,15921,28976,45280,25832
32854,32074,33090,38612,35676,34272,38674,31744,34932,33904,37720,32988,30246,32752,21604,31008,27000,50930,23372
32409,32596,32970,33508,34191,34272,38674,31744,34932,33904,37720,32988,30246,32752,21604,31008,27000,50930,23372
32086,32519,31994,31583,35021,34272,38674,31744,34932,33904,37720,32988,30246,32752,21604,31008,27000,50930,23372
32418,32393,32090,33789,30786,34272,38674,31744,34932,33904,37720,32988,30246,32752,21604,31008,27000,50930,23372
33172,32764,32504,34088,33871,34272,38674,31744,34932,33904,37720,32988,30246,32752,21604,31008,27000,50930,23372
33328,33414,32804,36498,31548,34272,38674,31744,34932,33904,37720,32988,30246,32752,21604,31008,27000,50930,23372
33152,33264,32800,34078,34837,34272,38674,31744,34932,33904,37720,32988,30246,32752,21604,31008,27000,50930,23372
33088,33462,32582,31205,33886,34272,38674,31744,34932,33904,37720,32988,30246,32752,21604,31008,27000,50930,23372
33129,34434,33100,31029,35245,34272,38674,31744,34932,33904,37720,32988,30246,32752,21604,31008,27000,50930,23372
33264,33348,34195,30848,34588,34272,38674,31744,34932,33904,37720,32988,30246,32752,21604,31008,27000,50930,23372
33164,32699,33406,32749,31680,34392,38572,31568,35132,34276,38028,32808,30432,32756,28873,49480,26045,46820,41844
32998,32679,32660,32763,33754,34392,38572,31568,35132,34276,38028,32808,30432,32756,28873,49480,26045,46820,41844
32984,33001,32540,32272,32891,34392,38572,31568,35132,34276,38028,32808,30432,32756,28873,49480,26045,46820,41844
32756,33394,32475,32419,32770,34392,38572,31568,35132,34276,38028,32808,30432,32756,28873,49480,26045,46820,41844
32622,33018,32527,32396,34502,34392,38572,31568,35132,34276,38028,32808,30432,32756,28873,49480,26045,46820,41844
32616,33344,32610,32360,33030,34392,38572,31568,35132,34276,38028,32808,30432,32756,28873,49480,26045,46820,41844
32635,33070,32578,32420,33380,34392,38572,31568,35132,34276,38028,32808,30432,32756,28873,49480,26045,46820,41844
32840,33317,32747,32353,33757,34392,38572,31568,35132,34276,38028,32808,30432,32756,28873,49480,26045,46820,41844
33028,33253,32841,32409,31189,34392,38572,31568,35132,34276,38028,32808,30432,32756,28873,49480,26045,46820,41844
33148,33048,32685,32662,30720,34392,38572,31568,35132,34276,38028,32808,30432,32756,28873,49480,26045,46820,41844
32890,33340,32610,33074,32535,34736,38852,32172,35088,34081,38194,32910,30576,32748,26760,47604,23132,44901,43632
32610,33043,32677,32512,29969,34736,38852,32172,35088,34081,38194,32910,30576,32748,26760,47604,23132,44901,43632
32601,33477,32797,31608,33311,34736,38852,32172,35088,34081,38194,32910,30576,32748,26760,47604,23132,44901,43632
32168,33010,32677,31967,32751,34736,38852,32172,35088,34081,38194,32910,30576,32748,26760,47604,23132,44901,43632
30576,32918,32578,32774,30624,34736,38852,32172,35088,34081,38194,32910,30576,32748,26760,47604,23132,44901,43632
29643,32640,32453,34162,31121,34736,38852,32172,35088,34081,38194,32910,30576,32748,26760,47604,23132,44901,43632
30297,32586,32447,34148,31209,34736,38852,32172,35088,34081,38194,32910,30576,32748,26760,47604,23132,44901,43632
31124,32623,32492,33240,33053,34736,38852,32172,35088,34081,38194,32910,30576,32748,26760,47604,23132,44901,43632
32392,33236,32461,33983,30387,34736,38852,32172,35088,34081,38194,32910,30576,32748,26760,47604,23132,44901,43632
33871,32808,32681,32349,33206,34736,38852,32172,35088,34081,38194,32910,30576,32748,26760,47604,23132,44901,43632
35556,32854,32916,31450,31225,35252,39360,32272,34840,33880,38340,32848,30668,32760,24010,42809,24285,50360,46784
37688,33136,32851,33125,31780,35252,39360,32272,34840,33880,38340,32848,30668,32760,24010,42809,24285,50360,46784
38120,32841,32728,33033,35233,35252,39360,32272,34840,33880,38340,32848,30668,32760,24010,42809,24285,50360,46784
36644,32829,32668,33819,33520,35252,39360,32272,34840,33880,38340,32848,30668,32760,24010,42809,24285,50360,46784
34746,33205,32793,33799,31695,35252,39360,32272,34840,33880,38340,32848,30668,32760,24010,42809,24285,50360,46784
33910,33571,32965,33050,35087,35252,39360,32272,34840,33880,38340,32848,30668,32760,24010,42809,24285,50360,46784
32880,33232,32912,32594,32862,35252,39360,32272,34840,33880,38340,32848,30668,32760,24010,42809,24285,50360,46784
31844,32985,32856,32690,33100,35252,39360,32272,34840,33880,38340,32848,30668,32760,24010,42809,24285,50360,46784
30904,32214,32954,32744,35141,35252,39360,32272,34840,33880,38340,32848,30668,32760,24010,42809,24285,50360,46784
30017,32402,32952,33113,36731,35252,39360,32272,34840,33880,38340,32848,30668,32760,24010,42809,24285,50360,46784
29844,32407,33076,33170,34391,35512,39936,31864,34712,33442,38480,33032,30656,32752,23654,40812,28696,43169,48472
30728,32937,33108,32635,32154,35512,39936,31864,34712,33442,38480,33032,30656,32752,23654,40812,28696,43169,48472
31888,32674,33173,32215,33981,35512,39936,31864,34712,33442,38480,33032,30656,32752,23654,40812,28696,43169,48472
32227,33200,33180,32376,31626,35512,39936,31864,34712,33442,38480,33032,30656,32752,23654,40812,28696,43169,48472
32188,32810,33112,33421,32696,35512,39936,31864,34712,33442,38480,33032,30656,32752,23654,40812,28696,43169,48472
32844,32900,33141,33780,32180,35512,39936,31864,34712,33442,38480,33032,30656,32752,23654,40812,28696,43169,48472
33828,32671,33190,32981,31710,35512,39936,31864,34712,33442,38480,33032,30656,32752,23654,40812,28696,43169,48472
34252,32520,33363,30898,34648,35512,39936,31864,34712,33442,38480,33032,30656,32752,23654,40812,28696,43169,48472
33976,32400,33373,32176,34666,35512,39936,31864,34712,33442,38480,33032,30656,32752,23654,40812,28696,43169,48472
33108,33147,33278,33414,33015,35512,39936,31864,34712,33442,38480,33032,30656,32752,23654,40812,28696,43169,48472
31420,32733,33211,33195,32550,35634,40420,30540,34808,33140,37676,33696,30700,32748,21476,38607,31594,48328,35920
29830,32562,33177,33078,33822,35634,40420,30540,34808,33140,37676,33696,30700,32748,21476,38607,31594,48328,35920
30287,32398,33091,33394,31106,35634,40420,30540,34808,33140,37676,33696,30700,32748,21476,38607,31594,48328,35920
32403,33102,33079,33120,33464,35634,40420,30540,34808,33140,37676,33696,30700,32748,21476,38607,31594,48328,35920
34168,33248,33225,31675,31878,35634,40420,30540,34808,33140,37676,33696,30700,32748,21476,38607,31594,48328,35920
34624,33959,33071,31438,31248,35634,40420,30540,34808,33140,37676,33696,30700,32748,21476,38607,31594,48328,35920
34368,33801,32923,32068,32698,35634,40420,30540,34808,33140,37676,33696,30700,32748,21476,38607,31594,48328,35920
34272,33574,32834,32629,29714,35634,40420,30540,34808,33140,37676,33696,30700,32748,21476,38607,31594,48328,35920
34745,32984,33074,33002,31081,35634,40420,30540,34808,33140,37676,33696,30700,32748,21476,38607,31594,48328,35920
34309,32568,33442,33235,29436,35634,40420,30540,34808,33140,37676,33696,30700,32748,21476,38607,31594,48328,35920
33488,32961,33549,33190,33015,34600,39508,30596,34444,28458,39840,32056,30614,32756,18800,29341,37533,47496,20096
33008,33114,33232,33131,30516,34600,39508,30596,34444,28458,39840,32056,30614,32756,18800,29341,37533,47496,20096
32068,33529,32994,32637,31622,34600,39508,30596,34444,28458,39840,32056,30614,32756,18800,29341,37533,47496,20096
32070,33577,32960,32519,33863,34600,39508,30596,34444,28458,39840,32056,30614,32756,18800,29341,37533,47496,20096
31298,33414,32926,33021,32224,34600,39508,30596,34444,28458,39840,32056,30614,32756,18800,29341,37533,47496,20096
30245,33870,32767,33050,33432,34600,39508,30596,34444,28458,39840,32056,30614,32756,18800,29341,37533,47496,20096
30154,33522,32844,32831,34924,34600,39508,30596,34444,28458,39840,32056,30614,32756,18800,29341,37533,47496,20096
30823,33435,32814,33050,32546,34600,39508,30596,34444,28458,39840,32056,30614,32756,18800,29341,37533,47496,20096
31664,32344,32679,31999,33192,34600,39508,30596,34444,28458,39840,32056,30614,32756,18800,29341,37533,47496,20096
32488,33152,32552,32407,34918,34600,39508,30596,34444,28458,39840,32056,30614,32756,18800,29341,37533,47496,20096
33504,32615,32684,32832,49914,32485,37338,31912,34266,28965,39592,30296,30610,32752,16081,10178,34372,43940,21932
33894,32343,32606,33173,20455,32485,37338,31912,34266,28965,39592,30296,30610,32752,16081,10178,34372,43940,21932
33394,33232,32647,33340,28935,32485,37338,31912,34266,28965,39592,30296,30610,32752,16081,10178,34372,43940,21932
31727,34951,32540,33038,46900,32485,37338,31912,34266,28965,39592,30296,30610,32752,16081,10178,34372,43940,21932
31144,35252,32677,32522,37974,32485,37338,31912,34266,28965,39592,30296,30610,32752,16081,10178,34372,43940,21932
31277,35066,32573,32290,43247,32485,37338,31912,34266,28965,39592,30296,30610,32752,16081,10178,34372,43940,21932
32128,34183,32735,32015,32309,32485,37338,31912,34266,28965,39592,30296,30610,32752,16081,10178,34372,43940,21932
32508,34036,32668,32556,22526,32485,37338,31912,34266,28965,39592,30296,30610,32752,16081,10178,34372,43940,21932
33527,33828,32650,33191,29366,32485,37338,31912,34266,28965,39592,30296,30610,32752,16081,10178,34372,43940,21932
33819,32676,32555,33445,32741,32485,37338,31912,34266,28965,39592,30296,30610,32752,16081,10178,34372,43940,21932
33520,29490,32344,32852,28600,30280,37024,34436,34234,32832,36352,35064,30704,32748,14690,98,29204,44736,26247
33272,28448,32352,31876,42972,30280,37024,34436,34234,32832,36352,35064,30704,32748,14690,98,29204,44736,26247
33235,27453,32416,32201,30041,30280,37024,34436,34234,32832,36352,35064,30704,32748,14690,98,29204,44736,26247
32530,28459,32609,32873,31801,30280,37024,34436,34234,32832,36352,35064,30704,32748,14690,98,29204,44736,26247
31900,28828,32477,33578,38578,30280,37024,34436,34234,32832,36352,35064,30704,32748,14690,98,29204,44736,26247
32196,29506,32612,34212,28322,30280,37024,34436,34234,32832,36352,35064,30704,32748,14690,98,29204,44736,26247
33148,31208,32754,33311,29072,30280,37024,34436,34234,32832,36352,35064,30704,32748,14690,98,29204,44736,26247
33955,32936,32852,32671,33437,30280,37024,34436,34234,32832,36352,35064,30704,32748,14690,98,29204,44736,26247
34071,34299,32933,32216,22780,30280,37024,34436,34234,32832,36352,35064,30704,32748,14690,98,29204,44736,26247
33688,34846,32957,31477,33853,30280,37024,34436,34234,32832,36352,35064,30704,32748,14690,98,29204,44736,26247
33527,34981,32979,32380,33609,32716,36056,38226,34120,36768,38649,33080,30738,32757,25404,361,31344,44489,38524
33472,34543,33078,32654,32024,32716,36056,38226,34120,36768,38649,33080,30738,32757,25404,361,31344,44489,38524
33597,34758,32945,33378,36079,32716,36056,38226,34120,36768,38649,33080,30738,32757,25404,361,31344,44489,38524
33823,34818,32903,33753,29991,32716,36056,38226,34120,36768,38649,33080,30738,32757,25404,361,31344,44489,38524
33582,35270,32896,33477,31842,32716,36056,38226,34120,36768,38649,33080,30738,32757,25404,361,31344,44489,38524
33287,35297,32876,33157,32934,32716,36056,38226,34120,36768,38649,33080,30738,32757,25404,361,31344,44489,38524
33341,35323,32628,32752,29176,32716,36056,38226,34120,36768,38649,33080,30738,32757,25404,361,31344,44489,38524
32865,35792,32914,32459,35451,32716,36056,38226,34120,36768,38649,33080,30738,32757,25404,361,31344,44489,38524
32860,35439,33086,32851,33726,32716,36056,38226,34120,36768,38649,33080,30738,32757,25404,361,31344,44489,38524
32482,34894,33103,33005,31951,32716,36056,38226,34120,36768,38649,33080,30738,32757,25404,361,31344,44489,38524
31524,33385,33175,32890,33267,37610,36704,39364,34072,37800,37692,31768,30688,32748,25466,25938,29168,41320,31181
31364,32032,33250,33127,31878,37610,36704,39364,34072,37800,37692,31768,30688,32748,25466,25938,29168,41320,31181
30934,29866,33251,33205,29834,37610,36704,39364,34072,37800,37692,31768,30688,32748,25466,25938,29168,41320,31181
30804,28241,33236,33164,35559,37610,36704,39364,34072,37800,37692,31768,30688,32748,25466,25938,29168,41320,31181
31477,28489,33360,32983,31472,37610,36704,39364,34072,37800,37692,31768,30688,32748,25466,25938,29168,41320,31181
31680,29260,33536,32999,31561,37610,36704,39364,34072,37800,37692,31768,30688,32748,25466,25938,29168,41320,31181
32496,31263,33653,32786,33605,37610,36704,39364,34072,37800,37692,31768,30688,32748,25466,25938,29168,41320,31181
34904,30687,33754,32605,35640,37610,36704,39364,34072,37800,37692,31768,30688,32748,25466,25938,29168,41320,31181
36682,31758,33880,32772,32381,37610,36704,39364,34072,37800,37692,31768,30688,32748,25466,25938,29168,41320,31181
37200,32838,33944,32565,34839,37610,36704,39364,34072,37800,37692,31768,30688,32748,25466,25938,29168,41320,31181
37243,33445,33744,32758,34072,38916,37365,35760,34080,34664,39424,31752,30580,32748,22472,12050,28678,39669,16132
36140,33735,33472,32844,30432,38916,37365,35760,34080,34664,39424,31752,30580,32748,22472,12050,28678,39669,16132
34823,34009,33174,32570,30260,38916,37365,35760,34080,34664,39424,31752,30580,32748,22472,12050,28678,39669,16132
33090,33501,32985,32742,36087,38916,37365,35760,34080,34664,39424,31752,30580,32748,22472,12050,28678,39669,16132
32800,33820,32480,32558,32618,38916,37365,35760,34080,34664,39424,31752,30580,32748,22472,12050,28678,39669,16132
32280,33286,32501,32683,30836,38916,37365,35760,34080,34664,39424,31752,30580,32748,22472,12050,28678,39669,16132
30322,33445,32381,32911,35896,38916,37365,35760,34080,34664,39424,31752,30580,32748,22472,12050,28678,39669,16132
27646,32790,32282,32793,35424,38916,37365,35760,34080,34664,39424,31752,30580,32748,22472,12050,28678,39669,16132
26797,32810,32138,32888,29143,38916,37365,35760,34080,34664,39424,31752,30580,32748,22472,12050,28678,39669,16132
27725,32738,32136,32829,33418,38916,37365,35760,34080,34664,39424,31752,30580,32748,22472,12050,28678,39669,16132
30034,32956,32175,32620,35035,38436,39924,31736,34000,34648,40660,30382,30464,32757,20403,29444,32036,38792,2995
31619,33046,32250,32853,29769,38436,39924,31736,34000,34648,40660,30382,30464,32757,20403,29444,32036,38792,2995
32524,33373,32287,32968,33985,38436,39924,31736,34000,34648,40660,30382,30464,32757,20403,29444,32036,38792,2995
33264,33249,32192,32775,33696,38436,39924,31736,34000,34648,40660,30382,30464,32757,20403,29444,32036,38792,2995
33480,33522,32259,32632,30943,38436,39924,31736,34000,34648,40660,30382,30464,32757,20403,29444,32036,38792,2995
33188,33174,32214,32818,33025,38436,39924,31736,34000,34648,40660,30382,30464,32757,20403,29444,32036,38792,2995
32880,33391,32182,32833,34192,38436,39924,31736,34000,34648,40660,30382,30464,32757,20403,29444,32036,38792,2995
32640,33159,32262,32681,30733,38436,39924,31736,34000,34648,40660,30382,30464,32757,20403,29444,32036,38792,2995
32198,32899,32386,32606,31270,38436,39924,31736,34000,34648,40660,30382,30464,32757,20403,29444,32036,38792,2995
32872,33470,32656,32807,34078,38436,39924,31736,34000,34648,40660,30382,30464,32757,20403,29444,32036,38792,2995
33782,33222,32864,32797,32613,37152,41502,30832,34120,32662,39796,32016,30432,32752,25730,37477,30896,38469,1736
34400,33702,32980,32668,31614,37152,41502,30832,34120,32662,39796,32016,30432,32752,25730,37477,30896,38469,1736
34920,33638,33074,32565,32876,37152,41502,30832,34120,32662,39796,32016,30432,32752,25730,37477,30896,38469,1736
35673,33848,32859,32658,33724,37152,41502,30832,34120,32662,39796,32016,30432,32752,25730,37477,30896,38469,1736
35536,33297,32723,32797,31120,37152,41502,30832,34120,32662,39796,32016,30432,32752,25730,37477,30896,38469,1736
34560,33903,32682,33064,31686,37152,41502,30832,34120,32662,39796,32016,30432,32752,25730,37477,30896,38469,1736
33720,35514,32944,33062,32082,37152,41502,30832,34120,32662,39796,32016,30432,32752,25730,37477,30896,38469,1736
32798,37108,32931,32937,32704,37152,41502,30832,34120,32662,39796,32016,30432,32752,25730,37477,30896,38469,1736
31920,36868,32658,32638,31968,37152,41502,30832,34120,32662,39796,32016,30432,32752,25730,37477,30896,38469,1736
31452,35858,32335,32613,34557,37152,41502,30832,34120,32662,39796,32016,30432,32752,25730,37477,30896,38469,1736
31239,35490,32253,32539,34436,34336,40640,32968,34192,32036,41192,32848,30380,32757,28966,39104,29536,27914,5979
30970,30593,32248,32584,30798,34336,40640,32968,34192,32036,41192,32848,30380,32757,28966,39104,29536,27914,5979
30105,30923,32108,32794,32682,34336,40640,32968,34192,32036,41192,32848,30380,32757,28966,39104,29536,27914,5979
29081,31886,32210,33082,33799,34336,40640,32968,34192,32036,41192,32848,30380,32757,28966,39104,29536,27914,5979
29214,29661,32428,33452,31404,34336,40640,32968,34192,32036,41192,32848,30380,32757,28966,39104,29536,27914,5979
30066,29564,32459,33572,33489,34336,40640,32968,34192,32036,41192,32848,30380,32757,28966,39104,29536,27914,5979
31252,27916,32442,33295,33809,34336,40640,32968,34192,32036,41192,32848,30380,32757,28966,39104,29536,27914,5979
32045,25752,32500,33153,32142,34336,40640,32968,34192,32036,41192,32848,30380,32757,28966,39104,29536,27914,5979
32553,25062,32543,32936,34600,34336,40640,32968,34192,32036,41192,32848,30380,32757,28966,39104,29536,27914,5979
33206,27933,32824,32327,34281,34336,40640,32968,34192,32036,41192,32848,30380,32757,28966,39104,29536,27914,5979
33750,33048,32921,31830,31094,32745,39744,34736,34332,31776,39920,32696,30180,32757,31648,35338,29421,29892,28336
34117,33722,33036,31976,31620,32745,39744,34736,34332,31776,39920,32696,30180,32757,31648,35338,29421,29892,28336
34701,34766,33124,32116,32788,32745,39744,34736,34332,31776,39920,32696,30180,32757,31648,35338,29421,29892,28336
35160,35302,33142,32378,32773,32745,39744,34736,34332,31776,39920,32696,30180,32757,31648,35338,29421,29892,28336
35345,35522,33156,33170,33096,32745,39744,34736,34332,31776,39920,32696,30180,32757,31648,35338,29421,29892,28336
35230,33116,33119,33334,32030,32745,39744,34736,34332,31776,39920,32696,30180,32757,31648,35338,29421,29892,28336
34823,33170,33151,33282,33260,32745,39744,34736,34332,31776,39920,32696,30180,32757,31648,35338,29421,29892,28336
34692,30534,33223,33498,31950,32745,39744,34736,34332,31776,39920,32696,30180,32757,31648,35338,29421,29892,28336
34380,31335,33116,33224,31714,32745,39744,34736,34332,31776,39920,32696,30180,32757,31648,35338,29421,29892,28336
33553,29124,33138,32914,31712,32745,39744,34736,34332,31776,39920,32696,30180,32757,31648,35338,29421,29892,28336
33046,28698,33014,33248,31899,31542,38972,35174,34256,30092,37952,33140,30064,32760,32522,33095,29304,43200,44604
32757,32215,32839,33314,34358,31542,38972,35174,34256,30092,37952,33140,30064,32760,32522,33095,29304,43200,44604
32905,33044,32745,32851,34031,31542,38972,35174,34256,30092,37952,33140,30064,32760,32522,33095,29304,43200,44604
33244,31202,32784,32752,30811,31542,38972,35174,34256,30092,37952,33140,30064,32760,32522,33095,29304,43200,44604
32419,29584,32822,32436,32826,31542,38972,35174,34256,30092,37952,33140,30064,32760,32522,33095,29304,43200,44604
32292,33367,32878,32074,32944,31542,38972,35174,34256,30092,37952,33140,30064,32760,32522,33095,29304,43200,44604
32258,34309,32907,32335,32192,31542,38972,35174,34256,30092,37952,33140,30064,32760,32522,33095,29304,43200,44604
32194,35605,32886,32784,32993,31542,38972,35174,34256,30092,37952,33140,30064,32760,32522,33095,29304,43200,44604
32260,34878,32964,32753,33085,31542,38972,35174,34256,30092,37952,33140,30064,32760,32522,33095,29304,43200,44604
32549,33965,32839,32713,32864,31542,38972,35174,34256,30092,37952,33140,30064,32760,32522,33095,29304,43200,44604
32813,35472,32812,32802,33120,30617,37628,35904,34274,29916,38002,32560,29893,32760,31285,31730,26816,36580,38869
32769,35140,32803,32948,32932,30617,37628,35904,34274,29916,38002,32560,29893,32760,31285,31730,26816,36580,38869
32687,35403,32829,32962,33247,30617,37628,35904,34274,29916,38002,32560,29893,32760,31285,31730,26816,36580,38869
32674,35088,32858,32789,31464,30617,37628,35904,34274,29916,38002,32560,29893,32760,31285,31730,26816,36580,38869
32668,34956,32893,32790,32485,30617,37628,35904,34274,29916,38002,32560,29893,32760,31285,31730,26816,36580,38869
32550,34168,32858,32911,34088,30617,37628,35904,34274,29916,38002,32560,29893,32760,31285,31730,26816,36580,38869
32764,33966,32829,32948,32559,30617,37628,35904,34274,29916,38002,32560,29893,32760,31285,31730,26816,36580,38869
32958,33548,32878,32910,32622,30617,37628,35904,34274,29916,38002,32560,29893,32760,31285,31730,26816,36580,38869
32527,33414,32954,32840,35091,30617,37628,35904,34274,29916,38002,32560,29893,32760,31285,31730,26816,36580,38869
32284,32896,33025,32825,32338,30617,37628,35904,34274,29916,38002,32560,29893,32760,31285,31730,26816,36580,38869
32507,33095,33031,33012,32008,30682,38200,35152,34150,31244,39044,32964,29768,32757,27637,30350,26584,32064,33632
33208,33048,33065,32867,34307,30682,38200,35152,34150,31244,39044,32964,29768,32757,27637,30350,26584,32064,33632
33722,33718,33048,32867,32460,30682,38200,35152,34150,31244,39044,32964,29768,32757,27637,30350,26584,32064,33632
33678,33252,32988,32967,33124,30682,38200,35152,34150,31244,39044,32964,29768,32757,27637,30350,26584,32064,33632
33606,33526,33104,32790,34896,30682,38200,35152,34150,31244,39044,32964,29768,32757,27637,30350,26584,32064,33632
33527,33042,32861,32758,31849,30682,38200,35152,34150,31244,39044,32964,29768,32757,27637,30350,26584,32064,33632
32453,33296,32476,32728,33312,30682,38200,35152,34150,31244,39044,32964,29768,32757,27637,30350,26584,32064,33632
31373,32772,32136,32919,35149,30682,38200,35152,34150,31244,39044,32964,29768,32757,27637,30350,26584,32064,33632
31084,32756,32167,32837,32682,30682,38200,35152,34150,31244,39044,32964,29768,32757,27637,30350,26584,32064,33632
31751,32651,32535,32713,32336,30682,38200,35152,34150,31244,39044,32964,29768,32757,27637,30350,26584,32064,33632
31714,32993,32740,32855,33264,32308,42496,33026,34330,33880,41984,32856,29666,32757,23220,32008,28516,35468,37664
31337,32500,32841,32630,30876,32308,42496,33026,34330,33880,41984,32856,29666,32757,23220,32008,28516,35468,37664
31466,32975,33027,32707,32929,32308,42496,33026,34330,33880,41984,32856,29666,32757,23220,32008,28516,35468,37664
31806,32711,32986,32806,31665,32308,42496,33026,34330,33880,41984,32856,29666,32757,23220,32008,28516,35468,37664
32508,32972,32894,32686,33117,32308,42496,33026,34330,33880,41984,32856,29666,32757,23220,32008,28516,35468,37664
33330,32903,32918,32657,34894,32308,42496,33026,34330,33880,41984,32856,29666,32757,23220,32008,28516,35468,37664
34185,33093,32832,32856,32488,32308,42496,33026,34330,33880,41984,32856,29666,32757,23220,32008,28516,35468,37664
34752,33191,32692,32713,32934,32308,42496,33026,34330,33880,41984,32856,29666,32757,23220,32008,28516,35468,37664
34219,32974,32622,32713,34194,32308,42496,33026,34330,33880,41984,32856,29666,32757,23220,32008,28516,35468,37664
33540,33110,32636,32836,30567,32308,42496,33026,34330,33880,41984,32856,29666,32757,23220,32008,28516,35468,37664
32857,32856,32451,32605,34058,33123,48280,32124,34498,32848,45276,33648,29608,32762,22661,37020,28564,39120,47168
32708,33176,32463,32745,33032,33123,48280,32124,34498,32848,45276,33648,29608,32762,22661,37020,28564,39120,47168
32324,32820,32518,32772,31028,33123,48280,32124,34498,32848,45276,33648,29608,32762,22661,37020,28564,39120,47168
32146,33106,32642,32677,34357,33123,48280,32124,34498,32848,45276,33648,29608,32762,22661,37020,28564,39120,47168
32104,32839,32741,32836,32769,33123,48280,32124,34498,32848,45276,33648,29608,32762,22661,37020,28564,39120,47168
32064,32969,32827,32668,32693,33123,48280,32124,34498,32848,45276,33648,29608,32762,22661,37020,28564,39120,47168
32087,32989,32818,32588,35686,33123,48280,32124,34498,32848,45276,33648,29608,32762,22661,37020,28564,39120,47168
32000,32852,32865,32754,31936,33123,48280,32124,34498,32848,45276,33648,29608,32762,22661,37020,28564,39120,47168
32069,33071,32775,32724,32344,33123,48280,32124,34498,32848,45276,33648,29608,32762,22661,37020,28564,39120,47168
32520,32788,32885,32594,33218,33123,48280,32124,34498,32848,45276,33648,29608,32762,22661,37020,28564,39120,47168
33023,33060,32901,32791,32548,31812,42432,33224,34726,30896,40664,35402,29368,32756,23788,39224,26666,39376,53056
33163,32701,32903,32724,33758,31812,42432,33224,34726,30896,40664,35402,29368,32756,23788,39224,26666,39376,53056
33212,33080,32995,32654,33850,31812,42432,33224,34726,30896,40664,35402,29368,32756,23788,39224,26666,39376,53056
33304,32750,32935,32851,31796,31812,42432,33224,34726,30896,40664,35402,29368,32756,23788,39224,26666,39376,53056
33482,32992,32886,32696,33799,31812,42432,33224,34726,30896,40664,35402,29368,32756,23788,39224,26666,39376,53056
33816,32954,33032,32832,32278,31812,42432,33224,34726,30896,40664,35402,29368,32756,23788,39224,26666,39376,53056
33404,32984,32908,32873,32519,31812,42432,33224,34726,30896,40664,35402,29368,32756,23788,39224,26666,39376,53056
33170,33007,32817,32680,34483,31812,42432,33224,34726,30896,40664,35402,29368,32756,23788,39224,26666,39376,53056
33237,32792,32681,32842,30928,31812,42432,33224,34726,30896,40664,35402,29368,32756,23788,39224,26666,39376,53056
32700,33140,32612,32839,32276,31812,42432,33224,34726,30896,40664,35402,29368,32756,23788,39224,26666,39376,53056
32714,32794,32615,32811,33328,32176,36648,35658,34633,29694,37352,35288,29194,32764,24462,39936,28076,42424,57772
32810,33031,32764,33043,31939,32176,36648,35658,34633,29694,37352,35288,29194,32764,24462,39936,28076,42424,57772
32865,33121,32835,32766,34016,32176,36648,35658,34633,29694,37352,35288,29194,32764,24462,39936,28076,42424,57772
32244,32616,32940,32922,33470,32176,36648,35658,34633,29694,37352,35288,29194,32764,24462,39936,28076,42424,57772
31788,32977,32775,32666,30268,32176,36648,35658,34633,29694,37352,35288,29194,32764,24462,39936,28076,42424,57772
31640,33013,32600,32613,33312,32176,36648,35658,34633,29694,37352,35288,29194,32764,24462,39936,28076,42424,57772
31996,32883,32630,32737,32106,32176,36648,35658,34633,29694,37352,35288,29194,32764,24462,39936,28076,42424,57772
32442,33063,32715,32546,32804,32176,36648,35658,34633,29694,37352,35288,29194,32764,24462,39936,28076,42424,57772
32654,32824,32842,32754,34189,32176,36648,35658,34633,29694,37352,35288,29194,32764,24462,39936,28076,42424,57772
32896,33186,33022,32758,32292,32176,36648,35658,34633,29694,37352,35288,29194,32764,24462,39936,28076,42424,57772
33320,32860,33124,32722,33108,33618,33604,39064,34456,29148,35916,36194,29028,32756,18754,34728,24620,39052,59633
33212,33091,32960,32920,31476,33618,33604,39064,34456,29148,35916,36194,29028,32756,18754,34728,24620,39052,59633
32392,32784,32767,32851,31465,33618,33604,39064,34456,29148,35916,36194,29028,32756,18754,34728,24620,39052,59633
31768,33110,32220,32700,34043,33618,33604,39064,34456,29148,35916,36194,29028,32756,18754,34728,24620,39052,59633
31858,32673,32285,32775,31319,33618,33604,39064,34456,29148,35916,36194,29028,32756,18754,34728,24620,39052,59633
32418,32964,32471,32874,32668,33618,33604,39064,34456,29148,35916,36194,29028,32756,18754,34728,24620,39052,59633
33182,32634,32701,32668,34290,33618,33604,39064,34456,29148,35916,36194,29028,32756,18754,34728,24620,39052,59633
33813,33116,32826,32735,31689,33618,33604,39064,34456,29148,35916,36194,29028,32756,18754,34728,24620,39052,59633
33880,32878,32922,32881,33654,33618,33604,39064,34456,29148,35916,36194,29028,32756,18754,34728,24620,39052,59633
33600,33064,32872,32744,34253,33618,33604,39064,34456,29148,35916,36194,29028,32756,18754,34728,24620,39052,59633
32997,32846,32641,32681,31651,34208,33408,37984,34332,30592,34676,36956,28960,32756,26567,46660,24554,38568,50576
32456,33154,32613,32775,32937,34208,33408,37984,34332,30592,34676,36956,28960,32756,26567,46660,24554,38568,50576
31962,32695,32907,32850,31516,34208,33408,37984,34332,30592,34676,36956,28960,32756,26567,46660,24554,38568,50576
32200,33003,32918,32775,32414,34208,33408,37984,34332,30592,34676,36956,28960,32756,26567,46660,24554,38568,50576
32833,32883,33050,32748,35301,34208,33408,37984,34332,30592,34676,36956,28960,32756,26567,46660,24554,38568,50576
33257,33099,33062,33063,34004,34208,33408,37984,34332,30592,34676,36956,28960,32756,26567,46660,24554,38568,50576
33132,32924,33082,32839,32236,34208,33408,37984,34332,30592,34676,36956,28960,32756,26567,46660,24554,38568,50576
33728,33144,32984,32728,33286,34208,33408,37984,34332,30592,34676,36956,28960,32756,26567,46660,24554,38568,50576
33287,32838,32879,32918,31824,34208,33408,37984,34332,30592,34676,36956,28960,32756,26567,46660,24554,38568,50576
32712,33287,32878,32826,32803,34208,33408,37984,34332,30592,34676,36956,28960,32756,26567,46660,24554,38568,50576
32115,32804,32905,32783,33404,34267,34761,36392,34344,32604,34305,37284,28832,32750,26592,40504,28981,41320,41103
32058,33082,33011,32819,30461,34267,34761,36392,34344,32604,34305,37284,28832,32750,26592,40504,28981,41320,41103
32107,33061,33008,32840,33341,34267,34761,36392,34344,32604,34305,37284,28832,32750,26592,40504,28981,41320,41103
32052,32857,33028,32735,32335,34267,34761,36392,34344,32604,34305,37284,28832,32750,26592,40504,28981,41320,41103
32544,33267,33025,32629,31952,34267,34761,36392,34344,32604,34305,37284,28832,32750,26592,40504,28981,41320,41103
32775,32941,33048,33004,35025,34267,34761,36392,34344,32604,34305,37284,28832,32750,26592,40504,28981,41320,41103
32336,33121,32955,32868,33078,34267,34761,36392,34344,32604,34305,37284,28832,32750,26592,40504,28981,41320,41103
31840,33188,32697,32829,31756,34267,34761,36392,34344,32604,34305,37284,28832,32750,26592,40504,28981,41320,41103
32536,32910,32648,33004,33102,34267,34761,36392,34344,32604,34305,37284,28832,32750,26592,40504,28981,41320,41103
33456,33454,32756,32757,31652,34267,34761,36392,34344,32604,34305,37284,28832,32750,26592,40504,28981,41320,41103
33546,33262,32790,32622,31878,33976,35200,35572,34349,34300,34978,38624,28770,32756,27180,39576,26204,43964,33405
33378,33511,32920,32543,34493,33976,35200,35572,34349,34300,34978,38624,28770,32756,27180,39576,26204,43964,33405
32904,33380,33087,32818,32257,33976,35200,35572,34349,34300,34978,38624,28770,32756,27180,39576,26204,43964,33405
32480,33005,33202,33277,32717,33976,35200,35572,34349,34300,34978,38624,28770,32756,27180,39576,26204,43964,33405
32496,33266,33180,33188,31844,33976,35200,35572,34349,34300,34978,38624,28770,32756,27180,39576,26204,43964,33405
32680,32838,32989,33359,31580,33976,35200,35572,34349,34300,34978,38624,28770,32756,27180,39576,26204,43964,33405
32645,33001,32726,33218,34704,33976,35200,35572,34349,34300,34978,38624,28770,32756,27180,39576,26204,43964,33405
32646,32884,32404,32819,32571,33976,35200,35572,34349,34300,34978,38624,28770,32756,27180,39576,26204,43964,33405
32724,33027,32259,32728,31958,33976,35200,35572,34349,34300,34978,38624,28770,32756,27180,39576,26204,43964,33405
31648,32524,32196,32509,33430,33976,35200,35572,34349,34300,34978,38624,28770,32756,27180,39576,26204,43964,33405
31821,32768,32528,31952,31668,34368,36056,35636,34308,33848,36680,37353,28552,32748,26290,41208,28151,39326,30306
33221,32654,32984,31760,33298,34368,36056,35636,34308,33848,36680,37353,28552,32748,26290,41208,28151,39326,30306
33268,33005,32937,32459,33736,34368,36056,35636,34308,33848,36680,37353,28552,32748,26290,41208,28151,39326,30306
33049,32804,32554,33139,31337,34368,36056,35636,34308,33848,36680,37353,28552,32748,26290,41208,28151,39326,30306
33414,33050,32246,33240,33623,34368,36056,35636,34308,33848,36680,37353,28552,32748,26290,41208,28151,39326,30306
33214,32731,32393,33556,32528,34368,36056,35636,34308,33848,36680,37353,28552,32748,26290,41208,28151,39326,30306
32778,33176,32509,33478,32326,34368,36056,35636,34308,33848,36680,37353,28552,32748,26290,41208,28151,39326,30306
32804,32924,32692,32862,35064,34368,36056,35636,34308,33848,36680,37353,28552,32748,26290,41208,28151,39326,30306
33016,33424,32690,32360,33194,34368,36056,35636,34308,33848,36680,37353,28552,32748,26290,41208,28151,39326,30306
32648,33189,32751,32821,32244,34368,36056,35636,34308,33848,36680,37353,28552,32748,26290,41208,28151,39326,30306
32331,33478,32861,33013,33888,35009,36922,34924,34300,33697,37440,35668,28532,32746,27600,40484,24832,40896,32425
32134,32713,32918,32887,31166,35009,36922,34924,34300,33697,37440,35668,28532,32746,27600,40484,24832,40896,32425
31870,33095,32989,32806,33501,35009,36922,34924,34300,33697,37440,35668,28532,32746,27600,40484,24832,40896,32425
32296,32988,32804,32928,33717,35009,36922,34924,34300,33697,37440,35668,28532,32746,27600,40484,24832,40896,32425
32440,33156,32834,33079,32312,35009,36922,34924,34300,33697,37440,35668,28532,32746,27600,40484,24832,40896,32425
32049,32818,32838,33233,33574,35009,36922,34924,34300,33697,37440,35668,28532,32746,27600,40484,24832,40896,32425
32012,33081,32742,33072,31322,35009,36922,34924,34300,33697,37440,35668,28532,32746,27600,40484,24832,40896,32425
32560,33081,32830,32833,32076,35009,36922,34924,34300,33697,37440,35668,28532,32746,27600,40484,24832,40896,32425
32886,33031,32942,32980,34006,35009,36922,34924,34300,33697,37440,35668,28532,32746,27600,40484,24832,40896,32425
33463,33221,32928,32755,32040,35009,36922,34924,34300,33697,37440,35668,28532,32746,27600,40484,24832,40896,32425
34473,33100,32962,32760,33285,35311,38085,33912,34456,33168,37596,33675,28442,32756,27797,38440,28456,40815,37356
34970,33279,33037,31948,31988,35311,38085,33912,34456,33168,37596,33675,28442,32756,27797,38440,28456,40815,37356
34886,33294,33042,31178,31623,35311,38085,33912,34456,33168,37596,33675,28442,32756,27797,38440,28456,40815,37356
34578,33232,33001,31159,34488,35311,38085,33912,34456,33168,37596,33675,28442,32756,27797,38440,28456,40815,37356
34128,33188,32845,32014,33236,35311,38085,33912,34456,33168,37596,33675,28442,32756,27797,38440,28456,40815,37356
33789,33440,32711,33062,32024,35311,38085,33912,34456,33168,37596,33675,28442,32756,27797,38440,28456,40815,37356
34184,33058,32584,33689,34108,35311,38085,33912,34456,33168,37596,33675,28442,32756,27797,38440,28456,40815,37356
33175,32901,32441,34492,31401,35311,38085,33912,34456,33168,37596,33675,28442,32756,27797,38440,28456,40815,37356
31816,32535,32407,34093,33419,35311,38085,33912,34456,33168,37596,33675,28442,32756,27797,38440,28456,40815,37356
30674,32666,32606,32962,33234,35311,38085,33912,34456,33168,37596,33675,28442,32756,27797,38440,28456,40815,37356
29938,32559,32676,32069,31873,34972,38848,33112,34688,32038,38234,33896,28376,32756,26468,42096,25640,36368,45772
29827,32045,32632,31004,34348,34972,38848,33112,34688,32038,38234,33896,28376,32756,26468,42096,25640,36368,45772
30560,32556,32646,31636,31201,34972,38848,33112,34688,32038,38234,33896,28376,32756,26468,42096,25640,36368,45772
31452,32800,32802,32775,32100,34972,38848,33112,34688,32038,38234,33896,28376,32756,26468,42096,25640,36368,45772
32675,33496,32969,32596,34801,34972,38848,33112,34688,32038,38234,33896,28376,32756,26468,42096,25640,36368,45772
33409,33608,33040,33684,33148,34972,38848,33112,34688,32038,38234,33896,28376,32756,26468,42096,25640,36368,45772
33718,33454,32898,34291,32539,34972,38848,33112,34688,32038,38234,33896,28376,32756,26468,42096,25640,36368,45772
33606,33383,32933,33710,34016,34972,38848,33112,34688,32038,38234,33896,28376,32756,26468,42096,25640,36368,45772
33474,32785,32762,33567,30804,34972,38848,33112,34688,32038,38234,33896,28376,32756,26468,42096,25640,36368,45772
33820,33105,32885,32924,33428,34972,38848,33112,34688,32038,38234,33896,28376,32756,26468,42096,25640,36368,45772
34386,33346,32885,32304,32841,34521,38450,32832,34748,31948,38224,34024,28304,32754,25973,37962,24546,35668,43764
34392,33680,32803,32378,32027,34521,38450,32832,34748,31948,38224,34024,28304,32754,25973,37962,24546,35668,43764
33909,33180,32528,32644,34303,34521,38450,32832,34748,31948,38224,34024,28304,32754,25973,37962,24546,35668,43764
33882,33077,32697,32518,32067,34521,38450,32832,34748,31948,38224,34024,28304,32754,25973,37962,24546,35668,43764
33108,32836,32763,32626,32101,34521,38450,32832,34748,31948,38224,34024,28304,32754,25973,37962,24546,35668,43764
32148,33122,32668,32711,34397,34521,38450,32832,34748,31948,38224,34024,28304,32754,25973,37962,24546,35668,43764
31652,32526,32601,33272,32303,34521,38450,32832,34748,31948,38224,34024,28304,32754,25973,37962,24546,35668,43764
32358,33007,32654,33486,32948,34521,38450,32832,34748,31948,38224,34024,28304,32754,25973,37962,24546,35668,43764
32869,33358,32785,33928,33532,34521,38450,32832,34748,31948,38224,34024,28304,32754,25973,37962,24546,35668,43764
32848,33030,33108,33938,31239,34521,38450,32832,34748,31948,38224,34024,28304,32754,25973,37962,24546,35668,43764
32754,33022,33138,33660,33180,34372,37529,32240,34696,33016,37147,33344,28264,32752,24080,34277,28359,35722,33349
32328,32598,33090,33122,33269,34372,37529,32240,34696,33016,37147,33344,28264,32752,24080,34277,28359,35722,33349
32313,33081,32922,32548,32775,34372,37529,32240,34696,33016,37147,33344,28264,32752,24080,34277,28359,35722,33349
32002,32898,32956,31130,34508,34372,37529,32240,34696,33016,37147,33344,28264,32752,24080,34277,28359,35722,33349
31562,32866,32636,30762,32268,34372,37529,32240,34696,33016,37147,33344,28264,32752,24080,34277,28359,35722,33349
31725,33178,32582,30379,31314,34372,37529,32240,34696,33016,37147,33344,28264,32752,24080,34277,28359,35722,33349
32009,32936,32674,31004,33570,34372,37529,32240,34696,33016,37147,33344,28264,32752,24080,34277,28359,35722,33349
31858,33005,32761,32576,32130,34372,37529,32240,34696,33016,37147,33344,28264,32752,24080,34277,28359,35722,33349
31141,32349,32621,34026,33158,34372,37529,32240,34696,33016,37147,33344,28264,32752,24080,34277,28359,35722,33349
30842,32924,32593,34249,33557,34372,37529,32240,34696,33016,37147,33344,28264,32752,24080,34277,28359,35722,33349
31499,32789,32620,34525,30948,34292,36716,31694,34596,33320,36724,32356,28190,32756,24256,37520,28396,36708,29679
32452,33167,32775,33992,33897,34292,36716,31694,34596,33320,36724,32356,28190,32756,24256,37520,28396,36708,29679
32692,33568,32891,33078,33485,34292,36716,31694,34596,33320,36724,32356,28190,32756,24256,37520,28396,36708,29679
33116,33498,32848,33105,32520,34292,36716,31694,34596,33320,36724,32356,28190,32756,24256,37520,28396,36708,29679
34292,33450,32934,33232,34024,34292,36716,31694,34596,33320,36724,32356,28190,32756,24256,37520,28396,36708,29679
35396,33178,33108,32767,32272,34292,36716,31694,34596,33320,36724,32356,28190,32756,24256,37520,28396,36708,29679
35293,33394,33108,32535,31878,34292,36716,31694,34596,33320,36724,32356,28190,32756,24256,37520,28396,36708,29679
34136,33248,32806,32570,33488,34292,36716,31694,34596,33320,36724,32356,28190,32756,24256,37520,28396,36708,29679
33006,33584,32716,32392,31879,34292,36716,31694,34596,33320,36724,32356,28190,32756,24256,37520,28396,36708,29679
32256,33234,32631,32640,33888,34292,36716,31694,34596,33320,36724,32356,28190,32756,24256,37520,28396,36708,29679
31996,33314,32603,32695,34076,34128,36320,31689,34576,32744,36812,32784,28105,32752,25172,40128,25104,42520,33472
32294,33564,32505,32550,30811,34128,36320,31689,34576,32744,36812,32784,28105,32752,25172,40128,25104,42520,33472
32493,33159,32656,32832,32905,34128,36320,31689,34576,32744,36812,32784,28105,32752,25172,40128,25104,42520,33472
32607,33247,32930,32713,31524,34128,36320,31689,34576,32744,36812,32784,28105,32752,25172,40128,25104,42520,33472
33265,32883,33053,32627,32954,34128,36320,31689,34576,32744,36812,32784,28105,32752,25172,40128,25104,42520,33472
33564,32394,33103,32766,33272,34128,36320,31689,34576,32744,36812,32784,28105,32752,25172,40128,25104,42520,33472
32716,32613,32812,32532,31541,34128,36320,31689,34576,32744,36812,32784,28105,32752,25172,40128,25104,42520,33472
31978,32464,32262,32618,33490,34128,36320,31689,34576,32744,36812,32784,28105,32752,25172,40128,25104,42520,33472
32057,32668,32100,32431,32596,34128,36320,31689,34576,32744,36812,32784,28105,32752,25172,40128,25104,42520,33472
33431,33203,32391,32448,32314,34128,36320,31689,34576,32744,36812,32784,28105,32752,25172,40128,25104,42520,33472
34686,33192,32682,32341,34463,33858,36064,32132,34550,32224,36668,33548,27997,32756,24869,41672,24780,40920,34272
34747,33531,32677,32455,31873,33858,36064,32132,34550,32224,36668,33548,27997,32756,24869,41672,24780,40920,34272
33702,32775,32785,32621,32569,33858,36064,32132,34550,32224,36668,33548,27997,32756,24869,41672,24780,40920,34272
32400,32314,33145,33398,32290,33858,36064,32132,34550,32224,36668,33548,27997,32756,24869,41672,24780,40920,34272
32250,31903,33088,33423,31268,33858,36064,32132,34550,32224,36668,33548,27997,32756,24869,41672,24780,40920,34272
32902,32789,33088,33188,34412,33858,36064,32132,34550,32224,36668,33548,27997,32756,24869,41672,24780,40920,34272
34384,33238,33103,32678,33736,33858,36064,32132,34550,32224,36668,33548,27997,32756,24869,41672,24780,40920,34272
33978,33377,33078,32689,31964,33858,36064,32132,34550,32224,36668,33548,27997,32756,24869,41672,24780,40920,34272
33272,32650,33172,32877,33759,33858,36064,32132,34550,32224,36668,33548,27997,32756,24869,41672,24780,40920,34272
32815,32722,33218,33066,31936,33858,36064,32132,34550,32224,36668,33548,27997,32756,24869,41672,24780,40920,34272
31808,32604,33283,33111,32536,33616,35880,31845,34778,32148,36464,33604,27833,32757,22460,41288,29432,45681,42060
31810,32858,33032,32867,34710,33616,35880,31845,34778,32148,36464,33604,27833,32757,22460,41288,29432,45681,42060
31581,32492,33020,33060,32571,33616,35880,31845,34778,32148,36464,33604,27833,32757,22460,41288,29432,45681,42060
31566,32911,32815,33119,32412,33616,35880,31845,34778,32148,36464,33604,27833,32757,22460,41288,29432,45681,42060
31898,32640,32608,33071,32752,33616,35880,31845,34778,32148,36464,33604,27833,32757,22460,41288,29432,45681,42060
31298,32925,32643,32876,31521,33616,35880,31845,34778,32148,36464,33604,27833,32757,22460,41288,29432,45681,42060
30693,32439,32819,33012,34201,33616,35880,31845,34778,32148,36464,33604,27833,32757,22460,41288,29432,45681,42060
30834,32804,32926,33005,34296,33616,35880,31845,34778,32148,36464,33604,27833,32757,22460,41288,29432,45681,42060
31257,32445,32966,32775,31497,33616,35880,31845,34778,32148,36464,33604,27833,32757,22460,41288,29432,45681,42060
31787,32463,32792,32476,33266,33616,35880,31845,34778,32148,36464,33604,27833,32757,22460,41288,29432,45681,42060
32480,32210,32740,32164,31771,33792,35732,30944,34752,32120,36384,33324,27717,32756,21264,35920,27336,45220,44644
31644,32784,32825,32219,32616,33792,35732,30944,34752,32120,36384,33324,27717,32756,21264,35920,27336,45220,44644
31580,33094,32930,31991,34811,33792,35732,30944,34752,32120,36384,33324,27717,32756,21264,35920,27336,45220,44644
31558,32713,32882,32384,32837,33792,35732,30944,34752,32120,36384,33324,27717,32756,21264,35920,27336,45220,44644
31581,32936,32756,32999,32413,33792,35732,30944,34752,32120,36384,33324,27717,32756,21264,35920,27336,45220,44644
31674,32596,32626,32833,33409,33792,35732,30944,34752,32120,36384,33324,27717,32756,21264,35920,27336,45220,44644
32618,33383,32468,32839,31876,33792,35732,30944,34752,32120,36384,33324,27717,32756,21264,35920,27336,45220,44644
34330,33299,32471,33385,33512,33792,35732,30944,34752,32120,36384,33324,27717,32756,21264,35920,27336,45220,44644
35562,33508,32658,33410,33768,33792,35732,30944,34752,32120,36384,33324,27717,32756,21264,35920,27336,45220,44644
35928,33421,32956,33390,31442,33792,35732,30944,34752,32120,36384,33324,27717,32756,21264,35920,27336,45220,44644
36549,33131,33038,33166,33831,33288,35980,32061,34556,31547,36080,33092,27572,32756,21478,32237,28114,43388,43280
36488,32977,32989,32288,31510,33288,35980,32061,34556,31547,36080,33092,27572,32756,21478,32237,28114,43388,43280
35444,32996,33301,31914,32000,33288,35980,32061,34556,31547,36080,33092,27572,32756,21478,32237,28114,43388,43280
33580,33263,33550,32413,34502,33288,35980,32061,34556,31547,36080,33092,27572,32756,21478,32237,28114,43388,43280
32728,32971,33721,32535,32225,33288,35980,32061,34556,31547,36080,33092,27572,32756,21478,32237,28114,43388,43280
32529,33474,33465,33240,33096,33288,35980,32061,34556,31547,36080,33092,27572,32756,21478,32237,28114,43388,43280
32730,33280,32957,34022,32774,33288,35980,32061,34556,31547,36080,33092,27572,32756,21478,32237,28114,43388,43280
32257,33016,32555,33588,31609,33288,35980,32061,34556,31547,36080,33092,27572,32756,21478,32237,28114,43388,43280
32176,33355,32142,33432,34615,33288,35980,32061,34556,31547,36080,33092,27572,32756,21478,32237,28114,43388,43280
31574,33223,31883,33280,33846,33288,35980,32061,34556,31547,36080,33092,27572,32756,21478,32237,28114,43388,43280
31889,33926,31964,32178,32337,33324,36090,32210,34548,31704,36120,33672,27421,32757,20504,28438,31544,45914,44736
32247,33890,32549,31482,33625,33324,36090,32210,34548,31704,36120,33672,27421,32757,20504,28438,31544,45914,44736
32346,34076,32784,31975,31931,33324,36090,32210,34548,31704,36120,33672,27421,32757,20504,28438,31544,45914,44736
31988,33061,32855,32775,32110,33324,36090,32210,34548,31704,36120,33672,27421,32757,20504,28438,31544,45914,44736
31389,32548,32568,33458,34725,33324,36090,32210,34548,31704,36120,33672,27421,32757,20504,28438,31544,45914,44736
31842,31940,32309,33630,32620,33324,36090,32210,34548,31704,36120,33672,27421,32757,20504,28438,31544,45914,44736
33472,32508,32623,33343,31925,33324,36090,32210,34548,31704,36120,33672,27421,32757,20504,28438,31544,45914,44736
34175,33252,32769,33071,33534,33324,36090,32210,34548,31704,36120,33672,27421,32757,20504,28438,31544,45914,44736
34752,33597,33104,32607,31207,33324,36090,32210,34548,31704,36120,33672,27421,32757,20504,28438,31544,45914,44736
34702,33824,33192,32660,33650,33324,36090,32210,34548,31704,36120,33672,27421,32757,20504,28438,31544,45914,44736
33892,33197,33315,32431,33041,33496,36079,32162,34696,32592,36456,34228,27250,32760,18786,24564,31376,41054,44864
32640,32672,33110,31885,31549,33496,36079,32162,34696,32592,36456,34228,27250,32760,18786,24564,31376,41054,44864
32740,33070,32738,32216,33068,33496,36079,32162,34696,32592,36456,34228,27250,32760,18786,24564,31376,41054,44864
32221,32443,32352,32164,30475,33496,36079,32162,34696,32592,36456,34228,27250,32760,18786,24564,31376,41054,44864
32064,32063,32223,32465,32976,33496,36079,32162,34696,32592,36456,34228,27250,32760,18786,24564,31376,41054,44864
31668,32046,32446,32652,34254,33496,36079,32162,34696,32592,36456,34228,27250,32760,18786,24564,31376,41054,44864
31685,32396,32892,32400,32142,33496,36079,32162,34696,32592,36456,34228,27250,32760,18786,24564,31376,41054,44864
31963,33322,32954,32206,33369,33496,36079,32162,34696,32592,36456,34228,27250,32760,18786,24564,31376,41054,44864
31756,32896,32876,32725,32186,33496,36079,32162,34696,32592,36456,34228,27250,32760,18786,24564,31376,41054,44864
31376,32968,32698,33619,31278,33496,36079,32162,34696,32592,36456,34228,27250,32760,18786,24564,31376,41054,44864
31738,33052,32645,33728,34510,33440,36076,31770,34594,32830,36512,34200,27060,32759,17489,25816,30926,41456,37717
32228,33712,32708,33434,33352,33440,36076,31770,34594,32830,36512,34200,27060,32759,17489,25816,30926,41456,37717
33914,34796,32836,33239,32023,33440,36076,31770,34594,32830,36512,34200,27060,32759,17489,25816,30926,41456,37717
34524,34701,33044,33457,33936,33440,36076,31770,34594,32830,36512,34200,27060,32759,17489,25816,30926,41456,37717
34789,34469,33188,33262,32017,33440,36076,31770,34594,32830,36512,34200,27060,32759,17489,25816,30926,41456,37717
34458,33634,33007,33394,33980,33440,36076,31770,34594,32830,36512,34200,27060,32759,17489,25816,30926,41456,37717
33748,32548,32887,33018,34662,33440,36076,31770,34594,32830,36512,34200,27060,32759,17489,25816,30926,41456,37717
32762,32088,32995,32786,32048,33440,36076,31770,34594,32830,36512,34200,27060,32759,17489,25816,30926,41456,37717
31852,31103,33140,32392,33581,33440,36076,31770,34594,32830,36512,34200,27060,32759,17489,25816,30926,41456,37717
31821,31487,33190,31847,32880,33440,36076,31770,34594,32830,36512,34200,27060,32759,17489,25816,30926,41456,37717
32471,32354,33050,32524,31700,33180,36089,31980,34572,32760,36592,33633,26858,32760,16329,25520,30997,47624,34458
32625,32423,32994,32858,34498,33180,36089,31980,34572,32760,36592,33633,26858,32760,16329,25520,30997,47624,34458
32064,32676,33100,32620,33372,33180,36089,31980,34572,32760,36592,33633,26858,32760,16329,25520,30997,47624,34458
31956,32710,33249,32692,31780,33180,36089,31980,34572,32760,36592,33633,26858,32760,16329,25520,30997,47624,34458
31752,33023,33050,32621,33694,33180,36089,31980,34572,32760,36592,33633,26858,32760,16329,25520,30997,47624,34458
31118,32546,32841,32262,31392,33180,36089,31980,34572,32760,36592,33633,26858,32760,16329,25520,30997,47624,34458
30718,32882,32556,32412,33036,33180,36089,31980,34572,32760,36592,33633,26858,32760,16329,25520,30997,47624,34458
31088,32992,32357,32530,31104,33180,36089,31980,34572,32760,36592,33633,26858,32760,16329,25520,30997,47624,34458
31458,32880,32300,32850,42875,33180,36089,31980,34572,32760,36592,33633,26858,32760,16329,25520,30997,47624,34458
31808,33317,32127,33188,31664,33180,36089,31980,34572,32760,36592,33633,26858,32760,16329,25520,30997,47624,34458
32119,33382,32239,33002,30105,33402,36206,32768,34529,32288,36672,32748,26596,32760,14384,26003,30630,49152,38363
32216,33132,32356,32843,31999,33402,36206,32768,34529,32288,36672,32748,26596,32760,14384,26003,30630,49152,38363
32472,33428,32510,32966,35671,33402,36206,32768,34529,32288,36672,32748,26596,32760,14384,26003,30630,49152,38363
33082,33253,32676,32695,32344,33402,36206,32768,34529,32288,36672,32748,26596,32760,14384,26003,30630,49152,38363
33776,33479,32741,32780,33620,33402,36206,32768,34529,32288,36672,32748,26596,32760,14384,26003,30630,49152,38363
34308,33653,32658,32940,30823,33402,36206,32768,34529,32288,36672,32748,26596,32760,14384,26003,30630,49152,38363
34277,33381,32548,32706,30497,33402,36206,32768,34529,32288,36672,32748,26596,32760,14384,26003,30630,49152,38363
34216,33612,32525,32830,25706,33402,36206,32768,34529,32288,36672,32748,26596,32760,14384,26003,30630,49152,38363
33725,33250,32619,32890,33307,33402,36206,32768,34529,32288,36672,32748,26596,32760,14384,26003,30630,49152,38363
33000,33334,32661,32722,36263,33402,36206,32768,34529,32288,36672,32748,26596,32760,14384,26003,30630,49152,38363
33733,32904,32661,32604,30898,33426,36176,33388,34732,32012,36588,33280,26384,32764,14768,30852,28732,46487,29285
33952,33046,32680,32752,34540,33426,36176,33388,34732,32012,36588,33280,26384,32764,14768,30852,28732,46487,29285
33462,32967,32704,32896,36186,33426,36176,33388,34732,32012,36588,33280,26384,32764,14768,30852,28732,46487,29285
33092,33118,32728,32733,38651,33426,36176,33388,34732,32012,36588,33280,26384,32764,14768,30852,28732,46487,29285
32988,33036,32756,32762,30795,33426,36176,33388,34732,32012,36588,33280,26384,32764,14768,30852,28732,46487,29285
33150,32909,32570,32858,34158,33426,36176,33388,34732,32012,36588,33280,26384,32764,14768,30852,28732,46487,29285
33188,33016,32448,32823,34702,33426,36176,33388,34732,32012,36588,33280,26384,32764,14768,30852,28732,46487,29285
32849,32822,32636,32680,32970,33426,36176,33388,34732,32012,36588,33280,26384,32764,14768,30852,28732,46487,29285
32728,33042,32905,32803,33596,33426,36176,33388,34732,32012,36588,33280,26384,32764,14768,30852,28732,46487,29285
32662,32740,33040,32636,35204,33426,36176,33388,34732,32012,36588,33280,26384,32764,14768,30852,28732,46487,29285
32378,32911,33154,32507,35991,33570,36208,33780,34736,32400,36336,34914,26148,32764,16512,36728,32112,40342,19516
32152,32908,33092,32580,31404,33570,36208,33780,34736,32400,36336,34914,26148,32764,16512,36728,32112,40342,19516
31476,32411,32888,32578,32564,33570,36208,33780,34736,32400,36336,34914,26148,32764,16512,36728,32112,40342,19516
30626,32661,32710,32822,31975,33570,36208,33780,34736,32400,36336,34914,26148,32764,16512,36728,32112,40342,19516
30450,32876,32610,32964,31973,33570,36208,33780,34736,32400,36336,34914,26148,32764,16512,36728,32112,40342,19516
30848,33131,32600,33237,30535,33570,36208,33780,34736,32400,36336,34914,26148,32764,16512,36728,32112,40342,19516
31794,32928,32674,32985,31389,33570,36208,33780,34736,32400,36336,34914,26148,32764,16512,36728,32112,40342,19516
32779,33122,32825,32850,34209,33570,36208,33780,34736,32400,36336,34914,26148,32764,16512,36728,32112,40342,19516
33183,33504,32923,33047,36511,33570,36208,33780,34736,32400,36336,34914,26148,32764,16512,36728,32112,40342,19516
33195,33176,32833,32946,30690,33570,36208,33780,34736,32400,36336,34914,26148,32764,16512,36728,32112,40342,19516
33234,33543,32932,32780,32610,33604,36362,33276,34696,32605,35868,35980,25960,32761,18265,38834,29040,30264,19138
33653,33725,32768,32676,31059,33604,36362,33276,34696,32605,35868,35980,25960,32761,18265,38834,29040,30264,19138
34328,34135,32869,32605,31456,33604,36362,33276,34696,32605,35868,35980,25960,32761,18265,38834,29040,30264,19138
34890,34248,32962,32562,31309,33604,36362,33276,34696,32605,35868,35980,25960,32761,18265,38834,29040,30264,19138
34918,33796,32913,32488,30722,33604,36362,33276,34696,32605,35868,35980,25960,32761,18265,38834,29040,30264,19138
34229,33874,32868,32876,35556,33604,36362,33276,34696,32605,35868,35980,25960,32761,18265,38834,29040,30264,19138
33509,32870,32990,32812,31826,33604,36362,33276,34696,32605,35868,35980,25960,32761,18265,38834,29040,30264,19138
33008,31876,32844,33168,32046,33604,36362,33276,34696,32605,35868,35980,25960,32761,18265,38834,29040,30264,19138
32644,30659,32908,33076,33292,33604,36362,33276,34696,32605,35868,35980,25960,32761,18265,38834,29040,30264,19138
32522,29810,32786,32910,30785,33604,36362,33276,34696,32605,35868,35980,25960,32761,18265,38834,29040,30264,19138
32662,31933,32752,32879,32477,33560,36502,33016,34616,32544,35573,36256,25658,32764,20116,42760,31600,32532,26460
32788,33003,32762,32534,33181,33560,36502,33016,34616,32544,35573,36256,25658,32764,20116,42760,31600,32532,26460
32984,34801,32893,32744,35644,33560,36502,33016,34616,32544,35573,36256,25658,32764,20116,42760,31600,32532,26460
33276,36572,33048,32463,34671,33560,36502,33016,34616,32544,35573,36256,25658,32764,20116,42760,31600,32532,26460
33631,35933,33262,32420,33928,33560,36502,33016,34616,32544,35573,36256,25658,32764,20116,42760,31600,32532,26460
33946,37156,33194,32336,34122,33560,36502,33016,34616,32544,35573,36256,25658,32764,20116,42760,31600,32532,26460
33994,38644,32882,32175,31463,33560,36502,33016,34616,32544,35573,36256,25658,32764,20116,42760,31600,32532,26460
33180,36311,32612,32956,34985,33560,36502,33016,34616,32544,35573,36256,25658,32764,20116,42760,31600,32532,26460
32658,26248,32378,33504,33317,33560,36502,33016,34616,32544,35573,36256,25658,32764,20116,42760,31600,32532,26460
32348,24514,32356,34041,31556,33560,36502,33016,34616,32544,35573,36256,25658,32764,20116,42760,31600,32532,26460
32096,26913,32135,34061,33920,33117,36632,33108,34516,31936,35738,36216,25405,32767,18736,37696,32000,31241,30026
31848,26539,32073,34149,33026,33117,36632,33108,34516,31936,35738,36216,25405,32767,18736,37696,32000,31241,30026
31380,28441,32068,33219,32572,33117,36632,33108,34516,31936,35738,36216,25405,32767,18736,37696,32000,31241,30026
31301,31901,31912,32546,34152,33117,36632,33108,34516,31936,35738,36216,25405,32767,18736,37696,32000,31241,30026
31191,32967,31815,32340,30656,33117,36632,33108,34516,31936,35738,36216,25405,32767,18736,37696,32000,31241,30026
31250,33807,32306,31990,31296,33117,36632,33108,34516,31936,35738,36216,25405,32767,18736,37696,32000,31241,30026
31608,32801,33024,32074,33349,33117,36632,33108,34516,31936,35738,36216,25405,32767,18736,37696,32000,31241,30026
32189,33038,33884,32869,33449,33117,36632,33108,34516,31936,35738,36216,25405,32767,18736,37696,32000,31241,30026
32612,31871,34246,33524,33900,33117,36632,33108,34516,31936,35738,36216,25405,32767,18736,37696,32000,31241,30026
32976,29286,33940,33674,31517,33117,36632,33108,34516,31936,35738,36216,25405,32767,18736,37696,32000,31241,30026
32916,32060,33442,33084,31576,32548,37242,32632,34752,31564,36745,36252,25228,32764,15968,33693,29130,21186,27052
32681,33736,33085,32296,33772,32548,37242,32632,34752,31564,36745,36252,25228,32764,15968,33693,29130,21186,27052
32708,32902,33778,32120,33220,32548,37242,32632,34752,31564,36745,36252,25228,32764,15968,33693,29130,21186,27052
32682,33711,34108,31974,31684,32548,37242,32632,34752,31564,36745,36252,25228,32764,15968,33693,29130,21186,27052
32428,34708,33780,32160,29579,32548,37242,32632,34752,31564,36745,36252,25228,32764,15968,33693,29130,21186,27052
32554,35720,33232,32272,34898,32548,37242,32632,34752,31564,36745,36252,25228,32764,15968,33693,29130,21186,27052
32791,36329,32953,32356,26936,32548,37242,32632,34752,31564,36745,36252,25228,32764,15968,33693,29130,21186,27052
32911,35414,33088,32775,32895,32548,37242,32632,34752,31564,36745,36252,25228,32764,15968,33693,29130,21186,27052
33002,34850,32644,33260,34345,32548,37242,32632,34752,31564,36745,36252,25228,32764,15968,33693,29130,21186,27052
33262,29188,32233,33164,34341,32548,37242,32632,34752,31564,36745,36252,25228,32764,15968,33693,29130,21186,27052
33647,28672,32599,33182,32233,31870,38472,31758,34784,31880,38508,35550,24862,32757,18197,30566,31828,17234,26638
33779,33821,33021,32686,35062,31870,38472,31758,34784,31880,38508,35550,24862,32757,18197,30566,31828,17234,26638
33824,35200,32732,32452,33198,31870,38472,31758,34784,31880,38508,35550,24862,32757,18197,30566,31828,17234,26638
33752,35945,32198,32587,30354,31870,38472,31758,34784,31880,38508,35550,24862,32757,18197,30566,31828,17234,26638
33388,33887,31804,32424,34122,31870,38472,31758,34784,31880,38508,35550,24862,32757,18197,30566,31828,17234,26638
33204,32890,31897,32627,35771,31870,38472,31758,34784,31880,38508,35550,24862,32757,18197,30566,31828,17234,26638
32796,33333,32213,32784,35399,31870,38472,31758,34784,31880,38508,35550,24862,32757,18197,30566,31828,17234,26638
32512,33635,32280,32879,32281,31870,38472,31758,34784,31880,38508,35550,24862,32757,18197,30566,31828,17234,26638
32457,32774,32683,33226,33887,31870,38472,31758,34784,31880,38508,35550,24862,32757,18197,30566,31828,17234,26638
32404,33140,32724,33164,31021,31870,38472,31758,34784,31880,38508,35550,24862,32757,18197,30566,31828,17234,26638
32547,34050,32849,33143,31842,31833,39488,31060,35080,31928,39900,34156,24676,32765,20765,29953,27743,18420,30860
32540,34242,32978,33178,33914,31833,39488,31060,35080,31928,39900,34156,24676,32765,20765,29953,27743,18420,30860
32390,34016,32605,32743,30348,31833,39488,31060,35080,31928,39900,34156,24676,32765,20765,29953,27743,18420,30860
32344,33247,31700,32986,32105,31833,39488,31060,35080,31928,39900,34156,24676,32765,20765,29953,27743,18420,30860
32404,31764,31013,32873,30618,31833,39488,31060,35080,31928,39900,34156,24676,32765,20765,29953,27743,18420,30860
32386,31782,30963,33178,32908,31833,39488,31060,35080,31928,39900,34156,24676,32765,20765,29953,27743,18420,30860
32220,31168,31222,33360,32398,31833,39488,31060,35080,31928,39900,34156,24676,32765,20765,29953,27743,18420,30860
32226,32498,31438,33074,29442,31833,39488,31060,35080,31928,39900,34156,24676,32765,20765,29953,27743,18420,30860
32281,32960,31100,33138,6308,31833,39488,31060,35080,31928,39900,34156,24676,32765,20765,29953,27743,18420,30860
32336,33938,31180,33138,11296,31833,39488,31060,35080,31928,39900,34156,24676,32765,20765,29953,27743,18420,30860
32532,33232,32966,32820,30195,32189,39717,31372,35116,31936,40050,34380,24430,32760,21857,35317,25432,13444,33916
32530,32935,36428,32932,36789,32189,39717,31372,35116,31936,40050,34380,24430,32760,21857,35317,25432,13444,33916
32624,32926,37933,32878,40094,32189,39717,31372,35116,31936,40050,34380,24430,32760,21857,35317,25432,13444,33916
32814,32192,38012,32738,36388,32189,39717,31372,35116,31936,40050,34380,24430,32760,21857,35317,25432,13444,33916
32427,31358,36879,32592,30184,32189,39717,31372,35116,31936,40050,34380,24430,32760,21857,35317,25432,13444,33916
32144,31280,36205,32413,27508,32189,39717,31372,35116,31936,40050,34380,24430,32760,21857,35317,25432,13444,33916
32292,31843,34874,32280,31524,32189,39717,31372,35116,31936,40050,34380,24430,32760,21857,35317,25432,13444,33916
32504,32496,32991,32116,34878,32189,39717,31372,35116,31936,40050,34380,24430,32760,21857,35317,25432,13444,33916
32650,33278,32059,32345,34438,32189,39717,31372,35116,31936,40050,34380,24430,32760,21857,35317,25432,13444,33916
33003,33168,31679,32544,36035,32189,39717,31372,35116,31936,40050,34380,24430,32760,21857,35317,25432,13444,33916
33253,33284,31912,32427,36073,33224,39100,31204,35164,32316,39600,35247,24161,32760,22064,32308,28653,6797,33986
33322,33140,31236,32495,34685,33224,39100,31204,35164,32316,39600,35247,24161,32760,22064,32308,28653,6797,33986
33220,33633,30952,32808,35298,33224,39100,31204,35164,32316,39600,35247,24161,32760,22064,32308,28653,6797,33986
33373,33328,31043,32739,34733,33224,39100,31204,35164,32316,39600,35247,24161,32760,22064,32308,28653,6797,33986
33414,33703,30858,32947,34915,33224,39100,31204,35164,32316,39600,35247,24161,32760,22064,32308,28653,6797,33986
33626,33305,31164,32885,31523,33224,39100,31204,35164,32316,39600,35247,24161,32760,22064,32308,28653,6797,33986
33624,33634,32005,32700,31544,33224,39100,31204,35164,32316,39600,35247,24161,32760,22064,32308,28653,6797,33986
33460,33311,32706,32797,29929,33224,39100,31204,35164,32316,39600,35247,24161,32760,22064,32308,28653,6797,33986
33362,33367,32379,32950,30672,33224,39100,31204,35164,32316,39600,35247,24161,32760,22064,32308,28653,6797,33986
33142,32272,31881,33010,31986,33224,39100,31204,35164,32316,39600,35247,24161,32760,22064,32308,28653,6797,33986
33235,32399,31883,32841,29949,34260,38124,31028,35116,33232,38992,35072,23700,32769,23107,28537,26548,4112,26504
33253,32504,31966,32939,32558,34260,38124,31028,35116,33232,38992,35072,23700,32769,23107,28537,26548,4112,26504
33318,32579,31929,33191,30445,34260,38124,31028,35116,33232,38992,35072,23700,32769,23107,28537,26548,4112,26504
33388,32856,32138,33180,32809,34260,38124,31028,35116,33232,38992,35072,23700,32769,23107,28537,26548,4112,26504
33176,32814,32474,32980,30636,34260,38124,31028,35116,33232,38992,35072,23700,32769,23107,28537,26548,4112,26504
32709,33360,32830,32985,32120,34260,38124,31028,35116,33232,38992,35072,23700,32769,23107,28537,26548,4112,26504
32524,32920,32901,32966,32662,34260,38124,31028,35116,33232,38992,35072,23700,32769,23107,28537,26548,4112,26504
32494,33352,32768,32659,34500,34260,38124,31028,35116,33232,38992,35072,23700,32769,23107,28537,26548,4112,26504
32578,33069,32538,32570,35388,34260,38124,31028,35116,33232,38992,35072,23700,32769,23107,28537,26548,4112,26504
32746,33335,32502,32958,34193,34260,38124,31028,35116,33232,38992,35072,23700,32769,23107,28537,26548,4112,26504
32728,33031,32168,32751,35051,34940,37441,30964,34994,34272,38482,34698,23214,32764,25794,27588,27344,859,22486
32870,33607,31900,32702,31864,34940,37441,30964,34994,34272,38482,34698,23214,32764,25794,27588,27344,859,22486
32811,33332,32492,32990,32596,34940,37441,30964,34994,34272,38482,34698,23214,32764,25794,27588,27344,859,22486
32760,33730,33525,33004,32789,34940,37441,30964,34994,34272,38482,34698,23214,32764,25794,27588,27344,859,22486
32696,33100,33410,33126,32312,34940,37441,30964,34994,34272,38482,34698,23214,32764,25794,27588,27344,859,22486
32688,32725,33584,32764,34688,34940,37441,30964,34994,34272,38482,34698,23214,32764,25794,27588,27344,859,22486
32717,33223,33844,32623,33053,34940,37441,30964,34994,34272,38482,34698,23214,32764,25794,27588,27344,859,22486
32608,32870,33743,32902,31278,34940,37441,30964,34994,34272,38482,34698,23214,32764,25794,27588,27344,859,22486
32492,33447,33218,32656,34345,34940,37441,30964,34994,34272,38482,34698,23214,32764,25794,27588,27344,859,22486
32418,33167,32863,32740,32585,34940,37441,30964,34994,34272,38482,34698,23214,32764,25794,27588,27344,859,22486
32260,33407,33117,32921,31838,35484,37844,30768,34944,34434,38516,35688,22736,32764,28978,28736,29296,64,23693
32226,32822,32950,32725,33927,35484,37844,30768,34944,34434,38516,35688,22736,32764,28978,28736,29296,64,23693
32362,33025,32856,32610,31036,35484,37844,30768,34944,34434,38516,35688,22736,32764,28978,28736,29296,64,23693
32548,32958,32555,32556,32733,35484,37844,30768,34944,34434,38516,35688,22736,32764,28978,28736,29296,64,23693
32708,33315,32074,32484,32757,35484,37844,30768,34944,34434,38516,35688,22736,32764,28978,28736,29296,64,23693
32688,33133,32490,32609,31114,35484,37844,30768,34944,34434,38516,35688,22736,32764,28978,28736,29296,64,23693
32720,33496,32340,32893,32272,35484,37844,30768,34944,34434,38516,35688,22736,32764,28978,28736,29296,64,23693
32738,33085,31890,32891,29645,35484,37844,30768,34944,34434,38516,35688,22736,32764,28978,28736,29296,64,23693
32775,33538,32280,32877,32932,35484,37844,30768,34944,34434,38516,35688,22736,32764,28978,28736,29296,64,23693
32774,33127,34496,32494,31127,35484,37844,30768,34944,34434,38516,35688,22736,32764,28978,28736,29296,64,23693
32722,33155,34670,32704,33606,35497,38908,30488,35064,34490,39680,37953,22316,32768,30463,26058,31556,63,26736
32596,33182,33464,33060,35456,35497,38908,30488,35064,34490,39680,37953,22316,32768,30463,26058,31556,63,26736
32612,32818,33061,33043,32775,35497,38908,30488,35064,34490,39680,37953,22316,32768,30463,26058,31556,63,26736
32629,33200,33038,32923,33700,35497,38908,30488,35064,34490,39680,37953,22316,32768,30463,26058,31556,63,26736
32604,32764,32344,32786,34402,35497,38908,30488,35064,34490,39680,37953,22316,32768,30463,26058,31556,63,26736
32654,33096,32380,33019,31985,35497,38908,30488,35064,34490,39680,37953,22316,32768,30463,26058,31556,63,26736
32748,33020,33358,32726,34272,35497,38908,30488,35064,34490,39680,37953,22316,32768,30463,26058,31556,63,26736
32794,33080,34066,32941,34744,35497,38908,30488,35064,34490,39680,37953,22316,32768,30463,26058,31556,63,26736
32741,33355,33146,32812,31749,35497,38908,30488,35064,34490,39680,37953,22316,32768,30463,26058,31556,63,26736
32738,32889,32286,32920,33540,35497,38908,30488,35064,34490,39680,37953,22316,32768,30463,26058,31556,63,26736
32800,33070,31693,33125,31554,35538,39672,31036,34854,33912,41156,38184,21920,32766,31424,20437,30744,62,26064
32766,33598,32007,32593,31458,35538,39672,31036,34854,33912,41156,38184,21920,32766,31424,20437,30744,62,26064
32784,33322,32676,32615,32320,35538,39672,31036,34854,33912,41156,38184,21920,32766,31424,20437,30744,62,26064
32698,33318,32861,32480,30689,35538,39672,31036,34854,33912,41156,38184,21920,32766,31424,20437,30744,62,26064
32762,32996,33035,32740,33642,35538,39672,31036,34854,33912,41156,38184,21920,32766,31424,20437,30744,62,26064
32696,33269,33644,32740,32272,35538,39672,31036,34854,33912,41156,38184,21920,32766,31424,20437,30744,62,26064
32694,33162,33576,32340,32485,35538,39672,31036,34854,33912,41156,38184,21920,32766,31424,20437,30744,62,26064
32657,33519,33287,32821,34814,35538,39672,31036,34854,33912,41156,38184,21920,32766,31424,20437,30744,62,26064
32441,33142,32476,32830,32954,35538,39672,31036,34854,33912,41156,38184,21920,32766,31424,20437,30744,62,26064
32366,32244,31712,33039,32331,35538,39672,31036,34854,33912,41156,38184,21920,32766,31424,20437,30744,62,26064
32263,32232,31524,32998,33296,35130,40770,32122,34688,33120,40564,37952,21448,32765,33301,16826,31704,63,23980
32352,32298,31527,32960,31533,35130,40770,32122,34688,33120,40564,37952,21448,32765,33301,16826,31704,63,23980
32388,32720,31711,33200,33783,35130,40770,32122,34688,33120,40564,37952,21448,32765,33301,16826,31704,63,23980
32548,32809,32420,32708,33241,35130,40770,32122,34688,33120,40564,37952,21448,32765,33301,16826,31704,63,23980
32862,33170,33223,32929,32383,35130,40770,32122,34688,33120,40564,37952,21448,32765,33301,16826,31704,63,23980
32916,33664,34252,32752,34412,35130,40770,32122,34688,33120,40564,37952,21448,32765,33301,16826,31704,63,23980
32934,33167,34815,32876,32382,35130,40770,32122,34688,33120,40564,37952,21448,32765,33301,16826,31704,63,23980
32980,32948,34150,32667,31956,35130,40770,32122,34688,33120,40564,37952,21448,32765,33301,16826,31704,63,23980
33056,33062,34441,33149,33464,35130,40770,32122,34688,33120,40564,37952,21448,32765,33301,16826,31704,63,23980
33126,32814,33954,33027,31872,35130,40770,32122,34688,33120,40564,37952,21448,32765,33301,16826,31704,63,23980
33102,32883,32854,33066,33004,34464,41784,33700,34790,31971,38428,39012,21010,32768,35530,14448,29199,62,19844
32986,32969,32549,32701,32774,34464,41784,33700,34790,31971,38428,39012,21010,32768,35530,14448,29199,62,19844
32752,33088,32789,31970,31708,34464,41784,33700,34790,31971,38428,39012,21010,32768,35530,14448,29199,62,19844
32614,33255,31854,32156,34265,34464,41784,33700,34790,31971,38428,39012,21010,32768,35530,14448,29199,62,19844
32572,32896,31237,32320,33668,34464,41784,33700,34790,31971,38428,39012,21010,32768,35530,14448,29199,62,19844
32623,33119,31729,32612,31903,34464,41784,33700,34790,31971,38428,39012,21010,32768,35530,14448,29199,62,19844
32616,32834,32502,32888,33584,34464,41784,33700,34790,31971,38428,39012,21010,32768,35530,14448,29199,62,19844
32586,33240,32508,32769,30989,34464,41784,33700,34790,31971,38428,39012,21010,32768,35530,14448,29199,62,19844
32665,33196,32799,32986,33340,34464,41784,33700,34790,31971,38428,39012,21010,32768,35530,14448,29199,62,19844
32700,33171,32948,32759,32706,34464,41784,33700,34790,31971,38428,39012,21010,32768,35530,14448,29199,62,19844
32723,33352,32884,32903,31422,33505,42176,35256,34556,31372,36788,39880,20624,32759,37344,14908,29344,63,17402
32709,32743,32769,32912,33878,33505,42176,35256,34556,31372,36788,39880,20624,32759,37344,14908,29344,63,17402
32760,32795,32797,33125,32714,33505,42176,35256,34556,31372,36788,39880,20624,32759,37344,14908,29344,63,17402
32792,33181,32685,32806,31476,33505,42176,35256,34556,31372,36788,39880,20624,32759,37344,14908,29344,63,17402
32745,32993,32744,32804,34136,33505,42176,35256,34556,31372,36788,39880,20624,32759,37344,14908,29344,63,17402
32775,33135,32770,32945,31999,33505,42176,35256,34556,31372,36788,39880,20624,32759,37344,14908,29344,63,17402
32780,33075,32683,33030,32096,33505,42176,35256,34556,31372,36788,39880,20624,32759,37344,14908,29344,63,17402
32770,32864,32603,32866,32996,33505,42176,35256,34556,31372,36788,39880,20624,32759,37344,14908,29344,63,17402
32791,33212,32582,32895,32026,33505,42176,35256,34556,31372,36788,39880,20624,32759,37344,14908,29344,63,17402
32788,33481,32592,32782,34119,33505,42176,35256,34556,31372,36788,39880,20624,32759,37344,14908,29344,63,17402
32864,33080,32846,32674,35284,33248,41428,36288,34684,31000,35324,38984,20136,32760,39148,16306,29472,62,14962
32870,33143,33324,32948,32679,33248,41428,36288,34684,31000,35324,38984,20136,32760,39148,16306,29472,62,14962
32824,33049,33406,32744,33247,33248,41428,36288,34684,31000,35324,38984,20136,32760,39148,16306,29472,62,14962
32792,33374,33487,32733,32594,33248,41428,36288,34684,31000,35324,38984,20136,32760,39148,16306,29472,62,14962
32852,33105,33734,32867,31622,33248,41428,36288,34684,31000,35324,38984,20136,32760,39148,16306,29472,62,14962
32856,33253,33358,32822,34675,33248,41428,36288,34684,31000,35324,38984,20136,32760,39148,16306,29472,62,14962
32824,33084,32211,32852,33466,33248,41428,36288,34684,31000,35324,38984,20136,32760,39148,16306,29472,62,14962
32770,33028,32098,32842,31940,33248,41428,36288,34684,31000,35324,38984,20136,32760,39148,16306,29472,62,14962
32799,33445,32034,32847,34178,33248,41428,36288,34684,31000,35324,38984,20136,32760,39148,16306,29472,62,14962
32896,33100,32312,32733,33360,33248,41428,36288,34684,31000,35324,38984,20136,32760,39148,16306,29472,62,14962
32823,33282,33506,32761,30564,33148,39972,36352,34484,30996,33060,37468,19936,32759,38164,24864,30972,62,13636
32732,33107,34937,32907,33007,33148,39972,36352,34484,30996,33060,37468,19936,32759,38164,24864,30972,62,13636
32632,33324,33736,32772,34683,33148,39972,36352,34484,30996,33060,37468,19936,32759,38164,24864,30972,62,13636
32606,33096,32942,32670,34170,33148,39972,36352,34484,30996,33060,37468,19936,32759,38164,24864,30972,62,13636
32577,33190,32484,32814,32223,33148,39972,36352,34484,30996,33060,37468,19936,32759,38164,24864,30972,62,13636
32576,33136,31627,32805,34333,33148,39972,36352,34484,30996,33060,37468,19936,32759,38164,24864,30972,62,13636
32638,32931,31912,32641,34854,33148,39972,36352,34484,30996,33060,37468,19936,32759,38164,24864,30972,62,13636
32600,33192,32340,33036,32295,33148,39972,36352,34484,30996,33060,37468,19936,32759,38164,24864,30972,62,13636
32698,32840,32402,33240,33313,33148,39972,36352,34484,30996,33060,37468,19936,32759,38164,24864,30972,62,13636
32702,32876,32242,32918,33057,33148,39972,36352,34484,30996,33060,37468,19936,32759,38164,24864,30972,62,13636
32666,33148,32305,32781,31499,33204,38780,36560,34528,31432,31568,37210,19686,32764,41576,27238,28864,62,13481
32632,32754,32458,32888,34031,33204,38780,36560,34528,31432,31568,37210,19686,32764,41576,27238,28864,62,13481
32714,33191,32527,32802,33174,33204,38780,36560,34528,31432,31568,37210,19686,32764,41576,27238,28864,62,13481
32709,32976,32623,32811,31253,33204,38780,36560,34528,31432,31568,37210,19686,32764,41576,27238,28864,62,13481
32812,33280,33144,32942,32972,33204,38780,36560,34528,31432,31568,37210,19686,32764,41576,27238,28864,62,13481
32786,32887,33952,32855,30399,33204,38780,36560,34528,31432,31568,37210,19686,32764,41576,27238,28864,62,13481
32728,32969,34328,32944,17382,33204,38780,36560,34528,31432,31568,37210,19686,32764,41576,27238,28864,62,13481
32752,32842,34194,32803,39777,33204,38780,36560,34528,31432,31568,37210,19686,32764,41576,27238,28864,62,13481
32724,32924,33995,32851,36144,33204,38780,36560,34528,31432,31568,37210,19686,32764,41576,27238,28864,62,13481
32702,33437,33398,32722,33882,33204,38780,36560,34528,31432,31568,37210,19686,32764,41576,27238,28864,62,13481
32784,33214,32686,32626,33180,33242,38160,37146,34493,31572,31488,36960,19485,32764,44592,26240,29814,63,12469
32765,33370,31992,32804,34540,33242,38160,37146,34493,31572,31488,36960,19485,32764,44592,26240,29814,63,12469
32712,32923,31584,32861,32943,33242,38160,37146,34493,31572,31488,36960,19485,32764,44592,26240,29814,63,12469
32757,33495,30580,32782,32642,33242,38160,37146,34493,31572,31488,36960,19485,32764,44592,26240,29814,63,12469
32713,33188,31346,33083,34544,33242,38160,37146,34493,31572,31488,36960,19485,32764,44592,26240,29814,63,12469
32768,32989,33299,32928,31784,33242,38160,37146,34493,31572,31488,36960,19485,32764,44592,26240,29814,63,12469
32715,32402,33392,33002,32776,33242,38160,37146,34493,31572,31488,36960,19485,32764,44592,26240,29814,63,12469
32782,32612,32122,32684,34021,33242,38160,37146,34493,31572,31488,36960,19485,32764,44592,26240,29814,63,12469
32870,32977,31318,32911,32257,33242,38160,37146,34493,31572,31488,36960,19485,32764,44592,26240,29814,63,12469
32942,32870,31898,32912,13436,33242,38160,37146,34493,31572,31488,36960,19485,32764,44592,26240,29814,63,12469
32858,32844,32445,32663,20386,32706,38064,37200,34500,31952,31906,36626,19314,32757,43068,26352,31316,64,10964
32762,33019,33799,32824,34374,32706,38064,37200,34500,31952,31906,36626,19314,32757,43068,26352,31316,64,10964
32728,32947,35346,32575,32221,32706,38064,37200,34500,31952,31906,36626,19314,32757,43068,26352,31316,64,10964
32822,33010,34950,32480,34955,32706,38064,37200,34500,31952,31906,36626,19314,32757,43068,26352,31316,64,10964
32722,33207,34526,32382,36788,32706,38064,37200,34500,31952,31906,36626,19314,32757,43068,26352,31316,64,10964
32616,32974,32894,32146,34010,32706,38064,37200,34500,31952,31906,36626,19314,32757,43068,26352,31316,64,10964
32620,33225,32735,32772,32333,32706,38064,37200,34500,31952,31906,36626,19314,32757,43068,26352,31316,64,10964
32660,32768,32366,32971,33946,32706,38064,37200,34500,31952,31906,36626,19314,32757,43068,26352,31316,64,10964
32620,33138,31268,32979,31482,32706,38064,37200,34500,31952,31906,36626,19314,32757,43068,26352,31316,64,10964
32663,32840,30410,32836,32836,32706,38064,37200,34500,31952,31906,36626,19314,32757,43068,26352,31316,64,10964
32696,33389,33124,32615,34340,32678,37964,36328,34592,31876,32136,36476,19280,32751,42880,24357,32644,64,8837
32722,33199,33353,32787,31661,32678,37964,36328,34592,31876,32136,36476,19280,32751,42880,24357,32644,64,8837
32870,33611,32359,32824,33252,32678,37964,36328,34592,31876,32136,36476,19280,32751,42880,24357,32644,64,8837
32873,33113,32172,33084,32544,32678,37964,36328,34592,31876,32136,36476,19280,32751,42880,24357,32644,64,8837
32914,33055,33399,33391,31634,32678,37964,36328,34592,31876,32136,36476,19280,32751,42880,24357,32644,64,8837
32848,33255,32436,33303,34475,32678,37964,36328,34592,31876,32136,36476,19280,32751,42880,24357,32644,64,8837
32740,33017,33425,33374,32948,32678,37964,36328,34592,31876,32136,36476,19280,32751,42880,24357,32644,64,8837
32800,33474,33819,32619,31684,32678,37964,36328,34592,31876,32136,36476,19280,32751,42880,24357,32644,64,8837
32719,33012,34778,32528,32474,32678,37964,36328,34592,31876,32136,36476,19280,32751,42880,24357,32644,64,8837
32715,33195,34046,32506,30230,32678,37964,36328,34592,31876,32136,36476,19280,32751,42880,24357,32644,64,8837
32816,32629,34716,32846,33394,32736,37564,35348,34660,32212,32864,36648,19472,32764,47080,22040,31144,64,14025
32888,32236,33499,33225,32210,32736,37564,35348,34660,32212,32864,36648,19472,32764,47080,22040,31144,64,14025
32826,32376,31732,33198,31983,32736,37564,35348,34660,32212,32864,36648,19472,32764,47080,22040,31144,64,14025
32784,32768,30268,32736,46844,32736,37564,35348,34660,32212,32864,36648,19472,32764,47080,22040,31144,64,14025
32804,33114,30441,31946,36903,32736,37564,35348,34660,32212,32864,36648,19472,32764,47080,22040,31144,64,14025
32780,33177,31945,32009,32891,32736,37564,35348,34660,32212,32864,36648,19472,32764,47080,22040,31144,64,14025
32921,33298,32731,32483,32056,32736,37564,35348,34660,32212,32864,36648,19472,32764,47080,22040,31144,64,14025
33032,33566,32584,32645,34476,32736,37564,35348,34660,32212,32864,36648,19472,32764,47080,22040,31144,64,14025
33014,33215,32354,32928,32093,32736,37564,35348,34660,32212,32864,36648,19472,32764,47080,22040,31144,64,14025
32938,33178,32769,32865,33243,32736,37564,35348,34660,32212,32864,36648,19472,32764,47080,22040,31144,64,14025
32944,32754,33273,33056,34391,32429,37148,34914,34714,32800,33376,36324,19525,32760,45164,15940,30012,63,26797
32869,33094,32944,32260,33050,32429,37148,34914,34714,32800,33376,36324,19525,32760,45164,15940,30012,63,26797
32866,33240,33181,32219,33125,32429,37148,34914,34714,32800,33376,36324,19525,32760,45164,15940,30012,63,26797
32836,33565,33021,32534,34505,32429,37148,34914,34714,32800,33376,36324,19525,32760,45164,15940,30012,63,26797
33011,33870,33153,33015,31856,32429,37148,34914,34714,32800,33376,36324,19525,32760,45164,15940,30012,63,26797
32969,33453,33359,33331,32715,32429,37148,34914,34714,32800,33376,36324,19525,32760,45164,15940,30012,63,26797
33042,32946,33247,32963,33518,32429,37148,34914,34714,32800,33376,36324,19525,32760,45164,15940,30012,63,26797
33098,32326,33088,32799,32083,32429,37148,34914,34714,32800,33376,36324,19525,32760,45164,15940,30012,63,26797
33053,32196,33179,33000,33643,32429,37148,34914,34714,32800,33376,36324,19525,32760,45164,15940,30012,63,26797
33132,32219,33671,32875,32795,32429,37148,34914,34714,32800,33376,36324,19525,32760,45164,15940,30012,63,26797
33093,32744,34116,33268,31122,32344,36772,35236,35000,32559,33052,36507,19896,32756,42836,6772,28848,65,40596
33112,33012,34642,32863,33706,32344,36772,35236,35000,32559,33052,36507,19896,32756,42836,6772,28848,65,40596
33113,33593,35387,32447,32005,32344,36772,35236,35000,32559,33052,36507,19896,32756,42836,6772,28848,65,40596
33093,33245,36413,32479,32416,32344,36772,35236,35000,32559,33052,36507,19896,32756,42836,6772,28848,65,40596
33049,33428,38612,32663,33368,32344,36772,35236,35000,32559,33052,36507,19896,32756,42836,6772,28848,65,40596
33098,33139,41336,32808,30556,32344,36772,35236,35000,32559,33052,36507,19896,32756,42836,6772,28848,65,40596
33048,33268,43024,32876,32807,32344,36772,35236,35000,32559,33052,36507,19896,32756,42836,6772,28848,65,40596
32904,32745,41812,32326,30700,32344,36772,35236,35000,32559,33052,36507,19896,32756,42836,6772,28848,65,40596
32744,33052,35224,32386,33144,32344,36772,35236,35000,32559,33052,36507,19896,32756,42836,6772,28848,65,40596
32882,33489,28050,32405,34250,32344,36772,35236,35000,32559,33052,36507,19896,32756,42836,6772,28848,65,40596
32808,33239,23764,33464,32890,32680,36340,35553,35074,32290,32920,37084,20198,32757,40980,1689,27150,63,35941
32742,32814,22158,33390,33080,32680,36340,35553,35074,32290,32920,37084,20198,32757,40980,1689,27150,63,35941
32594,32356,21409,33152,34261,32680,36340,35553,35074,32290,32920,37084,20198,32757,40980,1689,27150,63,35941
32496,33095,21757,32609,32521,32680,36340,35553,35074,32290,32920,37084,20198,32757,40980,1689,27150,63,35941
32512,33364,23490,33928,33248,32680,36340,35553,35074,32290,32920,37084,20198,32757,40980,1689,27150,63,35941
32614,33165,25824,34326,34805,32680,36340,35553,35074,32290,32920,37084,20198,32757,40980,1689,27150,63,35941
32595,33040,27929,34113,33298,32680,36340,35553,35074,32290,32920,37084,20198,32757,40980,1689,27150,63,35941
32548,33114,29318,33619,33040,32680,36340,35553,35074,32290,32920,37084,20198,32757,40980,1689,27150,63,35941
32522,32701,29968,32467,35015,32680,36340,35553,35074,32290,32920,37084,20198,32757,40980,1689,27150,63,35941
32408,32857,30574,32058,33469,32680,36340,35553,35074,32290,32920,37084,20198,32757,40980,1689,27150,63,35941
32264,32358,30618,31069,32415,33180,35950,35591,35264,32522,32888,37428,20448,32756,43792,4432,27121,3153,34465
32201,32624,31589,31676,33336,33180,35950,35591,35264,32522,32888,37428,20448,32756,43792,4432,27121,3153,34465
32204,32422,32131,32172,30584,33180,35950,35591,35264,32522,32888,37428,20448,32756,43792,4432,27121,3153,34465
32280,33006,32579,32313,32764,33180,35950,35591,35264,32522,32888,37428,20448,32756,43792,4432,27121,3153,34465
32430,33003,33362,31682,30923,33180,35950,35591,35264,32522,32888,37428,20448,32756,43792,4432,27121,3153,34465
32620,33647,34124,31144,32282,33180,35950,35591,35264,32522,32888,37428,20448,32756,43792,4432,27121,3153,34465
32763,33268,34848,32007,32294,33180,35950,35591,35264,32522,32888,37428,20448,32756,43792,4432,27121,3153,34465
32807,33424,34905,33719,29989,33180,35950,35591,35264,32522,32888,37428,20448,32756,43792,4432,27121,3153,34465
32728,33088,34848,35215,33211,33180,35950,35591,35264,32522,32888,37428,20448,32756,43792,4432,27121,3153,34465
32682,33315,34962,33941,30932,33180,35950,35591,35264,32522,32888,37428,20448,32756,43792,4432,27121,3153,34465
32690,33131,35005,32872,32370,33658,35430,35380,35361,32840,32748,37104,20812,32752,42324,13397,29981,7051,32264
32764,33240,34934,32934,31144,33658,35430,35380,35361,32840,32748,37104,20812,32752,42324,13397,29981,7051,32264
32802,33682,34837,32624,32196,33658,35430,35380,35361,32840,32748,37104,20812,32752,42324,13397,29981,7051,32264
32897,33379,34846,32728,36102,33658,35430,35380,35361,32840,32748,37104,20812,32752,42324,13397,29981,7051,32264
32852,33575,34464,32711,38006,33658,35430,35380,35361,32840,32748,37104,20812,32752,42324,13397,29981,7051,32264
32862,33464,34497,32422,36794,33658,35430,35380,35361,32840,32748,37104,20812,32752,42324,13397,29981,7051,32264
32858,33972,34878,32181,34932,33658,35430,35380,35361,32840,32748,37104,20812,32752,42324,13397,29981,7051,32264
32840,33375,34905,32519,32443,33658,35430,35380,35361,32840,32748,37104,20812,32752,42324,13397,29981,7051,32264
32768,32978,35328,32232,32170,33658,35430,35380,35361,32840,32748,37104,20812,32752,42324,13397,29981,7051,32264
32586,32972,35045,30764,29250,33658,35430,35380,35361,32840,32748,37104,20812,32752,42324,13397,29981,7051,32264
32486,32740,34540,29067,32903,34016,34872,35130,35430,33126,32592,36632,21166,32752,45632,24362,28784,10427,28932
32496,32232,34164,30512,31416,34016,34872,35130,35430,33126,32592,36632,21166,32752,45632,24362,28784,10427,28932
32568,31342,34098,30272,32948,34016,34872,35130,35430,33126,32592,36632,21166,32752,45632,24362,28784,10427,28932
32752,31944,33776,30188,33410,34016,34872,35130,35430,33126,32592,36632,21166,32752,45632,24362,28784,10427,28932
32820,32394,33273,31274,30094,34016,34872,35130,35430,33126,32592,36632,21166,32752,45632,24362,28784,10427,28932
32905,33048,33109,34574,33037,34016,34872,35130,35430,33126,32592,36632,21166,32752,45632,24362,28784,10427,28932
32868,33093,33500,34642,32658,34016,34872,35130,35430,33126,32592,36632,21166,32752,45632,24362,28784,10427,28932
32804,33086,33694,34031,33058,34016,34872,35130,35430,33126,32592,36632,21166,32752,45632,24362,28784,10427,28932
32901,33353,33572,34799,33959,34016,34872,35130,35430,33126,32592,36632,21166,32752,45632,24362,28784,10427,28932
32844,33038,33186,35016,32537,34016,34872,35130,35430,33126,32592,36632,21166,32752,45632,24362,28784,10427,28932
32885,33191,32717,34909,37600,34076,34414,34912,35254,33220,32368,36768,21665,32752,43484,33498,28289,15742,28555
32989,33083,32173,36043,30895,34076,34414,34912,35254,33220,32368,36768,21665,32752,43484,33498,28289,15742,28555
33033,33353,32162,38370,33757,34076,34414,34912,35254,33220,32368,36768,21665,32752,43484,33498,28289,15742,28555
32964,33320,32557,39568,34311,34076,34414,34912,35254,33220,32368,36768,21665,32752,43484,33498,28289,15742,28555
32933,33462,33004,39024,31724,34076,34414,34912,35254,33220,32368,36768,21665,32752,43484,33498,28289,15742,28555
32864,33605,33468,37396,33248,34076,34414,34912,35254,33220,32368,36768,21665,32752,43484,33498,28289,15742,28555
32794,33274,33342,35589,31761,34076,34414,34912,35254,33220,32368,36768,21665,32752,43484,33498,28289,15742,28555
32820,33521,32730,33221,32930,34076,34414,34912,35254,33220,32368,36768,21665,32752,43484,33498,28289,15742,28555
32741,33188,32356,31628,35022,34076,34414,34912,35254,33220,32368,36768,21665,32752,43484,33498,28289,15742,28555
32876,33634,32412,29248,36023,34076,34414,34912,35254,33220,32368,36768,21665,32752,43484,33498,28289,15742,28555
32744,33230,32749,28946,32378,34092,34016,34822,35312,33262,32221,37304,22148,32745,44492,36784,31704,20685,26205
32820,32944,32993,31974,31544,34092,34016,34822,35312,33262,32221,37304,22148,32745,44492,36784,31704,20685,26205
32512,32222,32308,31138,31618,34092,34016,34822,35312,33262,32221,37304,22148,32745,44492,36784,31704,20685,26205
32216,32741,31823,30005,30928,34092,34016,34822,35312,33262,32221,37304,22148,32745,44492,36784,31704,20685,26205
32339,32787,32524,34521,34237,34092,34016,34822,35312,33262,32221,37304,22148,32745,44492,36784,31704,20685,26205
32594,32695,32812,35344,32098,34092,34016,34822,35312,33262,32221,37304,22148,32745,44492,36784,31704,20685,26205
32964,32583,32544,33494,32420,34092,34016,34822,35312,33262,32221,37304,22148,32745,44492,36784,31704,20685,26205
33287,33038,32457,31453,33883,34092,34016,34822,35312,33262,32221,37304,22148,32745,44492,36784,31704,20685,26205
33638,33312,32994,30074,31808,34092,34016,34822,35312,33262,32221,37304,22148,32745,44492,36784,31704,20685,26205
33730,33727,32972,29914,32878,34092,34016,34822,35312,33262,32221,37304,22148,32745,44492,36784,31704,20685,26205
33526,33408,32377,30192,34777,34024,33522,34550,35104,33016,32164,38048,22548,32744,45932,32605,29382,22420,22377
33348,33925,31204,29196,32020,34024,33522,34550,35104,33016,32164,38048,22548,32744,45932,32605,29382,22420,22377
32989,33198,32199,30172,33312,34024,33522,34550,35104,33016,32164,38048,22548,32744,45932,32605,29382,22420,22377
32640,33232,33204,33273,32761,34024,33522,34550,35104,33016,32164,38048,22548,32744,45932,32605,29382,22420,22377
32294,32899,32399,34793,32327,34024,33522,34550,35104,33016,32164,38048,22548,32744,45932,32605,29382,22420,22377
32196,32666,31114,33209,34574,34024,33522,34550,35104,33016,32164,38048,22548,32744,45932,32605,29382,22420,22377
32255,32196,30487,32379,34614,34024,33522,34550,35104,33016,32164,38048,22548,32744,45932,32605,29382,22420,22377
32281,32860,30934,31977,32544,34024,33522,34550,35104,33016,32164,38048,22548,32744,45932,32605,29382,22420,22377
32422,32872,29516,31866,32976,34024,33522,34550,35104,33016,32164,38048,22548,32744,45932,32605,29382,22420,22377
32292,33344,30873,32011,33408,34024,33522,34550,35104,33016,32164,38048,22548,32744,45932,32605,29382,22420,22377
31960,33030,32040,31557,31943,33748,33811,34540,35180,32936,32188,38128,22992,32744,45398,27203,33074,26180,20093
31968,33094,33554,32761,33789,33748,33811,34540,35180,32936,32188,38128,22992,32744,45398,27203,33074,26180,20093
32070,32636,36352,32862,32664,33748,33811,34540,35180,32936,32188,38128,22992,32744,45398,27203,33074,26180,20093
32424,32980,36384,32835,30932,33748,33811,34540,35180,32936,32188,38128,22992,32744,45398,27203,33074,26180,20093
32820,32536,36164,32685,32885,33748,33811,34540,35180,32936,32188,38128,22992,32744,45398,27203,33074,26180,20093
33234,33202,33120,32153,31472,33748,33811,34540,35180,32936,32188,38128,22992,32744,45398,27203,33074,26180,20093
33478,33237,32221,30936,34047,33748,33811,34540,35180,32936,32188,38128,22992,32744,45398,27203,33074,26180,20093
33370,33550,32399,31837,32576,33748,33811,34540,35180,32936,32188,38128,22992,32744,45398,27203,33074,26180,20093
33336,33375,32366,33378,31329,33748,33811,34540,35180,32936,32188,38128,22992,32744,45398,27203,33074,26180,20093
33222,33321,32482,35141,33337,33748,33811,34540,35180,32936,32188,38128,22992,32744,45398,27203,33074,26180,20093
33030,32740,32816,32106,31146,33768,33616,34768,34980,32952,32144,37756,23470,32744,44336,21512,33237,28677,20034
32896,33159,32838,33693,33114,33768,33616,34768,34980,32952,32144,37756,23470,32744,44336,21512,33237,28677,20034
32707,33232,32776,33626,34589,33768,33616,34768,34980,32952,32144,37756,23470,32744,44336,21512,33237,28677,20034
32546,33394,32672,33160,31527,33768,33616,34768,34980,32952,32144,37756,23470,32744,44336,21512,33237,28677,20034
32473,32999,32477,33280,33148,33768,33616,34768,34980,32952,32144,37756,23470,32744,44336,21512,33237,28677,20034
32344,33411,32382,33101,32939,33768,33616,34768,34980,32952,32144,37756,23470,32744,44336,21512,33237,28677,20034
31873,32698,32534,33366,32063,33768,33616,34768,34980,32952,32144,37756,23470,32744,44336,21512,33237,28677,20034
32331,32644,32558,33733,34106,33768,33616,34768,34980,32952,32144,37756,23470,32744,44336,21512,33237,28677,20034
32476,32482,32519,33085,34325,33768,33616,34768,34980,32952,32144,37756,23470,32744,44336,21512,33237,28677,20034
32672,32969,32539,32710,31702,33768,33616,34768,34980,32952,32144,37756,23470,32744,44336,21512,33237,28677,20034
32764,32985,32436,32796,33295,33472,33462,34756,35004,32962,32384,37330,23946,32749,42578,20000,29732,32085,19909
32898,33095,32343,32872,32437,33472,33462,34756,35004,32962,32384,37330,23946,32749,42578,20000,29732,32085,19909
32968,32753,32286,32818,30963,33472,33462,34756,35004,32962,32384,37330,23946,32749,42578,20000,29732,32085,19909
32978,33299,32475,32902,34311,33472,33462,34756,35004,32962,32384,37330,23946,32749,42578,20000,29732,32085,19909
32916,32886,32515,34200,32937,33472,33462,34756,35004,32962,32384,37330,23946,32749,42578,20000,29732,32085,19909
32810,33408,32380,35351,31881,33472,33462,34756,35004,32962,32384,37330,23946,32749,42578,20000,29732,32085,19909
32743,32770,32344,34679,33799,33472,33462,34756,35004,32962,32384,37330,23946,32749,42578,20000,29732,32085,19909
32834,33166,32630,32045,31761,33472,33462,34756,35004,32962,32384,37330,23946,32749,42578,20000,29732,32085,19909
32972,33397,32919,31172,33080,33472,33462,34756,35004,32962,32384,37330,23946,32749,42578,20000,29732,32085,19909
32868,33390,33533,30916,34013,33472,33462,34756,35004,32962,32384,37330,23946,32749,42578,20000,29732,32085,19909
32917,33107,33241,32256,32017,33208,33152,34461,34916,32512,34998,34292,24376,32748,41200,20081,32632,39809,18918
32877,33003,33227,34046,33200,33208,33152,34461,34916,32512,34998,34292,24376,32748,41200,20081,32632,39809,18918
32964,32856,33245,32509,33229,33208,33152,34461,34916,32512,34998,34292,24376,32748,41200,20081,32632,39809,18918
32916,33321,33153,31739,32092,33208,33152,34461,34916,32512,34998,34292,24376,32748,41200,20081,32632,39809,18918
32672,33079,33055,32316,33556,33208,33152,34461,34916,32512,34998,34292,24376,32748,41200,20081,32632,39809,18918
32753,33352,33398,32048,31927,33208,33152,34461,34916,32512,34998,34292,24376,32748,41200,20081,32632,39809,18918
32717,32959,33641,31834,32284,33208,33152,34461,34916,32512,34998,34292,24376,32748,41200,20081,32632,39809,18918
32714,33664,33716,31529,34519,33208,33152,34461,34916,32512,34998,34292,24376,32748,41200,20081,32632,39809,18918
32666,33554,33084,35230,32568,33208,33152,34461,34916,32512,34998,34292,24376,32748,41200,20081,32632,39809,18918
32660,33877,32626,35366,33008,33208,33152,34461,34916,32512,34998,34292,24376,32748,41200,20081,32632,39809,18918
32582,33824,32217,34505,34086,33108,33552,34776,34812,31888,33898,35996,24817,32745,39264,18024,28128,44056,18015
32337,32812,31868,31314,31640,33108,33552,34776,34812,31888,33898,35996,24817,32745,39264,18024,28128,44056,18015
32336,32041,31929,31052,33834,33108,33552,34776,34812,31888,33898,35996,24817,32745,39264,18024,28128,44056,18015
32464,30923,32918,31335,32690,33108,33552,34776,34812,31888,33898,35996,24817,32745,39264,18024,28128,44056,18015
32621,31732,33398,31005,32033,33108,33552,34776,34812,31888,33898,35996,24817,32745,39264,18024,28128,44056,18015
32929,32643,32794,30842,34305,33108,33552,34776,34812,31888,33898,35996,24817,32745,39264,18024,28128,44056,18015
32944,33068,32424,32914,31650,33108,33552,34776,34812,31888,33898,35996,24817,32745,39264,18024,28128,44056,18015
32859,32870,32612,34600,33036,33108,33552,34776,34812,31888,33898,35996,24817,32745,39264,18024,28128,44056,18015
33060,33036,32799,34625,32518,33108,33552,34776,34812,31888,33898,35996,24817,32745,39264,18024,28128,44056,18015
33314,33507,32551,35348,31195,33108,33552,34776,34812,31888,33898,35996,24817,32745,39264,18024,28128,44056,18015
33199,33048,32464,34241,33543,32772,34061,35608,34536,31624,36038,35778,25408,32741,34357,14317,27018,45940,19052
33196,33345,32590,33810,31093,32772,34061,35608,34536,31624,36038,35778,25408,32741,34357,14317,27018,45940,19052
33304,33446,32589,33828,33038,32772,34061,35608,34536,31624,36038,35778,25408,32741,34357,14317,27018,45940,19052
33148,33793,32530,33456,32992,32772,34061,35608,34536,31624,36038,35778,25408,32741,34357,14317,27018,45940,19052
32812,33412,32537,33103,31879,32772,34061,35608,34536,31624,36038,35778,25408,32741,34357,14317,27018,45940,19052
32484,32650,33172,32860,34373,32772,34061,35608,34536,31624,36038,35778,25408,32741,34357,14317,27018,45940,19052
32528,32622,33927,33004,33836,32772,34061,35608,34536,31624,36038,35778,25408,32741,34357,14317,27018,45940,19052
32398,32775,33216,32951,31558,32772,34061,35608,34536,31624,36038,35778,25408,32741,34357,14317,27018,45940,19052
32205,33631,32966,29488,33653,32772,34061,35608,34536,31624,36038,35778,25408,32741,34357,14317,27018,45940,19052
31968,33045,33012,32694,32048,32772,34061,35608,34536,31624,36038,35778,25408,32741,34357,14317,27018,45940,19052
32018,32792,33220,34815,31616,33008,34678,35582,34475,31636,35140,36816,25856,32744,29001,11819,28047,47880,24216
32188,32736,33202,33670,34406,33008,34678,35582,34475,31636,35140,36816,25856,32744,29001,11819,28047,47880,24216
32213,33384,33170,32210,32476,33008,34678,35582,34475,31636,35140,36816,25856,32744,29001,11819,28047,47880,24216
32229,32926,33007,32370,32497,33008,34678,35582,34475,31636,35140,36816,25856,32744,29001,11819,28047,47880,24216
32731,33160,32713,32343,33855,33008,34678,35582,34475,31636,35140,36816,25856,32744,29001,11819,28047,47880,24216
33070,32907,32433,32696,31572,33008,34678,35582,34475,31636,35140,36816,25856,32744,29001,11819,28047,47880,24216
33320,33175,32297,32722,33202,33008,34678,35582,34475,31636,35140,36816,25856,32744,29001,11819,28047,47880,24216
33404,32952,32284,32690,33829,33008,34678,35582,34475,31636,35140,36816,25856,32744,29001,11819,28047,47880,24216
33296,32634,32310,32939,31746,33008,34678,35582,34475,31636,35140,36816,25856,32744,29001,11819,28047,47880,24216
33280,32889,32488,32640,33676,33008,34678,35582,34475,31636,35140,36816,25856,32744,29001,11819,28047,47880,24216
33097,32770,32647,33058,32674,33244,35338,34736,34480,31776,35792,35704,26344,32748,27157,11808,25710,54404,32861
32732,32972,32717,33183,31770,33244,35338,34736,34480,31776,35792,35704,26344,32748,27157,11808,25710,54404,32861
32618,32695,32684,32946,34479,33244,35338,34736,34480,31776,35792,35704,26344,32748,27157,11808,25710,54404,32861
32768,33018,32684,32946,32668,33244,35338,34736,34480,31776,35792,35704,26344,32748,27157,11808,25710,54404,32861
32751,33136,32949,32732,32388,33244,35338,34736,34480,31776,35792,35704,26344,32748,27157,11808,25710,54404,32861
32704,33816,32872,32194,34067,33244,35338,34736,34480,31776,35792,35704,26344,32748,27157,11808,25710,54404,32861
32590,33523,32850,32335,31682,33244,35338,34736,34480,31776,35792,35704,26344,32748,27157,11808,25710,54404,32861
32507,34245,32903,31864,33521,33244,35338,34736,34480,31776,35792,35704,26344,32748,27157,11808,25710,54404,32861
32486,33880,32878,32161,34625,33244,35338,34736,34480,31776,35792,35704,26344,32748,27157,11808,25710,54404,32861
32648,33540,32857,34516,32198,33244,35338,34736,34480,31776,35792,35704,26344,32748,27157,11808,25710,54404,32861
32739,32842,32957,33544,33736,33338,35672,33688,34374,31272,35776,35742,26952,32749,31968,18204,25040,61128,36080
32856,33502,32987,33191,33329,33338,35672,33688,34374,31272,35776,35742,26952,32749,31968,18204,25040,61128,36080
32740,33000,33001,32445,31493,33338,35672,33688,34374,31272,35776,35742,26952,32749,31968,18204,25040,61128,36080
32752,31978,33066,33596,34000,33338,35672,33688,34374,31272,35776,35742,26952,32749,31968,18204,25040,61128,36080
32856,32200,33214,33774,33159,33338,35672,33688,34374,31272,35776,35742,26952,32749,31968,18204,25040,61128,36080
33036,32827,33086,33412,31231,33338,35672,33688,34374,31272,35776,35742,26952,32749,31968,18204,25040,61128,36080
33676,32936,33010,33833,33580,33338,35672,33688,34374,31272,35776,35742,26952,32749,31968,18204,25040,61128,36080
33894,32847,32892,33684,31676,33338,35672,33688,34374,31272,35776,35742,26952,32749,31968,18204,25040,61128,36080
33628,33350,32632,31882,33214,33338,35672,33688,34374,31272,35776,35742,26952,32749,31968,18204,25040,61128,36080
33099,33238,32493,31803,33041,33338,35672,33688,34374,31272,35776,35742,26952,32749,31968,18204,25040,61128,36080
32770,33066,32608,30935,31375,33188,36252,32300,34622,30948,36308,35712,27346,32744,41261,30884,26465,55460,37920
32651,33007,32768,30948,33826,33188,36252,32300,34622,30948,36308,35712,27346,32744,41261,30884,26465,55460,37920
32258,32630,32689,31985,32061,33188,36252,32300,34622,30948,36308,35712,27346,32744,41261,30884,26465,55460,37920
31949,32852,32562,33490,32312,33188,36252,32300,34622,30948,36308,35712,27346,32744,41261,30884,26465,55460,37920
31866,32932,32530,34046,34276,33188,36252,32300,34622,30948,36308,35712,27346,32744,41261,30884,26465,55460,37920
31942,33094,32574,32437,32136,33188,36252,32300,34622,30948,36308,35712,27346,32744,41261,30884,26465,55460,37920
32272,33585,32743,32798,33600,33188,36252,32300,34622,30948,36308,35712,27346,32744,41261,30884,26465,55460,37920
32296,32903,32741,34327,32958,33188,36252,32300,34622,30948,36308,35712,27346,32744,41261,30884,26465,55460,37920
32501,32436,32711,33542,31497,33188,36252,32300,34622,30948,36308,35712,27346,32744,41261,30884,26465,55460,37920
32726,32073,32714,33329,33890,33188,36252,32300,34622,30948,36308,35712,27346,32744,41261,30884,26465,55460,37920
32837,32598,32726,32330,32492,33108,36896,31134,34616,31216,36352,35002,27798,32748,45512,47488,28528,50784,63
33518,32976,32805,31748,32267,33108,36896,31134,34616,31216,36352,35002,27798,32748,45512,47488,28528,50784,63
33698,33423,32833,32116,34276,33108,36896,31134,34616,31216,36352,35002,27798,32748,45512,47488,28528,50784,63
33760,32754,32893,33109,31698,33108,36896,31134,34616,31216,36352,35002,27798,32748,45512,47488,28528,50784,63
33158,32887,32753,32775,33524,33108,36896,31134,34616,31216,36352,35002,27798,32748,45512,47488,28528,50784,63
32676,32928,32635,31692,34594,33108,36896,31134,34616,31216,36352,35002,27798,32748,45512,47488,28528,50784,63
32839,33810,32838,29572,32782,33108,36896,31134,34616,31216,36352,35002,27798,32748,45512,47488,28528,50784,63
33060,33780,32946,29333,32928,33108,36896,31134,34616,31216,36352,35002,27798,32748,45512,47488,28528,50784,63
32888,33948,33075,29955,33615,33108,36896,31134,34616,31216,36352,35002,27798,32748,45512,47488,28528,50784,63
32764,33373,33065,30822,30278,33108,36896,31134,34616,31216,36352,35002,27798,32748,45512,47488,28528,50784,63
32785,32934,32930,34627,41397,33000,37072,30576,34844,31512,36716,34760,28196,32751,47825,44464,30208,54912,77
32247,32486,32637,33982,30103,33000,37072,30576,34844,31512,36716,34760,28196,32751,47825,44464,30208,54912,77
31976,33448,32636,36464,29956,33000,37072,30576,34844,31512,36716,34760,28196,32751,47825,44464,30208,54912,77
32571,33557,32601,35199,30348,33000,37072,30576,34844,31512,36716,34760,28196,32751,47825,44464,30208,54912,77
33024,34059,32851,33244,40397,33000,37072,30576,34844,31512,36716,34760,28196,32751,47825,44464,30208,54912,77
33542,33882,33202,33711,30017,33000,37072,30576,34844,31512,36716,34760,28196,32751,47825,44464,30208,54912,77
33444,34104,32913,32100,31598,33000,37072,30576,34844,31512,36716,34760,28196,32751,47825,44464,30208,54912,77
32995,33773,32934,29884,32662,33000,37072,30576,34844,31512,36716,34760,28196,32751,47825,44464,30208,54912,77
32802,33740,32852,29912,23310,33000,37072,30576,34844,31512,36716,34760,28196,32751,47825,44464,30208,54912,77
32400,33496,32838,32969,25507,33000,37072,30576,34844,31512,36716,34760,28196,32751,47825,44464,30208,54912,77
31536,32871,32625,32556,31813,32997,37188,30608,34864,31168,37008,34704,28536,32748,34965,29672,24368,48537,27056
31008,32956,32460,32705,32232,32997,37188,30608,34864,31168,37008,34704,28536,32748,34965,29672,24368,48537,27056
31444,32931,32648,35634,34468,32997,37188,30608,34864,31168,37008,34704,28536,32748,34965,29672,24368,48537,27056
32698,31418,32908,37020,38153,32997,37188,30608,34864,31168,37008,34704,28536,32748,34965,29672,24368,48537,27056
33627,29842,32944,32326,39316,32997,37188,30608,34864,31168,37008,34704,28536,32748,34965,29672,24368,48537,27056
34224,29249,32882,32793,34730,32997,37188,30608,34864,31168,37008,34704,28536,32748,34965,29672,24368,48537,27056
33884,30711,32880,36740,33364,32997,37188,30608,34864,31168,37008,34704,28536,32748,34965,29672,24368,48537,27056
33727,32287,32804,35749,34695,32997,37188,30608,34864,31168,37008,34704,28536,32748,34965,29672,24368,48537,27056
33620,32859,32651,33714,36516,32997,37188,30608,34864,31168,37008,34704,28536,32748,34965,29672,24368,48537,27056
33212,33113,32198,32964,36376,32997,37188,30608,34864,31168,37008,34704,28536,32748,34965,29672,24368,48537,27056
33126,33152,32226,32004,36262,33104,37104,31170,34940,31704,37108,34416,28904,32748,28901,38433,25752,50436,21091
32511,33541,32167,30914,36895,33104,37104,31170,34940,31704,37108,34416,28904,32748,28901,38433,25752,50436,21091
31468,32818,32312,30588,34525,33104,37104,31170,34940,31704,37108,34416,28904,32748,28901,38433,25752,50436,21091
31378,33423,32503,30271,33332,33104,37104,31170,34940,31704,37108,34416,28904,32748,28901,38433,25752,50436,21091
31412,33495,32536,31424,35169,33104,37104,31170,34940,31704,37108,34416,28904,32748,28901,38433,25752,50436,21091
31901,33892,32448,31922,31296,33104,37104,31170,34940,31704,37108,34416,28904,32748,28901,38433,25752,50436,21091
32402,33117,32635,33590,31551,33104,37104,31170,34940,31704,37108,34416,28904,32748,28901,38433,25752,50436,21091
32696,33596,32712,34691,30469,33104,37104,31170,34940,31704,37108,34416,28904,32748,28901,38433,25752,50436,21091
32254,32626,32722,35617,31231,33104,37104,31170,34940,31704,37108,34416,28904,32748,28901,38433,25752,50436,21091
32404,32063,32729,34045,31661,33104,37104,31170,34940,31704,37108,34416,28904,32748,28901,38433,25752,50436,21091
32222,32908,32765,33652,30087,33360,37312,31648,34996,32429,37186,34004,29245,32745,21719,26282,23408,45012,24512
31945,33252,32946,29663,29561,33360,37312,31648,34996,32429,37186,34004,29245,32745,21719,26282,23408,45012,24512
32117,33572,32920,31269,30023,33360,37312,31648,34996,32429,37186,34004,29245,32745,21719,26282,23408,45012,24512
31847,32700,32961,30920,29392,33360,37312,31648,34996,32429,37186,34004,29245,32745,21719,26282,23408,45012,24512
31656,33100,33010,31999,28968,33360,37312,31648,34996,32429,37186,34004,29245,32745,21719,26282,23408,45012,24512
32684,33082,33162,32820,32805,33360,37312,31648,34996,32429,37186,34004,29245,32745,21719,26282,23408,45012,24512
33765,33636,33102,32130,33287,33360,37312,31648,34996,32429,37186,34004,29245,32745,21719,26282,23408,45012,24512
34222,34322,32677,32576,31640,33360,37312,31648,34996,32429,37186,34004,29245,32745,21719,26282,23408,45012,24512
34298,35442,32686,32637,30567,33360,37312,31648,34996,32429,37186,34004,29245,32745,21719,26282,23408,45012,24512
34224,35304,32690,32668,31986,33360,37312,31648,34996,32429,37186,34004,29245,32745,21719,26282,23408,45012,24512
34101,35008,32956,32608,29233,33736,37590,31808,35012,33126,37146,33624,29530,32745,17936,23818,27390,45500,26919
33732,33272,32996,33704,28298,33736,37590,31808,35012,33126,37146,33624,29530,32745,17936,23818,27390,45500,26919
32954,29670,32995,33679,32343,33736,37590,31808,35012,33126,37146,33624,29530,32745,17936,23818,27390,45500,26919
32940,28292,32992,31013,35168,33736,37590,31808,35012,33126,37146,33624,29530,32745,17936,23818,27390,45500,26919
32974,29350,32900,27635,30745,33736,37590,31808,35012,33126,37146,33624,29530,32745,17936,23818,27390,45500,26919
32634,30828,32875,32344,35363,33736,37590,31808,35012,33126,37146,33624,29530,32745,17936,23818,27390,45500,26919
32428,32672,32968,32853,34576,33736,37590,31808,35012,33126,37146,33624,29530,32745,17936,23818,27390,45500,26919
32728,33192,33182,31468,33294,33736,37590,31808,35012,33126,37146,33624,29530,32745,17936,23818,27390,45500,26919
32483,33733,34346,31081,30503,33736,37590,31808,35012,33126,37146,33624,29530,32745,17936,23818,27390,45500,26919
32462,33814,33798,38132,34684,33736,37590,31808,35012,33126,37146,33624,29530,32745,17936,23818,27390,45500,26919
32522,33726,33598,39376,37378,34000,37925,31808,35146,33628,37144,33522,29775,32748,32164,53472,25184,46704,30149
32392,32672,33976,37267,35650,34000,37925,31808,35146,33628,37144,33522,29775,32748,32164,53472,25184,46704,30149
32596,33521,32890,31572,35798,34000,37925,31808,35146,33628,37144,33522,29775,32748,32164,53472,25184,46704,30149
32972,33730,32536,33924,34237,34000,37925,31808,35146,33628,37144,33522,29775,32748,32164,53472,25184,46704,30149
32636,33447,32514,33756,35488,34000,37925,31808,35146,33628,37144,33522,29775,32748,32164,53472,25184,46704,30149
32560,33670,32516,33068,36006,34000,37925,31808,35146,33628,37144,33522,29775,32748,32164,53472,25184,46704,30149
32020,32918,32398,33199,35946,34000,37925,31808,35146,33628,37144,33522,29775,32748,32164,53472,25184,46704,30149
31984,32614,32490,31924,32532,34000,37925,31808,35146,33628,37144,33522,29775,32748,32164,53472,25184,46704,30149
32086,32700,32610,35186,34215,34000,37925,31808,35146,33628,37144,33522,29775,32748,32164,53472,25184,46704,30149
32389,33467,32589,31759,32399,34000,37925,31808,35146,33628,37144,33522,29775,32748,32164,53472,25184,46704,30149
32420,36126,32489,28356,32770,34248,38625,31972,35016,34312,37469,33324,30032,32751,32924,60424,24669,47904,40469
32396,36726,32419,28724,33920,34248,38625,31972,35016,34312,37469,33324,30032,32751,32924,60424,24669,47904,40469
32664,33766,32474,33227,33553,34248,38625,31972,35016,34312,37469,33324,30032,32751,32924,60424,24669,47904,40469
32872,29856,32420,32766,32139,34248,38625,31972,35016,34312,37469,33324,30032,32751,32924,60424,24669,47904,40469
33138,28944,32422,31312,33753,34248,38625,31972,35016,34312,37469,33324,30032,32751,32924,60424,24669,47904,40469
33241,29104,32404,31720,33547,34248,38625,31972,35016,34312,37469,33324,30032,32751,32924,60424,24669,47904,40469
33348,30028,32583,32408,30883,34248,38625,31972,35016,34312,37469,33324,30032,32751,32924,60424,24669,47904,40469
33747,31664,32873,32972,33899,34248,38625,31972,35016,34312,37469,33324,30032,32751,32924,60424,24669,47904,40469
34144,32932,32832,33303,32717,34248,38625,31972,35016,34312,37469,33324,30032,32751,32924,60424,24669,47904,40469
34308,33078,32905,32762,30909,34248,38625,31972,35016,34312,37469,33324,30032,32751,32924,60424,24669,47904,40469
33880,33718,33437,32832,30596,34852,39556,31913,34896,34882,37796,33212,30204,32748,20940,38519,26904,49496,41605
33336,33342,33350,33594,29754,34852,39556,31913,34896,34882,37796,33212,30204,32748,20940,38519,26904,49496,41605
32850,33870,32756,33526,28167,34852,39556,31913,34896,34882,37796,33212,30204,32748,20940,38519,26904,49496,41605
32598,33567,32598,33438,29782,34852,39556,31913,34896,34882,37796,33212,30204,32748,20940,38519,26904,49496,41605
32804,33363,32698,33470,29099,34852,39556,31913,34896,34882,37796,33212,30204,32748,20940,38519,26904,49496,41605
33395,33411,32903,33107,30488,34852,39556,31913,34896,34882,37796,33212,30204,32748,20940,38519,26904,49496,41605
33106,33818,32652,32570,32288,34852,39556,31913,34896,34882,37796,33212,30204,32748,20940,38519,26904,49496,41605
32864,33508,32406,32208,30745,34852,39556,31913,34896,34882,37796,33212,30204,32748,20940,38519,26904,49496,41605
32716,33415,32433,32356,34329,34852,39556,31913,34896,34882,37796,33212,30204,32748,20940,38519,26904,49496,41605
32792,33340,32611,32896,31636,34852,39556,31913,34896,34882,37796,33212,30204,32748,20940,38519,26904,49496,41605
32666,33659,32751,32031,32602,35912,40100,31312,35084,35160,38220,33564,30280,32752,17717,29440,28552,45736,42348
32774,33066,32864,31013,35130,35912,40100,31312,35084,35160,38220,33564,30280,32752,17717,29440,28552,45736,42348
31456,32873,32971,30023,34631,35912,40100,31312,35084,35160,38220,33564,30280,32752,17717,29440,28552,45736,42348
30981,32700,32766,32279,33579,35912,40100,31312,35084,35160,38220,33564,30280,32752,17717,29440,28552,45736,42348
31234,33301,32812,35016,34668,35912,40100,31312,35084,35160,38220,33564,30280,32752,17717,29440,28552,45736,42348
31701,32730,32960,34863,37056,35912,40100,31312,35084,35160,38220,33564,30280,32752,17717,29440,28552,45736,42348
32096,32656,33061,35615,34118,35912,40100,31312,35084,35160,38220,33564,30280,32752,17717,29440,28552,45736,42348
31937,33007,33063,34906,34148,35912,40100,31312,35084,35160,38220,33564,30280,32752,17717,29440,28552,45736,42348
31822,33007,33141,33140,35266,35912,40100,31312,35084,35160,38220,33564,30280,32752,17717,29440,28552,45736,42348
32150,33227,33684,33701,36277,35912,40100,31312,35084,35160,38220,33564,30280,32752,17717,29440,28552,45736,42348
32494,33166,33845,34496,34366,36580,39668,30157,34760,34720,38356,33448,30316,32748,21744,37320,27700,52740,35656
33034,32994,33383,34983,32640,36580,39668,30157,34760,34720,38356,33448,30316,32748,21744,37320,27700,52740,35656
33068,33494,33469,32843,34788,36580,39668,30157,34760,34720,38356,33448,30316,32748,21744,37320,27700,52740,35656
33398,33065,33522,31601,33924,36580,39668,30157,34760,34720,38356,33448,30316,32748,21744,37320,27700,52740,35656
34008,33245,33392,31498,31314,36580,39668,30157,34760,34720,38356,33448,30316,32748,21744,37320,27700,52740,35656
34604,32940,33419,31741,33330,36580,39668,30157,34760,34720,38356,33448,30316,32748,21744,37320,27700,52740,35656
34155,32888,33427,32150,31147,36580,39668,30157,34760,34720,38356,33448,30316,32748,21744,37320,27700,52740,35656
33376,33013,33195,32560,32384,36580,39668,30157,34760,34720,38356,33448,30316,32748,21744,37320,27700,52740,35656
31891,32548,32994,32309,31728,36580,39668,30157,34760,34720,38356,33448,30316,32748,21744,37320,27700,52740,35656
31384,32765,32827,31638,30008,36580,39668,30157,34760,34720,38356,33448,30316,32748,21744,37320,27700,52740,35656
31744,32492,32966,31113,32482,36930,38288,29940,34612,33847,38216,33186,30348,32749,22322,35549,29322,47716,34000
31660,33027,32952,31521,29621,36930,38288,29940,34612,33847,38216,33186,30348,32749,22322,35549,29322,47716,34000
32007,32658,32902,32612,31997,36930,38288,29940,34612,33847,38216,33186,30348,32749,22322,35549,29322,47716,34000
32536,33063,32893,32480,30506,36930,38288,29940,34612,33847,38216,33186,30348,32749,22322,35549,29322,47716,34000
33045,32931,32867,34408,33380,36930,38288,29940,34612,33847,38216,33186,30348,32749,22322,35549,29322,47716,34000
33336,32858,32723,33766,31924,36930,38288,29940,34612,33847,38216,33186,30348,32749,22322,35549,29322,47716,34000
33545,33051,32518,32959,30780,36930,38288,29940,34612,33847,38216,33186,30348,32749,22322,35549,29322,47716,34000
33725,33062,32392,32302,33774,36930,38288,29940,34612,33847,38216,33186,30348,32749,22322,35549,29322,47716,34000
33506,33270,32420,32279,31594,36930,38288,29940,34612,33847,38216,33186,30348,32749,22322,35549,29322,47716,34000
33710,33462,32539,32648,33252,36930,38288,29940,34612,33847,38216,33186,30348,32749,22322,35549,29322,47716,34000
33733,33304,32604,33078,34235,36272,36850,31668,34160,29994,39252,33220,30290,32752,23484,27133,32888,52256,36024
33150,33682,32402,33559,31559,36272,36850,31668,34160,29994,39252,33220,30290,32752,23484,27133,32888,52256,36024
33287,33235,32325,33119,33561,36272,36850,31668,34160,29994,39252,33220,30290,32752,23484,27133,32888,52256,36024
33353,33487,32302,32657,32424,36272,36850,31668,34160,29994,39252,33220,30290,32752,23484,27133,32888,52256,36024
32864,33156,32300,32363,32495,36272,36850,31668,34160,29994,39252,33220,30290,32752,23484,27133,32888,52256,36024
32560,33139,32398,31224,34417,36272,36850,31668,34160,29994,39252,33220,30290,32752,23484,27133,32888,52256,36024
32790,33035,32387,31917,32750,36272,36850,31668,34160,29994,39252,33220,30290,32752,23484,27133,32888,52256,36024
32965,32548,32322,33811,32760,36272,36850,31668,34160,29994,39252,33220,30290,32752,23484,27133,32888,52256,36024
33854,33284,32320,34245,34437,36272,36850,31668,34160,29994,39252,33220,30290,32752,23484,27133,32888,52256,36024
33724,33540,32378,33874,32630,36272,36850,31668,34160,29994,39252,33220,30290,32752,23484,27133,32888,52256,36024
33257,34193,32393,32632,32752,34172,36608,33697,34217,29144,40508,31624,30224,32748,27320,23903,33620,44448,26832
31984,33990,32344,31820,34984,34172,36608,33697,34217,29144,40508,31624,30224,32748,27320,23903,33620,44448,26832
31241,34146,32377,31810,32135,34172,36608,33697,34217,29144,40508,31624,30224,32748,27320,23903,33620,44448,26832
30952,33933,32541,32351,31936,34172,36608,33697,34217,29144,40508,31624,30224,32748,27320,23903,33620,44448,26832
30802,33233,32552,32791,34260,34172,36608,33697,34217,29144,40508,31624,30224,32748,27320,23903,33620,44448,26832
32095,33245,32389,33344,31309,34172,36608,33697,34217,29144,40508,31624,30224,32748,27320,23903,33620,44448,26832
32140,31406,32605,33546,32864,34172,36608,33697,34217,29144,40508,31624,30224,32748,27320,23903,33620,44448,26832
32004,30692,32639,33417,33309,34172,36608,33697,34217,29144,40508,31624,30224,32748,27320,23903,33620,44448,26832
31764,30372,32580,33778,31864,34172,36608,33697,34217,29144,40508,31624,30224,32748,27320,23903,33620,44448,26832
32228,31193,32494,32800,33543,34172,36608,33697,34217,29144,40508,31624,30224,32748,27320,23903,33620,44448,26832
33320,32100,32606,32285,32267,32532,37698,35969,33992,34048,37540,35186,30316,32752,30716,23757,31777,35221,21232
33961,32740,32756,32358,31496,32532,37698,35969,33992,34048,37540,35186,30316,32752,30716,23757,31777,35221,21232
33400,33504,32777,32981,34080,32532,37698,35969,33992,34048,37540,35186,30316,32752,30716,23757,31777,35221,21232
33362,33287,32680,32905,30949,32532,37698,35969,33992,34048,37540,35186,30316,32752,30716,23757,31777,35221,21232
32605,32827,32639,31790,33373,32532,37698,35969,33992,34048,37540,35186,30316,32752,30716,23757,31777,35221,21232
31882,33146,32617,31336,32278,32532,37698,35969,33992,34048,37540,35186,30316,32752,30716,23757,31777,35221,21232
32344,33156,32767,33415,31556,32532,37698,35969,33992,34048,37540,35186,30316,32752,30716,23757,31777,35221,21232
33424,33151,32896,34683,34349,32532,37698,35969,33992,34048,37540,35186,30316,32752,30716,23757,31777,35221,21232
33928,33378,32898,33467,31541,32532,37698,35969,33992,34048,37540,35186,30316,32752,30716,23757,31777,35221,21232
34036,33450,33066,31698,32800,32532,37698,35969,33992,34048,37540,35186,30316,32752,30716,23757,31777,35221,21232
33920,33938,33158,30616,34600,34770,37844,38164,33892,37704,38880,33000,30290,32757,31272,19581,34320,35056,18144
33081,33446,32881,30468,32534,34770,37844,38164,33892,37704,38880,33000,30290,32757,31272,19581,34320,35056,18144
32514,33667,32592,33320,32196,34770,37844,38164,33892,37704,38880,33000,30290,32757,31272,19581,34320,35056,18144
32240,32864,32686,35159,34164,34770,37844,38164,33892,37704,38880,33000,30290,32757,31272,19581,34320,35056,18144
31692,33330,32677,34446,31717,34770,37844,38164,33892,37704,38880,33000,30290,32757,31272,19581,34320,35056,18144
32120,33112,32864,33208,33902,34770,37844,38164,33892,37704,38880,33000,30290,32757,31272,19581,34320,35056,18144
33624,33574,32983,33003,34868,34770,37844,38164,33892,37704,38880,33000,30290,32757,31272,19581,34320,35056,18144
33737,33466,32949,32833,31355,34770,37844,38164,33892,37704,38880,33000,30290,32757,31272,19581,34320,35056,18144
33484,33997,32843,32338,33318,34770,37844,38164,33892,37704,38880,33000,30290,32757,31272,19581,34320,35056,18144
33316,33822,32813,31801,31844,34770,37844,38164,33892,37704,38880,33000,30290,32757,31272,19581,34320,35056,18144
33472,33245,32980,33094,31708,38514,38144,38312,33860,33774,39200,30844,30248,32751,25793,15651,33782,34008,21097
33883,32964,33028,32839,33590,38514,38144,38312,33860,33774,39200,30844,30248,32751,25793,15651,33782,34008,21097
34153,33080,33091,32826,32064,38514,38144,38312,33860,33774,39200,30844,30248,32751,25793,15651,33782,34008,21097
33226,32802,32930,33334,32948,38514,38144,38312,33860,33774,39200,30844,30248,32751,25793,15651,33782,34008,21097
31436,32641,32563,33023,44770,38514,38144,38312,33860,33774,39200,30844,30248,32751,25793,15651,33782,34008,21097
29422,31858,32424,32884,23904,38514,38144,38312,33860,33774,39200,30844,30248,32751,25793,15651,33782,34008,21097
28278,31921,32450,33231,34696,38514,38144,38312,33860,33774,39200,30844,30248,32751,25793,15651,33782,34008,21097
29319,31911,32623,32596,37740,38514,38144,38312,33860,33774,39200,30844,30248,32751,25793,15651,33782,34008,21097
31580,32537,32863,32680,33128,38514,38144,38312,33860,33774,39200,30844,30248,32751,25793,15651,33782,34008,21097
32908,32996,33021,32872,37976,38514,38144,38312,33860,33774,39200,30844,30248,32751,25793,15651,33782,34008,21097
33472,32957,32924,32560,33812,37512,39298,33662,34016,31276,40296,31920,30241,32753,19780,7989,35686,40820,24685
33568,33153,33017,32628,33832,37512,39298,33662,34016,31276,40296,31920,30241,32753,19780,7989,35686,40820,24685
33614,33159,32966,32664,30173,37512,39298,33662,34016,31276,40296,31920,30241,32753,19780,7989,35686,40820,24685
33624,33222,32944,32583,29033,37512,39298,33662,34016,31276,40296,31920,30241,32753,19780,7989,35686,40820,24685
33660,33539,32800,32708,33074,37512,39298,33662,34016,31276,40296,31920,30241,32753,19780,7989,35686,40820,24685
33476,33328,32819,32942,31494,37512,39298,33662,34016,31276,40296,31920,30241,32753,19780,7989,35686,40820,24685
33564,32997,32800,32858,35422,37512,39298,33662,34016,31276,40296,31920,30241,32753,19780,7989,35686,40820,24685
33527,32965,32781,32715,31006,37512,39298,33662,34016,31276,40296,31920,30241,32753,19780,7989,35686,40820,24685
33222,33016,32764,32875,39141,37512,39298,33662,34016,31276,40296,31920,30241,32753,19780,7989,35686,40820,24685
32989,33026,32704,32383,31846,37512,39298,33662,34016,31276,40296,31920,30241,32753,19780,7989,35686,40820,24685
33040,33355,32812,32575,30720,36148,41056,29096,33904,35240,41061,28768,30192,32750,17799,4496,33140,39900,20604
33216,32777,32948,32937,34037,36148,41056,29096,33904,35240,41061,28768,30192,32750,17799,4496,33140,39900,20604
33526,32942,32942,32898,29402,36148,41056,29096,33904,35240,41061,28768,30192,32750,17799,4496,33140,39900,20604
33856,33203,32941,32544,28260,36148,41056,29096,33904,35240,41061,28768,30192,32750,17799,4496,33140,39900,20604
33986,33088,32871,32671,36723,36148,41056,29096,33904,35240,41061,28768,30192,32750,17799,4496,33140,39900,20604
33455,33216,32904,33099,28360,36148,41056,29096,33904,35240,41061,28768,30192,32750,17799,4496,33140,39900,20604
33248,32863,32949,33216,33632,36148,41056,29096,33904,35240,41061,28768,30192,32750,17799,4496,33140,39900,20604
33284,33248,32852,32681,33942,36148,41056,29096,33904,35240,41061,28768,30192,32750,17799,4496,33140,39900,20604
33144,32794,32728,32999,34632,36148,41056,29096,33904,35240,41061,28768,30192,32750,17799,4496,33140,39900,20604
32863,33286,32745,32786,32944,36148,41056,29096,33904,35240,41061,28768,30192,32750,17799,4496,33140,39900,20604
32664,32942,32827,32546,32976,34288,40998,29196,34088,32012,39380,31488,30036,32752,17940,10647,29468,39126,23612
32550,33331,32838,32827,34110,34288,40998,29196,34088,32012,39380,31488,30036,32752,17940,10647,29468,39126,23612
32176,32943,32825,32938,31054,34288,40998,29196,34088,32012,39380,31488,30036,32752,17940,10647,29468,39126,23612
31916,33017,32792,33023,31581,34288,40998,29196,34088,32012,39380,31488,30036,32752,17940,10647,29468,39126,23612
32016,32688,32752,32854,32747,34288,40998,29196,34088,32012,39380,31488,30036,32752,17940,10647,29468,39126,23612
32704,33161,32832,32967,32564,34288,40998,29196,34088,32012,39380,31488,30036,32752,17940,10647,29468,39126,23612
33346,32808,32937,32969,31350,34288,40998,29196,34088,32012,39380,31488,30036,32752,17940,10647,29468,39126,23612
33700,33204,32841,32805,32326,34288,40998,29196,34088,32012,39380,31488,30036,32752,17940,10647,29468,39126,23612
33332,32873,32967,32856,34160,34288,40998,29196,34088,32012,39380,31488,30036,32752,17940,10647,29468,39126,23612
32672,33166,32971,33032,30354,34288,40998,29196,34088,32012,39380,31488,30036,32752,17940,10647,29468,39126,23612
32490,32800,32949,32897,32230,32780,39792,33422,34012,31266,40496,32768,29985,32753,18052,15429,28812,38875,24481
32576,32999,32615,32940,35410,32780,39792,33422,34012,31266,40496,32768,29985,32753,18052,15429,28812,38875,24481
32380,33136,32583,32918,32969,32780,39792,33422,34012,31266,40496,32768,29985,32753,18052,15429,28812,38875,24481
31916,32711,32701,32771,31786,32780,39792,33422,34012,31266,40496,32768,29985,32753,18052,15429,28812,38875,24481
32061,33001,32676,32900,34591,32780,39792,33422,34012,31266,40496,32768,29985,32753,18052,15429,28812,38875,24481
32832,33087,33038,32733,32688,32780,39792,33422,34012,31266,40496,32768,29985,32753,18052,15429,28812,38875,24481
32848,32710,33110,32871,29950,32780,39792,33422,34012,31266,40496,32768,29985,32753,18052,15429,28812,38875,24481
32272,33018,32870,32762,34237,32780,39792,33422,34012,31266,40496,32768,29985,32753,18052,15429,28812,38875,24481
31944,32694,32666,32645,31818,32780,39792,33422,34012,31266,40496,32768,29985,32753,18052,15429,28812,38875,24481
32444,33078,32629,32928,31994,32780,39792,33422,34012,31266,40496,32768,29985,32753,18052,15429,28812,38875,24481
33042,33069,32676,32804,32740,32544,39800,35480,34028,32476,39977,31820,29810,32756,17785,19902,30100,44724,20318
33164,32750,32699,32866,32534,32544,39800,35480,34028,32476,39977,31820,29810,32756,17785,19902,30100,44724,20318
33200,33164,32723,32852,33210,32544,39800,35480,34028,32476,39977,31820,29810,32756,17785,19902,30100,44724,20318
33280,32911,32863,32719,33510,32544,39800,35480,34028,32476,39977,31820,29810,32756,17785,19902,30100,44724,20318
32852,33132,32898,32830,31803,32544,39800,35480,34028,32476,39977,31820,29810,32756,17785,19902,30100,44724,20318
32038,33171,32985,32846,33877,32544,39800,35480,34028,32476,39977,31820,29810,32756,17785,19902,30100,44724,20318
31682,32848,32950,32648,31650,32544,39800,35480,34028,32476,39977,31820,29810,32756,17785,19902,30100,44724,20318
31961,33287,32866,32774,32932,32544,39800,35480,34028,32476,39977,31820,29810,32756,17785,19902,30100,44724,20318
31213,32737,32700,32957,34589,32544,39800,35480,34028,32476,39977,31820,29810,32756,17785,19902,30100,44724,20318
31192,33195,32775,32820,31419,32544,39800,35480,34028,32476,39977,31820,29810,32756,17785,19902,30100,44724,20318
32248,33303,32844,32806,33711,32180,40000,33840,34153,31274,38728,33620,29720,32757,20719,26065,26332,41764,23728
33593,33178,32762,32971,33527,32180,40000,33840,34153,31274,38728,33620,29720,32757,20719,26065,26332,41764,23728
34807,33304,32786,32833,29730,32180,40000,33840,34153,31274,38728,33620,29720,32757,20719,26065,26332,41764,23728
35728,33150,32858,32700,34230,32180,40000,33840,34153,31274,38728,33620,29720,32757,20719,26065,26332,41764,23728
35614,33097,32809,32994,32426,32180,40000,33840,34153,31274,38728,33620,29720,32757,20719,26065,26332,41764,23728
34285,32884,32875,32927,31440,32180,40000,33840,34153,31274,38728,33620,29720,32757,20719,26065,26332,41764,23728
33170,33122,32839,32735,32824,32180,40000,33840,34153,31274,38728,33620,29720,32757,20719,26065,26332,41764,23728
32094,32623,32832,32813,31171,32180,40000,33840,34153,31274,38728,33620,29720,32757,20719,26065,26332,41764,23728
31511,32738,32713,32801,33071,32180,40000,33840,34153,31274,38728,33620,29720,32757,20719,26065,26332,41764,23728
30984,32594,32464,32621,31701,32180,40000,33840,34153,31274,38728,33620,29720,32757,20719,26065,26332,41764,23728
31180,32284,32094,32814,32808,31944,38716,33684,34068,31938,37808,33652,29564,32757,24006,31972,26292,38139,29962
31558,32667,32220,32502,32297,31944,38716,33684,34068,31938,37808,33652,29564,32757,24006,31972,26292,38139,29962
31310,32796,32678,32627,31498,31944,38716,33684,34068,31938,37808,33652,29564,32757,24006,31972,26292,38139,29962
30962,32389,32765,32690,34601,31944,38716,33684,34068,31938,37808,33652,29564,32757,24006,31972,26292,38139,29962
30937,32592,32650,32507,34886,31944,38716,33684,34068,31938,37808,33652,29564,32757,24006,31972,26292,38139,29962
31458,32520,32639,32743,31831,31944,38716,33684,34068,31938,37808,33652,29564,32757,24006,31972,26292,38139,29962
31997,33087,32746,32916,33789,31944,38716,33684,34068,31938,37808,33652,29564,32757,24006,31972,26292,38139,29962
32586,32868,32794,32774,32832,31944,38716,33684,34068,31938,37808,33652,29564,32757,24006,31972,26292,38139,29962
33018,33234,32909,32647,31509,31944,38716,33684,34068,31938,37808,33652,29564,32757,24006,31972,26292,38139,29962
33173,32816,33047,32910,33600,31944,38716,33684,34068,31938,37808,33652,29564,32757,24006,31972,26292,38139,29962
33412,33287,33039,32950,33187,31768,37048,35108,34112,31624,37266,34544,29360,32756,26524,35956,26525,42528,38196
33371,32951,33095,32864,32876,31768,37048,35108,34112,31624,37266,34544,29360,32756,26524,35956,26525,42528,38196
33330,33232,32964,32773,32829,31768,37048,35108,34112,31624,37266,34544,29360,32756,26524,35956,26525,42528,38196
33316,33010,32918,32873,32147,31768,37048,35108,34112,31624,37266,34544,29360,32756,26524,35956,26525,42528,38196
33228,33323,32905,32974,33637,31768,37048,35108,34112,31624,37266,34544,29360,32756,26524,35956,26525,42528,38196
33038,33202,32814,32982,31879,31768,37048,35108,34112,31624,37266,34544,29360,32756,26524,35956,26525,42528,38196
32922,33018,32686,33059,32963,31768,37048,35108,34112,31624,37266,34544,29360,32756,26524,35956,26525,42528,38196
32971,33345,32643,32850,34717,31768,37048,35108,34112,31624,37266,34544,29360,32756,26524,35956,26525,42528,38196
32868,33124,32709,32708,33304,31768,37048,35108,34112,31624,37266,34544,29360,32756,26524,35956,26525,42528,38196
32444,33076,32797,32718,32090,31768,37048,35108,34112,31624,37266,34544,29360,32756,26524,35956,26525,42528,38196
32489,33253,32824,32684,34703,31812,35988,36732,34176,30772,36784,36752,29176,32752,26744,38228,26194,39924,41361
32808,33221,32797,32601,33894,31812,35988,36732,34176,30772,36784,36752,29176,32752,26744,38228,26194,39924,41361
32824,33391,32879,32702,32235,31812,35988,36732,34176,30772,36784,36752,29176,32752,26744,38228,26194,39924,41361
32498,33022,32880,32822,33890,31812,35988,36732,34176,30772,36784,36752,29176,32752,26744,38228,26194,39924,41361
32576,33210,32890,32962,32014,31812,35988,36732,34176,30772,36784,36752,29176,32752,26744,38228,26194,39924,41361
32988,33086,32883,32954,31901,31812,35988,36732,34176,30772,36784,36752,29176,32752,26744,38228,26194,39924,41361
33094,33381,32952,32839,34922,31812,35988,36732,34176,30772,36784,36752,29176,32752,26744,38228,26194,39924,41361
33061,33123,32916,32775,31824,31812,35988,36732,34176,30772,36784,36752,29176,32752,26744,38228,26194,39924,41361
32675,33184,33008,32822,32604,31812,35988,36732,34176,30772,36784,36752,29176,32752,26744,38228,26194,39924,41361
32749,32898,32998,32723,34085,31812,35988,36732,34176,30772,36784,36752,29176,32752,26744,38228,26194,39924,41361
33230,33108,33004,32905,31267,31972,36170,37776,34304,30740,36930,38536,29088,32757,26728,40132,25738,38912,43964
33600,33115,33051,33030,33634,31972,36170,37776,34304,30740,36930,38536,29088,32757,26728,40132,25738,38912,43964
32850,32895,32969,33029,34086,31972,36170,37776,34304,30740,36930,38536,29088,32757,26728,40132,25738,38912,43964
32720,33062,32865,32693,31866,31972,36170,37776,34304,30740,36930,38536,29088,32757,26728,40132,25738,38912,43964
33152,32686,32936,32192,33660,31972,36170,37776,34304,30740,36930,38536,29088,32757,26728,40132,25738,38912,43964
33436,33147,32999,32103,32750,31972,36170,37776,34304,30740,36930,38536,29088,32757,26728,40132,25738,38912,43964
33613,33161,32902,32510,31864,31972,36170,37776,34304,30740,36930,38536,29088,32757,26728,40132,25738,38912,43964
33608,32855,32726,33113,33807,31972,36170,37776,34304,30740,36930,38536,29088,32757,26728,40132,25738,38912,43964
33252,33178,32680,33263,32391,31972,36170,37776,34304,30740,36930,38536,29088,32757,26728,40132,25738,38912,43964
32761,32985,32697,33315,32620,31972,36170,37776,34304,30740,36930,38536,29088,32757,26728,40132,25738,38912,43964
32716,32954,32760,33208,32953,32176,37648,38256,34288,31508,38652,38524,29002,32757,26384,39312,25140,35972,42020
33004,33260,32850,33092,31336,32176,37648,38256,34288,31508,38652,38524,29002,32757,26384,39312,25140,35972,42020
32940,32969,32994,33033,34190,32176,37648,38256,34288,31508,38652,38524,29002,32757,26384,39312,25140,35972,42020
32421,33212,32884,32933,34050,32176,37648,38256,34288,31508,38652,38524,29002,32757,26384,39312,25140,35972,42020
31646,32836,32815,32467,31031,32176,37648,38256,34288,31508,38652,38524,29002,32757,26384,39312,25140,35972,42020
31629,32733,32786,31282,33668,32176,37648,38256,34288,31508,38652,38524,29002,32757,26384,39312,25140,35972,42020
32481,33106,32914,30889,31862,32176,37648,38256,34288,31508,38652,38524,29002,32757,26384,39312,25140,35972,42020
32788,33092,32892,32437,32294,32176,37648,38256,34288,31508,38652,38524,29002,32757,26384,39312,25140,35972,42020
32849,33432,32936,33583,34372,32176,37648,38256,34288,31508,38652,38524,29002,32757,26384,39312,25140,35972,42020
33095,33704,32789,33366,32042,32176,37648,38256,34288,31508,38652,38524,29002,32757,26384,39312,25140,35972,42020
33853,33344,32710,33225,33115,32674,40184,37082,34400,32044,40272,37044,28996,32764,26430,39160,24548,41447,41690
33872,33008,32631,33527,33696,32674,40184,37082,34400,32044,40272,37044,28996,32764,26430,39160,24548,41447,41690
33560,32744,32747,33125,31879,32674,40184,37082,34400,32044,40272,37044,28996,32764,26430,39160,24548,41447,41690
32860,32798,32720,33094,34134,32674,40184,37082,34400,32044,40272,37044,28996,32764,26430,39160,24548,41447,41690
32409,33221,32837,33313,34264,32674,40184,37082,34400,32044,40272,37044,28996,32764,26430,39160,24548,41447,41690
32402,33104,32862,33170,32428,32674,40184,37082,34400,32044,40272,37044,28996,32764,26430,39160,24548,41447,41690
32262,33074,32898,33180,33636,32674,40184,37082,34400,32044,40272,37044,28996,32764,26430,39160,24548,41447,41690
32228,32988,32909,32782,33462,32674,40184,37082,34400,32044,40272,37044,28996,32764,26430,39160,24548,41447,41690
32064,32946,32874,32647,31689,32674,40184,37082,34400,32044,40272,37044,28996,32764,26430,39160,24548,41447,41690
31884,32648,32885,32852,34163,32674,40184,37082,34400,32044,40272,37044,28996,32764,26430,39160,24548,41447,41690
32223,32515,32827,32493,34212,32932,42452,35376,34560,32048,40640,35306,28964,32754,25818,40640,27042,38080,53068
33039,33316,32747,32473,32397,32932,42452,35376,34560,32048,40640,35306,28964,32754,25818,40640,27042,38080,53068
33052,33176,32794,32811,32660,32932,42452,35376,34560,32048,40640,35306,28964,32754,25818,40640,27042,38080,53068
32985,33186,32769,33078,33539,32932,42452,35376,34560,32048,40640,35306,28964,32754,25818,40640,27042,38080,53068
33160,32893,32749,32903,32119,32932,42452,35376,34560,32048,40640,35306,28964,32754,25818,40640,27042,38080,53068
33204,33101,32774,33010,33996,32932,42452,35376,34560,32048,40640,35306,28964,32754,25818,40640,27042,38080,53068
33358,33154,32733,32909,32702,32932,42452,35376,34560,32048,40640,35306,28964,32754,25818,40640,27042,38080,53068
33419,33131,32775,32591,31058,32932,42452,35376,34560,32048,40640,35306,28964,32754,25818,40640,27042,38080,53068
33125,33443,32678,32553,34026,32932,42452,35376,34560,32048,40640,35306,28964,32754,25818,40640,27042,38080,53068
32533,32946,32789,32718,32099,32932,42452,35376,34560,32048,40640,35306,28964,32754,25818,40640,27042,38080,53068
32196,33236,32882,32594,32102,33404,42666,33636,34548,31264,40830,33402,28888,32760,23828,39930,24892,35900,59820
32076,32788,32788,32545,34075,33404,42666,33636,34548,31264,40830,33402,28888,32760,23828,39930,24892,35900,59820
31590,32958,32832,32790,31628,33404,42666,33636,34548,31264,40830,33402,28888,32760,23828,39930,24892,35900,59820
31494,32925,32784,32976,33154,33404,42666,33636,34548,31264,40830,33402,28888,32760,23828,39930,24892,35900,59820
31840,32847,32619,32929,31810,33404,42666,33636,34548,31264,40830,33402,28888,32760,23828,39930,24892,35900,59820
32262,32988,32710,32791,31402,33404,42666,33636,34548,31264,40830,33402,28888,32760,23828,39930,24892,35900,59820
33612,33356,32933,32758,33622,33404,42666,33636,34548,31264,40830,33402,28888,32760,23828,39930,24892,35900,59820
34219,33344,33038,32363,31863,33404,42666,33636,34548,31264,40830,33402,28888,32760,23828,39930,24892,35900,59820
34640,33252,33040,32016,33004,33404,42666,33636,34548,31264,40830,33402,28888,32760,23828,39930,24892,35900,59820
34601,33004,33127,32344,33308,33404,42666,33636,34548,31264,40830,33402,28888,32760,23828,39930,24892,35900,59820
34438,33364,33182,32588,31583,33610,40400,33016,34552,30892,39012,32933,28768,32757,21908,44100,23266,36721,53140
35053,33136,33080,32912,34252,33610,40400,33016,34552,30892,39012,32933,28768,32757,21908,44100,23266,36721,53140
34377,33198,32937,33182,33200,33610,40400,33016,34552,30892,39012,32933,28768,32757,21908,44100,23266,36721,53140
33717,33352,33076,33321,31047,33610,40400,33016,34552,30892,39012,32933,28768,32757,21908,44100,23266,36721,53140
33292,33159,32976,33487,33887,33610,40400,33016,34552,30892,39012,32933,28768,32757,21908,44100,23266,36721,53140
32471,32964,32861,33355,31772,33610,40400,33016,34552,30892,39012,32933,28768,32757,21908,44100,23266,36721,53140
31706,32939,32764,32991,32788,33610,40400,33016,34552,30892,39012,32933,28768,32757,21908,44100,23266,36721,53140
31534,32660,32770,32830,35091,33610,40400,33016,34552,30892,39012,32933,28768,32757,21908,44100,23266,36721,53140
30803,32614,32784,32841,31863,33610,40400,33016,34552,30892,39012,32933,28768,32757,21908,44100,23266,36721,53140
29652,32358,32613,32792,33182,33610,40400,33016,34552,30892,39012,32933,28768,32757,21908,44100,23266,36721,53140
29398,32390,32637,32085,34057,34216,37844,33328,34532,31538,38002,32996,28662,32756,22792,51152,27614,38632,46516
29146,32329,32565,32364,31910,34216,37844,33328,34532,31538,38002,32996,28662,32756,22792,51152,27614,38632,46516
29600,32943,32191,32661,33757,34216,37844,33328,34532,31538,38002,32996,28662,32756,22792,51152,27614,38632,46516
30808,32828,32237,32277,32686,34216,37844,33328,34532,31538,38002,32996,28662,32756,22792,51152,27614,38632,46516
31792,33246,32402,32626,31574,34216,37844,33328,34532,31538,38002,32996,28662,32756,22792,51152,27614,38632,46516
32908,33090,32530,32903,33552,34216,37844,33328,34532,31538,38002,32996,28662,32756,22792,51152,27614,38632,46516
33464,33353,32797,33033,31514,34216,37844,33328,34532,31538,38002,32996,28662,32756,22792,51152,27614,38632,46516
33775,33111,32814,32531,33080,34216,37844,33328,34532,31538,38002,32996,28662,32756,22792,51152,27614,38632,46516
33872,33466,32880,32658,34692,34216,37844,33328,34532,31538,38002,32996,28662,32756,22792,51152,27614,38632,46516
33971,33338,32822,32936,32529,34216,37844,33328,34532,31538,38002,32996,28662,32756,22792,51152,27614,38632,46516
33932,33597,32834,33172,33090,35096,36360,34032,34284,32116,37240,33304,28532,32757,22913,52204,26500,38948,47764
33670,33226,32882,33282,32352,35096,36360,34032,34284,32116,37240,33304,28532,32757,22913,52204,26500,38948,47764
33920,33608,33017,33287,31452,35096,36360,34032,34284,32116,37240,33304,28532,32757,22913,52204,26500,38948,47764
34237,33210,32940,33307,34292,35096,36360,34032,34284,32116,37240,33304,28532,32757,22913,52204,26500,38948,47764
33968,33207,32953,32894,32546,35096,36360,34032,34284,32116,37240,33304,28532,32757,22913,52204,26500,38948,47764
33664,32869,32839,32082,31408,35096,36360,34032,34284,32116,37240,33304,28532,32757,22913,52204,26500,38948,47764
33340,33150,32871,32351,32771,35096,36360,34032,34284,32116,37240,33304,28532,32757,22913,52204,26500,38948,47764
33124,32809,32792,32802,30846,35096,36360,34032,34284,32116,37240,33304,28532,32757,22913,52204,26500,38948,47764
32911,32966,32690,32917,33812,35096,36360,34032,34284,32116,37240,33304,28532,32757,22913,52204,26500,38948,47764
32748,32660,32582,33092,33277,35096,36360,34032,34284,32116,37240,33304,28532,32757,22913,52204,26500,38948,47764
32740,33024,32531,33296,31446,35403,35336,34388,34304,32676,36356,34344,28393,32753,20631,43648,24608,36040,49232
32815,32966,32498,33081,34243,35403,35336,34388,34304,32676,36356,34344,28393,32753,20631,43648,24608,36040,49232
32572,33287,32518,32993,32704,35403,35336,34388,34304,32676,36356,34344,28393,32753,20631,43648,24608,36040,49232
32284,32941,32518,33135,32192,35403,35336,34388,34304,32676,36356,34344,28393,32753,20631,43648,24608,36040,49232
31684,32556,32500,32902,34409,35403,35336,34388,34304,32676,36356,34344,28393,32753,20631,43648,24608,36040,49232
31942,32827,32696,32448,31563,35403,35336,34388,34304,32676,36356,34344,28393,32753,20631,43648,24608,36040,49232
32501,32859,32770,32494,32998,35403,35336,34388,34304,32676,36356,34344,28393,32753,20631,43648,24608,36040,49232
32876,33364,32856,32744,32742,35403,35336,34388,34304,32676,36356,34344,28393,32753,20631,43648,24608,36040,49232
33084,32969,32802,32759,31382,35403,35336,34388,34304,32676,36356,34344,28393,32753,20631,43648,24608,36040,49232
33640,33014,32821,32902,33793,35403,35336,34388,34304,32676,36356,34344,28393,32753,20631,43648,24608,36040,49232
33900,32601,32880,33052,33362,35328,35016,33652,34520,33808,35580,35380,28296,32756,20625,43116,25988,35369,41660
33440,32972,32948,33076,31751,35328,35016,33652,34520,33808,35580,35380,28296,32756,20625,43116,25988,35369,41660
33326,32950,32904,32915,33799,35328,35016,33652,34520,33808,35580,35380,28296,32756,20625,43116,25988,35369,41660
33528,32722,32977,33072,32371,35328,35016,33652,34520,33808,35580,35380,28296,32756,20625,43116,25988,35369,41660
33000,32768,32880,33129,32468,35328,35016,33652,34520,33808,35580,35380,28296,32756,20625,43116,25988,35369,41660
32458,33228,32526,32628,34971,35328,35016,33652,34520,33808,35580,35380,28296,32756,20625,43116,25988,35369,41660
32024,32797,32386,32582,33159,35328,35016,33652,34520,33808,35580,35380,28296,32756,20625,43116,25988,35369,41660
31866,32893,32606,33104,32182,35328,35016,33652,34520,33808,35580,35380,28296,32756,20625,43116,25988,35369,41660
31696,32332,32816,32930,34226,35328,35016,33652,34520,33808,35580,35380,28296,32756,20625,43116,25988,35369,41660
31796,32804,32724,33024,32146,35328,35016,33652,34520,33808,35580,35380,28296,32756,20625,43116,25988,35369,41660
32482,32841,32767,32198,33070,35236,34874,33080,34504,35032,35474,35856,28163,32754,24501,41112,28988,38916,35347
34052,33386,32986,31074,34532,35236,34874,33080,34504,35032,35474,35856,28163,32754,24501,41112,28988,38916,35347
35075,33298,33116,30889,31318,35236,34874,33080,34504,35032,35474,35856,28163,32754,24501,41112,28988,38916,35347
34978,32746,33231,32652,32944,35236,34874,33080,34504,35032,35474,35856,28163,32754,24501,41112,28988,38916,35347
33395,32856,33096,33346,32761,35236,34874,33080,34504,35032,35474,35856,28163,32754,24501,41112,28988,38916,35347
31406,32484,32818,33576,31378,35236,34874,33080,34504,35032,35474,35856,28163,32754,24501,41112,28988,38916,35347
30886,32847,32546,33321,33815,35236,34874,33080,34504,35032,35474,35856,28163,32754,24501,41112,28988,38916,35347
31764,33370,32569,33044,32406,35236,34874,33080,34504,35032,35474,35856,28163,32754,24501,41112,28988,38916,35347
33349,33343,32775,32996,31438,35236,34874,33080,34504,35032,35474,35856,28163,32754,24501,41112,28988,38916,35347
33746,33423,32746,33020,33580,35236,34874,33080,34504,35032,35474,35856,28163,32754,24501,41112,28988,38916,35347
33684,33125,32754,33165,31614,34912,35096,32952,34347,34800,35552,35338,28000,32757,25216,39968,27265,35564,32796
34072,33311,33063,33187,33392,34912,35096,32952,34347,34800,35552,35338,28000,32757,25216,39968,27265,35564,32796
33860,33136,32933,33128,33258,34912,35096,32952,34347,34800,35552,35338,28000,32757,25216,39968,27265,35564,32796
33480,33097,32964,32982,31290,34912,35096,32952,34347,34800,35552,35338,28000,32757,25216,39968,27265,35564,32796
34210,32960,32876,32792,33459,34912,35096,32952,34347,34800,35552,35338,28000,32757,25216,39968,27265,35564,32796
33582,33242,32555,32718,32328,34912,35096,32952,34347,34800,35552,35338,28000,32757,25216,39968,27265,35564,32796
32644,33025,32690,32725,32629,34912,35096,32952,34347,34800,35552,35338,28000,32757,25216,39968,27265,35564,32796
32184,33379,32699,33045,35047,34912,35096,32952,34347,34800,35552,35338,28000,32757,25216,39968,27265,35564,32796
30212,33300,32611,32951,34052,34912,35096,32952,34347,34800,35552,35338,28000,32757,25216,39968,27265,35564,32796
28506,33136,32702,32730,31993,34912,35096,32952,34347,34800,35552,35338,28000,32757,25216,39968,27265,35564,32796
27598,33339,32674,32688,33596,34656,35592,33050,34344,33458,35961,34697,27952,32757,25548,37088,27160,38684,32648
28372,32815,32622,32731,32150,34656,35592,33050,34344,33458,35961,34697,27952,32757,25548,37088,27160,38684,32648
30311,33056,32584,32350,31886,34656,35592,33050,34344,33458,35961,34697,27952,32757,25548,37088,27160,38684,32648
32060,32546,32730,32302,33621,34656,35592,33050,34344,33458,35961,34697,27952,32757,25548,37088,27160,38684,32648
32916,32665,32830,31751,30796,34656,35592,33050,34344,33458,35961,34697,27952,32757,25548,37088,27160,38684,32648
32585,32567,32861,31702,33076,34656,35592,33050,34344,33458,35961,34697,27952,32757,25548,37088,27160,38684,32648
32318,32214,33053,32122,31797,34656,35592,33050,34344,33458,35961,34697,27952,32757,25548,37088,27160,38684,32648
32172,32662,33223,32870,32412,34656,35592,33050,34344,33458,35961,34697,27952,32757,25548,37088,27160,38684,32648
32065,33237,32880,33119,34685,34656,35592,33050,34344,33458,35961,34697,27952,32757,25548,37088,27160,38684,32648
32500,33423,32909,33302,32466,34656,35592,33050,34344,33458,35961,34697,27952,32757,25548,37088,27160,38684,32648
32738,34002,32954,33371,32490,34624,36550,32848,34340,32424,36986,34377,27792,32760,25583,36836,29711,38401,36188
32968,33720,32922,33237,33518,34624,36550,32848,34340,32424,36986,34377,27792,32760,25583,36836,29711,38401,36188
33442,33953,33220,33156,31626,34624,36550,32848,34340,32424,36986,34377,27792,32760,25583,36836,29711,38401,36188
34370,33519,33074,33280,33670,34624,36550,32848,34340,32424,36986,34377,27792,32760,25583,36836,29711,38401,36188
35484,33510,33116,33251,33920,34624,36550,32848,34340,32424,36986,34377,27792,32760,25583,36836,29711,38401,36188
36592,33156,33156,33126,31938,34624,36550,32848,34340,32424,36986,34377,27792,32760,25583,36836,29711,38401,36188
36676,33203,33088,32964,33599,34624,36550,32848,34340,32424,36986,34377,27792,32760,25583,36836,29711,38401,36188
35776,32771,32818,32869,32770,34624,36550,32848,34340,32424,36986,34377,27792,32760,25583,36836,29711,38401,36188
34652,32562,32655,32759,32323,34624,36550,32848,34340,32424,36986,34377,27792,32760,25583,36836,29711,38401,36188
34061,32262,32307,32486,34402,34624,36550,32848,34340,32424,36986,34377,27792,32760,25583,36836,29711,38401,36188
33860,32408,32553,32293,32682,34416,37394,32604,34328,32132,37658,34153,27592,32761,25901,39992,31932,44302,41056
33184,32412,32690,32490,31114,34416,37394,32604,34328,32132,37658,34153,27592,32761,25901,39992,31932,44302,41056
32997,33086,32481,32804,33716,34416,37394,32604,34328,32132,37658,34153,27592,32761,25901,39992,31932,44302,41056
33036,33022,32264,32712,32171,34416,37394,32604,34328,32132,37658,34153,27592,32761,25901,39992,31932,44302,41056
32890,33026,32220,32869,32952,34416,37394,32604,34328,32132,37658,34153,27592,32761,25901,39992,31932,44302,41056
32680,32506,32257,32903,34060,34416,37394,32604,34328,32132,37658,34153,27592,32761,25901,39992,31932,44302,41056
32349,32692,32300,32766,31069,34416,37394,32604,34328,32132,37658,34153,27592,32761,25901,39992,31932,44302,41056
32152,32700,32390,32893,33228,34416,37394,32604,34328,32132,37658,34153,27592,32761,25901,39992,31932,44302,41056
32778,33060,32398,33364,31967,34416,37394,32604,34328,32132,37658,34153,27592,32761,25901,39992,31932,44302,41056
32858,32714,32567,33360,32014,34416,37394,32604,34328,32132,37658,34153,27592,32761,25901,39992,31932,44302,41056
32892,32780,32865,33554,34247,34120,37808,32602,34428,31960,37726,33440,27462,32757,24863,38864,30076,45296,39552
32484,32980,32944,32870,32031,34120,37808,32602,34428,31960,37726,33440,27462,32757,24863,38864,30076,45296,39552
31282,32774,32805,32223,32998,34120,37808,32602,34428,31960,37726,33440,27462,32757,24863,38864,30076,45296,39552
33282,33480,32630,32019,34376,34120,37808,32602,34428,31960,37726,33440,27462,32757,24863,38864,30076,45296,39552
35488,33597,32716,32584,32320,34120,37808,32602,34428,31960,37726,33440,27462,32757,24863,38864,30076,45296,39552
35768,33785,32758,32753,33010,34120,37808,32602,34428,31960,37726,33440,27462,32757,24863,38864,30076,45296,39552
34433,33938,32696,32576,33629,34120,37808,32602,34428,31960,37726,33440,27462,32757,24863,38864,30076,45296,39552
31571,33394,32783,33114,31680,34120,37808,32602,34428,31960,37726,33440,27462,32757,24863,38864,30076,45296,39552
29106,33552,32806,33344,33546,34120,37808,32602,34428,31960,37726,33440,27462,32757,24863,38864,30076,45296,39552
27472,33156,32489,32773,32676,34120,37808,32602,34428,31960,37726,33440,27462,32757,24863,38864,30076,45296,39552
27598,33285,32315,32091,31868,34138,37384,32992,34370,31904,37258,32948,27304,32756,23532,37917,32744,44784,33844
29269,33142,32400,32197,34308,34138,37384,32992,34370,31904,37258,32948,27304,32756,23532,37917,32744,44784,33844
31525,33271,32422,32486,31350,34138,37384,32992,34370,31904,37258,32948,27304,32756,23532,37917,32744,44784,33844
33068,32160,32799,33196,32861,34138,37384,32992,34370,31904,37258,32948,27304,32756,23532,37917,32744,44784,33844
33388,31926,33329,32526,33210,34138,37384,32992,34370,31904,37258,32948,27304,32756,23532,37917,32744,44784,33844
32812,31152,33567,32693,32185,34138,37384,32992,34370,31904,37258,32948,27304,32756,23532,37917,32744,44784,33844
31757,30916,33335,32480,34087,34138,37384,32992,34370,31904,37258,32948,27304,32756,23532,37917,32744,44784,33844
31218,30756,33087,32918,33702,34138,37384,32992,34370,31904,37258,32948,27304,32756,23532,37917,32744,44784,33844
32013,32061,32707,33286,31372,34138,37384,32992,34370,31904,37258,32948,27304,32756,23532,37917,32744,44784,33844
33091,32647,32463,33636,32946,34138,37384,32992,34370,31904,37258,32948,27304,32756,23532,37917,32744,44784,33844
34444,33287,32594,33391,32224,34120,36608,33208,34396,31712,36684,33080,27104,32756,23176,34525,28716,45064,28864
35500,33791,32645,33114,32118,34120,36608,33208,34396,31712,36684,33080,27104,32756,23176,34525,28716,45064,28864
35132,33868,32892,32704,34393,34120,36608,33208,34396,31712,36684,33080,27104,32756,23176,34525,28716,45064,28864
34328,33854,32978,31955,32263,34120,36608,33208,34396,31712,36684,33080,27104,32756,23176,34525,28716,45064,28864
33412,33399,32965,32325,32528,34120,36608,33208,34396,31712,36684,33080,27104,32756,23176,34525,28716,45064,28864
32580,33088,33015,33339,33812,34120,36608,33208,34396,31712,36684,33080,27104,32756,23176,34525,28716,45064,28864
32642,33378,32918,33484,32127,34120,36608,33208,34396,31712,36684,33080,27104,32756,23176,34525,28716,45064,28864
32669,32960,32986,32964,34134,34120,36608,33208,34396,31712,36684,33080,27104,32756,23176,34525,28716,45064,28864
32376,33321,33090,32748,33958,34120,36608,33208,34396,31712,36684,33080,27104,32756,23176,34525,28716,45064,28864
32818,33099,33008,32828,32486,34120,36608,33208,34396,31712,36684,33080,27104,32756,23176,34525,28716,45064,28864
34412,33405,33031,32358,34006,34184,36480,32212,34424,32424,36541,35268,26973,32757,21393,33389,31520,49196,28144
35789,33600,32921,32436,33959,34184,36480,32212,34424,32424,36541,35268,26973,32757,21393,33389,31520,49196,28144
35416,33629,32994,32751,32356,34184,36480,32212,34424,32424,36541,35268,26973,32757,21393,33389,31520,49196,28144
35004,33998,32938,33120,33800,34184,36480,32212,34424,32424,36541,35268,26973,32757,21393,33389,31520,49196,28144
34021,33912,32973,33415,33208,34184,36480,32212,34424,32424,36541,35268,26973,32757,21393,33389,31520,49196,28144
33102,33904,32926,33138,31080,34184,36480,32212,34424,32424,36541,35268,26973,32757,21393,33389,31520,49196,28144
32324,33257,32732,33063,33745,34184,36480,32212,34424,32424,36541,35268,26973,32757,21393,33389,31520,49196,28144
31930,33663,32825,32770,32391,34184,36480,32212,34424,32424,36541,35268,26973,32757,21393,33389,31520,49196,28144
31976,33438,32810,32247,32006,34184,36480,32212,34424,32424,36541,35268,26973,32757,21393,33389,31520,49196,28144
31418,33301,32699,31847,33296,34184,36480,32212,34424,32424,36541,35268,26973,32757,21393,33389,31520,49196,28144
30116,32345,32576,32106,31306,33732,36592,31536,34562,33066,36410,36224,26785,32765,20316,27990,30936,47796,30024
29173,32842,32631,32772,33388,33732,36592,31536,34562,33066,36410,36224,26785,32765,20316,27990,30936,47796,30024
29416,32927,32700,33081,32352,33732,36592,31536,34562,33066,36410,36224,26785,32765,20316,27990,30936,47796,30024
29899,32103,32748,33084,31525,33732,36592,31536,34562,33066,36410,36224,26785,32765,20316,27990,30936,47796,30024
30316,31556,32900,33237,34189,33732,36592,31536,34562,33066,36410,36224,26785,32765,20316,27990,30936,47796,30024
30861,31382,32892,33318,32180,33732,36592,31536,34562,33066,36410,36224,26785,32765,20316,27990,30936,47796,30024
33182,32324,32868,32833,32688,33732,36592,31536,34562,33066,36410,36224,26785,32765,20316,27990,30936,47796,30024
34466,32667,32956,32765,33792,33732,36592,31536,34562,33066,36410,36224,26785,32765,20316,27990,30936,47796,30024
36349,32656,32902,33083,32012,33732,36592,31536,34562,33066,36410,36224,26785,32765,20316,27990,30936,47796,30024
38112,32580,33012,32882,33727,33732,36592,31536,34562,33066,36410,36224,26785,32765,20316,27990,30936,47796,30024
37560,33136,33110,32758,32908,33204,36354,32105,34596,32200,36672,33992,26541,32760,20037,24402,30436,49021,37188
35516,33637,33250,32608,31472,33204,36354,32105,34596,32200,36672,33992,26541,32760,20037,24402,30436,49021,37188
33200,33742,32958,32504,34143,33204,36354,32105,34596,32200,36672,33992,26541,32760,20037,24402,30436,49021,37188
30990,33202,32556,32631,32783,33204,36354,32105,34596,32200,36672,33992,26541,32760,20037,24402,30436,49021,37188
30524,33334,32583,32455,31730,33204,36354,32105,34596,32200,36672,33992,26541,32760,20037,24402,30436,49021,37188
30048,32737,32699,32720,33944,33204,36354,32105,34596,32200,36672,33992,26541,32760,20037,24402,30436,49021,37188
29769,32971,32708,33063,41615,33204,36354,32105,34596,32200,36672,33992,26541,32760,20037,24402,30436,49021,37188
30330,32493,32708,33218,31773,33204,36354,32105,34596,32200,36672,33992,26541,32760,20037,24402,30436,49021,37188
30531,32640,32614,33178,31414,33204,36354,32105,34596,32200,36672,33992,26541,32760,20037,24402,30436,49021,37188
30454,32231,32592,32834,32438,33204,36354,32105,34596,32200,36672,33992,26541,32760,20037,24402,30436,49021,37188
30566,32481,32546,32521,35620,33082,36280,32980,34498,31328,36981,32057,26374,32761,20118,24954,32349,46621,45152
30941,32345,32478,32303,33346,33082,36280,32980,34498,31328,36981,32057,26374,32761,20118,24954,32349,46621,45152
31995,32482,32724,32156,37164,33082,36280,32980,34498,31328,36981,32057,26374,32761,20118,24954,32349,46621,45152
32882,32312,32705,32292,31210,33082,36280,32980,34498,31328,36981,32057,26374,32761,20118,24954,32349,46621,45152
34057,33212,32772,32452,25828,33082,36280,32980,34498,31328,36981,32057,26374,32761,20118,24954,32349,46621,45152
35152,33644,32805,33144,25240,33082,36280,32980,34498,31328,36981,32057,26374,32761,20118,24954,32349,46621,45152
35748,33752,32936,33459,30121,33082,36280,32980,34498,31328,36981,32057,26374,32761,20118,24954,32349,46621,45152
36094,33610,32990,33073,33432,33082,36280,32980,34498,31328,36981,32057,26374,32761,20118,24954,32349,46621,45152
34724,33362,33090,32818,38844,33082,36280,32980,34498,31328,36981,32057,26374,32761,20118,24954,32349,46621,45152
32864,33440,32882,32984,40357,33082,36280,32980,34498,31328,36981,32057,26374,32761,20118,24954,32349,46621,45152
31528,33454,32863,33411,35276,33248,36333,32617,34661,31472,37048,32556,26036,32764,19214,26496,31948,42624,45664
31024,33328,33007,33056,30397,33248,36333,32617,34661,31472,37048,32556,26036,32764,19214,26496,31948,42624,45664
31512,33317,32937,32705,32902,33248,36333,32617,34661,31472,37048,32556,26036,32764,19214,26496,31948,42624,45664
32082,32863,32728,32684,38319,33248,36333,32617,34661,31472,37048,32556,26036,32764,19214,26496,31948,42624,45664
32116,32429,32614,33008,37542,33248,36333,32617,34661,31472,37048,32556,26036,32764,19214,26496,31948,42624,45664
32620,32500,32306,32768,33517,33248,36333,32617,34661,31472,37048,32556,26036,32764,19214,26496,31948,42624,45664
33402,32795,32324,32724,32815,33248,36333,32617,34661,31472,37048,32556,26036,32764,19214,26496,31948,42624,45664
34234,33676,32483,32878,34068,33248,36333,32617,34661,31472,37048,32556,26036,32764,19214,26496,31948,42624,45664
35354,33740,32704,32865,35362,33248,36333,32617,34661,31472,37048,32556,26036,32764,19214,26496,31948,42624,45664
35551,33383,32824,32889,32694,33248,36333,32617,34661,31472,37048,32556,26036,32764,19214,26496,31948,42624,45664
35198,32832,32997,32528,31818,33107,36380,32241,34665,32200,36744,34444,25816,32760,17992,31476,31756,40605,35566
34856,32454,33069,32372,30501,33107,36380,32241,34665,32200,36744,34444,25816,32760,17992,31476,31756,40605,35566
34086,32572,32855,32808,30172,33107,36380,32241,34665,32200,36744,34444,25816,32760,17992,31476,31756,40605,35566
33346,32853,32700,32863,34736,33107,36380,32241,34665,32200,36744,34444,25816,32760,17992,31476,31756,40605,35566
32502,32628,32647,33031,30310,33107,36380,32241,34665,32200,36744,34444,25816,32760,17992,31476,31756,40605,35566
31943,32731,32681,32952,32897,33107,36380,32241,34665,32200,36744,34444,25816,32760,17992,31476,31756,40605,35566
31796,32918,32833,32676,30094,33107,36380,32241,34665,32200,36744,34444,25816,32760,17992,31476,31756,40605,35566
31428,32759,32927,32471,30713,33107,36380,32241,34665,32200,36744,34444,25816,32760,17992,31476,31756,40605,35566
31462,33188,32924,32707,33994,33107,36380,32241,34665,32200,36744,34444,25816,32760,17992,31476,31756,40605,35566
31637,32887,32911,32804,31417,33107,36380,32241,34665,32200,36744,34444,25816,32760,17992,31476,31756,40605,35566
32075,33366,32898,32592,31479,33180,36088,32995,34572,33074,36076,35904,25624,32761,17572,37752,33075,37620,29720
32684,33020,32902,32606,32172,33180,36088,32995,34572,33074,36076,35904,25624,32761,17572,37752,33075,37620,29720
32827,33376,32884,32663,33403,33180,36088,32995,34572,33074,36076,35904,25624,32761,17572,37752,33075,37620,29720
32552,33211,32886,32812,32890,33180,36088,32995,34572,33074,36076,35904,25624,32761,17572,37752,33075,37620,29720
32528,32999,32957,32864,31412,33180,36088,32995,34572,33074,36076,35904,25624,32761,17572,37752,33075,37620,29720
32634,33214,32959,32626,31930,33180,36088,32995,34572,33074,36076,35904,25624,32761,17572,37752,33075,37620,29720
32722,32869,32950,32725,35313,33180,36088,32995,34572,33074,36076,35904,25624,32761,17572,37752,33075,37620,29720
32510,32808,32992,32624,31607,33180,36088,32995,34572,33074,36076,35904,25624,32761,17572,37752,33075,37620,29720
32124,33100,32927,32738,31566,33180,36088,32995,34572,33074,36076,35904,25624,32761,17572,37752,33075,37620,29720
31922,32763,32710,32850,31578,33180,36088,32995,34572,33074,36076,35904,25624,32761,17572,37752,33075,37620,29720
32065,33138,32521,32835,30890,33440,35732,33574,34712,33972,35407,36652,25276,32761,18396,40032,33075,42540,26202
32299,32909,32568,32701,31884,33440,35732,33574,34712,33972,35407,36652,25276,32761,18396,40032,33075,42540,26202
32778,33089,32740,32641,37316,33440,35732,33574,34712,33972,35407,36652,25276,32761,18396,40032,33075,42540,26202
32925,33242,32833,32775,32456,33440,35732,33574,34712,33972,35407,36652,25276,32761,18396,40032,33075,42540,26202
32824,32977,32894,32964,26761,33440,35732,33574,34712,33972,35407,36652,25276,32761,18396,40032,33075,42540,26202
32424,33260,32993,32770,30700,33440,35732,33574,34712,33972,35407,36652,25276,32761,18396,40032,33075,42540,26202
31936,32845,32945,32711,31894,33440,35732,33574,34712,33972,35407,36652,25276,32761,18396,40032,33075,42540,26202
31904,33187,32920,32715,31368,33440,35732,33574,34712,33972,35407,36652,25276,32761,18396,40032,33075,42540,26202
32132,32946,32943,32876,34411,33440,35732,33574,34712,33972,35407,36652,25276,32761,18396,40032,33075,42540,26202
32496,33480,32966,32907,34505,33440,35732,33574,34712,33972,35407,36652,25276,32761,18396,40032,33075,42540,26202
32773,33190,33027,32927,37180,33396,35638,33580,34636,33592,34690,36828,24992,32759,18228,39770,31538,37228,22199
32936,33232,33012,32754,31194,33396,35638,33580,34636,33592,34690,36828,24992,32759,18228,39770,31538,37228,22199
33202,33774,32989,32686,30170,33396,35638,33580,34636,33592,34690,36828,24992,32759,18228,39770,31538,37228,22199
33372,33784,32936,32818,34891,33396,35638,33580,34636,33592,34690,36828,24992,32759,18228,39770,31538,37228,22199
33504,34342,32968,32832,31829,33396,35638,33580,34636,33592,34690,36828,24992,32759,18228,39770,31538,37228,22199
33530,34148,32981,32775,33650,33396,35638,33580,34636,33592,34690,36828,24992,32759,18228,39770,31538,37228,22199
33656,34734,32908,32576,32999,33396,35638,33580,34636,33592,34690,36828,24992,32759,18228,39770,31538,37228,22199
32986,34927,32858,32592,33748,33396,35638,33580,34636,33592,34690,36828,24992,32759,18228,39770,31538,37228,22199
32280,33620,32821,32909,34405,33396,35638,33580,34636,33592,34690,36828,24992,32759,18228,39770,31538,37228,22199
32293,33225,32843,33340,33583,33396,35638,33580,34636,33592,34690,36828,24992,32759,18228,39770,31538,37228,22199
32634,32070,32755,33328,32738,33000,35872,33484,34720,32873,34564,36682,24760,32760,17377,41108,32146,25559,23022
32648,31902,32708,32829,31912,33000,35872,33484,34720,32873,34564,36682,24760,32760,17377,41108,32146,25559,23022
32798,31822,32764,32603,33220,33000,35872,33484,34720,32873,34564,36682,24760,32760,17377,41108,32146,25559,23022
32462,30118,32725,32784,30236,33000,35872,33484,34720,32873,34564,36682,24760,32760,17377,41108,32146,25559,23022
32548,28964,32728,32650,32191,33000,35872,33484,34720,32873,34564,36682,24760,32760,17377,41108,32146,25559,23022
32895,30168,32775,32698,31371,33000,35872,33484,34720,32873,34564,36682,24760,32760,17377,41108,32146,25559,23022
33114,30244,32743,32728,33052,33000,35872,33484,34720,32873,34564,36682,24760,32760,17377,41108,32146,25559,23022
33165,29564,32739,32768,34112,33000,35872,33484,34720,32873,34564,36682,24760,32760,17377,41108,32146,25559,23022
33210,32192,32797,32687,35177,33000,35872,33484,34720,32873,34564,36682,24760,32760,17377,41108,32146,25559,23022
33516,33156,32911,32848,30969,33000,35872,33484,34720,32873,34564,36682,24760,32760,17377,41108,32146,25559,23022
33776,30385,32804,32794,32101,32876,36556,32853,34788,32313,35208,36266,24578,32761,17220,38904,29613,23182,25543
34558,31264,32940,32797,31531,32876,36556,32853,34788,32313,35208,36266,24578,32761,17220,38904,29613,23182,25543
35364,33846,32902,32946,33648,32876,36556,32853,34788,32313,35208,36266,24578,32761,17220,38904,29613,23182,25543
35309,34982,32953,32898,32051,32876,36556,32853,34788,32313,35208,36266,24578,32761,17220,38904,29613,23182,25543
34303,34962,32837,32724,34064,32876,36556,32853,34788,32313,35208,36266,24578,32761,17220,38904,29613,23182,25543
33342,34556,32723,32610,33000,32876,36556,32853,34788,32313,35208,36266,24578,32761,17220,38904,29613,23182,25543
32549,35576,32732,32573,31565,32876,36556,32853,34788,32313,35208,36266,24578,32761,17220,38904,29613,23182,25543
32102,34993,32672,32676,33554,32876,36556,32853,34788,32313,35208,36266,24578,32761,17220,38904,29613,23182,25543
31881,33204,32650,33112,32119,32876,36556,32853,34788,32313,35208,36266,24578,32761,17220,38904,29613,23182,25543
31780,34358,32705,33282,31628,32876,36556,32853,34788,32313,35208,36266,24578,32761,17220,38904,29613,23182,25543
31508,35164,32681,32796,36158,32820,37240,32436,34844,31928,36240,36320,24292,32757,17866,36558,29348,21944,32097
31337,33024,32585,32642,32783,32820,37240,32436,34844,31928,36240,36320,24292,32757,17866,36558,29348,21944,32097
31424,32700,32634,32658,31195,32820,37240,32436,34844,31928,36240,36320,24292,32757,17866,36558,29348,21944,32097
31650,31820,32706,32882,32150,32820,37240,32436,34844,31928,36240,36320,24292,32757,17866,36558,29348,21944,32097
31938,28160,32712,33512,29346,32820,37240,32436,34844,31928,36240,36320,24292,32757,17866,36558,29348,21944,32097
32154,27777,32996,33541,32082,32820,37240,32436,34844,31928,36240,36320,24292,32757,17866,36558,29348,21944,32097
32280,31574,33166,32978,32346,32820,37240,32436,34844,31928,36240,36320,24292,32757,17866,36558,29348,21944,32097
32344,35873,32737,32688,33977,32820,37240,32436,34844,31928,36240,36320,24292,32757,17866,36558,29348,21944,32097
32433,36886,32345,32651,34343,32820,37240,32436,34844,31928,36240,36320,24292,32757,17866,36558,29348,21944,32097
32592,36992,32302,32592,33942,32820,37240,32436,34844,31928,36240,36320,24292,32757,17866,36558,29348,21944,32097
32760,35809,32299,32926,32516,32674,38208,31624,34944,31860,37917,36045,23965,32757,19284,33951,30140,21335,29586
33154,32848,32330,33184,32443,32674,38208,31624,34944,31860,37917,36045,23965,32757,19284,33951,30140,21335,29586
33166,28543,32457,33344,36580,32674,38208,31624,34944,31860,37917,36045,23965,32757,19284,33951,30140,21335,29586
33090,28644,32652,32986,33389,32674,38208,31624,34944,31860,37917,36045,23965,32757,19284,33951,30140,21335,29586
33012,32033,32820,32834,29924,32674,38208,31624,34944,31860,37917,36045,23965,32757,19284,33951,30140,21335,29586
32760,32370,33337,32807,32230,32674,38208,31624,34944,31860,37917,36045,23965,32757,19284,33951,30140,21335,29586
32601,30150,34316,32640,31387,32674,38208,31624,34944,31860,37917,36045,23965,32757,19284,33951,30140,21335,29586
32796,31878,34941,32340,34148,32674,38208,31624,34944,31860,37917,36045,23965,32757,19284,33951,30140,21335,29586
32742,33348,34333,32332,34020,32674,38208,31624,34944,31860,37917,36045,23965,32757,19284,33951,30140,21335,29586
32816,33684,33378,32669,32014,32674,38208,31624,34944,31860,37917,36045,23965,32757,19284,33951,30140,21335,29586
32786,33480,32596,32799,33008,32756,39104,31204,35008,31804,39644,35041,23756,32756,20245,31144,30485,17054,25784
32674,32849,32143,32906,29222,32756,39104,31204,35008,31804,39644,35041,23756,32756,20245,31144,30485,17054,25784
32501,33070,32128,32942,32828,32756,39104,31204,35008,31804,39644,35041,23756,32756,20245,31144,30485,17054,25784
32398,33992,32054,32801,33997,32756,39104,31204,35008,31804,39644,35041,23756,32756,20245,31144,30485,17054,25784
32413,34384,31983,32618,32503,32756,39104,31204,35008,31804,39644,35041,23756,32756,20245,31144,30485,17054,25784
32377,33437,32147,32570,34007,32756,39104,31204,35008,31804,39644,35041,23756,32756,20245,31144,30485,17054,25784
32508,33351,32253,32693,32045,32756,39104,31204,35008,31804,39644,35041,23756,32756,20245,31144,30485,17054,25784
32767,33543,32665,33060,31844,32756,39104,31204,35008,31804,39644,35041,23756,32756,20245,31144,30485,17054,25784
32969,32657,33202,33025,34920,32756,39104,31204,35008,31804,39644,35041,23756,32756,20245,31144,30485,17054,25784
33227,32904,32364,33122,35624,32756,39104,31204,35008,31804,39644,35041,23756,32756,20245,31144,30485,17054,25784
33390,34006,33148,32973,31929,33084,39416,31044,35074,32250,40337,34538,23374,32760,22716,29448,27408,9956,23860
33377,33747,33212,32891,33598,33084,39416,31044,35074,32250,40337,34538,23374,32760,22716,29448,27408,9956,23860
33010,33798,33094,32733,32280,33084,39416,31044,35074,32250,40337,34538,23374,32760,22716,29448,27408,9956,23860
32806,33599,32718,32705,32068,33084,39416,31044,35074,32250,40337,34538,23374,32760,22716,29448,27408,9956,23860
32742,33243,33034,32896,34660,33084,39416,31044,35074,32250,40337,34538,23374,32760,22716,29448,27408,9956,23860
32940,33124,33508,32891,35794,33084,39416,31044,35074,32250,40337,34538,23374,32760,22716,29448,27408,9956,23860
33064,31824,32944,32798,33792,33084,39416,31044,35074,32250,40337,34538,23374,32760,22716,29448,27408,9956,23860
33292,31208,32717,32745,32434,33084,39416,31044,35074,32250,40337,34538,23374,32760,22716,29448,27408,9956,23860
33292,31602,32480,32624,33960,33084,39416,31044,35074,32250,40337,34538,23374,32760,22716,29448,27408,9956,23860
33213,32260,32272,32672,31667,33084,39416,31044,35074,32250,40337,34538,23374,32760,22716,29448,27408,9956,23860
33164,33029,32244,32409,33215,33666,39365,31074,35074,32904,40216,35156,23084,32768,23626,25730,30221,3232,22368
33144,32977,32556,32460,33191,33666,39365,31074,35074,32904,40216,35156,23084,32768,23626,25730,30221,3232,22368
33077,33546,33096,32548,30721,33666,39365,31074,35074,32904,40216,35156,23084,32768,23626,25730,30221,3232,22368
32804,33138,33049,32670,32863,33666,39365,31074,35074,32904,40216,35156,23084,32768,23626,25730,30221,3232,22368
32468,33241,32650,32761,29930,33666,39365,31074,35074,32904,40216,35156,23084,32768,23626,25730,30221,3232,22368
32210,33089,32456,32854,32617,33666,39365,31074,35074,32904,40216,35156,23084,32768,23626,25730,30221,3232,22368
32063,32946,32370,32888,31550,33666,39365,31074,35074,32904,40216,35156,23084,32768,23626,25730,30221,3232,22368
32103,33343,32354,32803,32381,33666,39365,31074,35074,32904,40216,35156,23084,32768,23626,25730,30221,3232,22368
32000,32942,32322,32991,34540,33666,39365,31074,35074,32904,40216,35156,23084,32768,23626,25730,30221,3232,22368
31944,33047,32092,33053,32464,33666,39365,31074,35074,32904,40216,35156,23084,32768,23626,25730,30221,3232,22368
31890,32841,32082,32806,32714,34404,39498,31078,34867,33476,39692,36877,22632,32764,24276,21873,30738,4548,25832
31940,33223,32128,32704,34948,34404,39498,31078,34867,33476,39692,36877,22632,32764,24276,21873,30738,4548,25832
32084,33007,32340,32962,32358,34404,39498,31078,34867,33476,39692,36877,22632,32764,24276,21873,30738,4548,25832
32312,32857,32548,32929,32664,34404,39498,31078,34867,33476,39692,36877,22632,32764,24276,21873,30738,4548,25832
32668,33084,33065,32866,33107,34404,39498,31078,34867,33476,39692,36877,22632,32764,24276,21873,30738,4548,25832
32955,32981,33824,32774,31388,34404,39498,31078,34867,33476,39692,36877,22632,32764,24276,21873,30738,4548,25832
33226,33142,33849,32666,33624,34404,39498,31078,34867,33476,39692,36877,22632,32764,24276,21873,30738,4548,25832
33488,33487,33991,32841,32352,34404,39498,31078,34867,33476,39692,36877,22632,32764,24276,21873,30738,4548,25832
34154,33117,34732,32853,32093,34404,39498,31078,34867,33476,39692,36877,22632,32764,24276,21873,30738,4548,25832
34541,33190,34724,32724,34217,34404,39498,31078,34867,33476,39692,36877,22632,32764,24276,21873,30738,4548,25832
34620,33095,33839,32723,33160,34778,39472,31120,34726,33908,39472,38776,22240,32769,25472,23789,28384,75,26281
34510,32966,32987,32573,31657,34778,39472,31120,34726,33908,39472,38776,22240,32769,25472,23789,28384,75,26281
33734,33070,32330,32838,34180,34778,39472,31120,34726,33908,39472,38776,22240,32769,25472,23789,28384,75,26281
32938,33014,32057,32835,32059,34778,39472,31120,34726,33908,39472,38776,22240,32769,25472,23789,28384,75,26281
32408,32676,31656,32590,32264,34778,39472,31120,34726,33908,39472,38776,22240,32769,25472,23789,28384,75,26281
32048,33136,31838,32594,33748,34778,39472,31120,34726,33908,39472,38776,22240,32769,25472,23789,28384,75,26281
31918,33205,31940,33051,31487,34778,39472,31120,34726,33908,39472,38776,22240,32769,25472,23789,28384,75,26281
31908,32988,32351,32964,33844,34778,39472,31120,34726,33908,39472,38776,22240,32769,25472,23789,28384,75,26281
32064,33144,32692,32898,16429,34778,39472,31120,34726,33908,39472,38776,22240,32769,25472,23789,28384,75,26281
32072,32824,32888,32852,19580,34778,39472,31120,34726,33908,39472,38776,22240,32769,25472,23789,28384,75,26281
32194,33035,32712,32856,41623,35168,39264,31386,34784,33952,39400,38336,21778,32766,28056,24328,33476,63,28640
32380,32910,32474,33091,35596,35168,39264,31386,34784,33952,39400,38336,21778,32766,28056,24328,33476,63,28640
32548,32709,33047,32978,32326,35168,39264,31386,34784,33952,39400,38336,21778,32766,28056,24328,33476,63,28640
32578,32935,33252,32910,34845,35168,39264,31386,34784,33952,39400,38336,21778,32766,28056,24328,33476,63,28640
32656,32813,33326,32804,31736,35168,39264,31386,34784,33952,39400,38336,21778,32766,28056,24328,33476,63,28640
32870,33168,32951,32785,32186,35168,39264,31386,34784,33952,39400,38336,21778,32766,28056,24328,33476,63,28640
32800,32896,32783,32930,32789,35168,39264,31386,34784,33952,39400,38336,21778,32766,28056,24328,33476,63,28640
32717,33412,32536,32809,32173,35168,39264,31386,34784,33952,39400,38336,21778,32766,28056,24328,33476,63,28640
32948,33426,32799,32787,34604,35168,39264,31386,34784,33952,39400,38336,21778,32766,28056,24328,33476,63,28640
33124,33303,33038,32803,31964,35168,39264,31386,34784,33952,39400,38336,21778,32766,28056,24328,33476,63,28640
32914,33341,33030,32793,31221,35296,39324,31776,34532,33100,38681,37056,21382,32764,30508,23536,34821,62,27757
32668,33231,32898,32858,32547,35296,39324,31776,34532,33100,38681,37056,21382,32764,30508,23536,34821,62,27757
32540,33443,33030,32793,31695,35296,39324,31776,34532,33100,38681,37056,21382,32764,30508,23536,34821,62,27757
32569,33128,33031,32607,32473,35296,39324,31776,34532,33100,38681,37056,21382,32764,30508,23536,34821,62,27757
32545,33415,33468,32686,34002,35296,39324,31776,34532,33100,38681,37056,21382,32764,30508,23536,34821,62,27757
32637,33372,33062,32831,31778,35296,39324,31776,34532,33100,38681,37056,21382,32764,30508,23536,34821,62,27757
32792,33094,32816,32864,33438,35296,39324,31776,34532,33100,38681,37056,21382,32764,30508,23536,34821,62,27757
32775,33234,32914,32878,32580,35296,39324,31776,34532,33100,38681,37056,21382,32764,30508,23536,34821,62,27757
32732,33004,32956,32888,31546,35296,39324,31776,34532,33100,38681,37056,21382,32764,30508,23536,34821,62,27757
32610,32729,32918,32799,33550,35296,39324,31776,34532,33100,38681,37056,21382,32764,30508,23536,34821,62,27757
32572,33159,32706,32562,31043,35220,40324,32370,34364,32480,38028,37832,20948,32768,32628,21032,31400,63,27528
32538,33133,32676,32320,32521,35220,40324,32370,34364,32480,38028,37832,20948,32768,32628,21032,31400,63,27528
32626,32775,32610,32711,33998,35220,40324,32370,34364,32480,38028,37832,20948,32768,32628,21032,31400,63,27528
32736,33024,32670,32957,32037,35220,40324,32370,34364,32480,38028,37832,20948,32768,32628,21032,31400,63,27528
32710,32702,32623,32912,33596,35220,40324,32370,34364,32480,38028,37832,20948,32768,32628,21032,31400,63,27528
32628,32840,32430,32830,33743,35220,40324,32370,34364,32480,38028,37832,20948,32768,32628,21032,31400,63,27528
32640,33236,32357,32657,31886,35220,40324,32370,34364,32480,38028,37832,20948,32768,32628,21032,31400,63,27528
32611,32983,31920,33044,33846,35220,40324,32370,34364,32480,38028,37832,20948,32768,32628,21032,31400,63,27528
32617,32956,31822,33132,32182,35220,40324,32370,34364,32480,38028,37832,20948,32768,32628,21032,31400,63,27528
32662,32754,32191,32919,31762,35220,40324,32370,34364,32480,38028,37832,20948,32768,32628,21032,31400,63,27528
32659,33058,32753,33026,34230,34656,41148,33488,34188,32360,38148,39962,20572,32764,34368,17028,32058,62,25997
32679,32870,32882,32932,32187,34656,41148,33488,34188,32360,38148,39962,20572,32764,34368,17028,32058,62,25997
32802,32754,32927,32880,32692,34656,41148,33488,34188,32360,38148,39962,20572,32764,34368,17028,32058,62,25997
32890,33321,32841,32794,36496,34656,41148,33488,34188,32360,38148,39962,20572,32764,34368,17028,32058,62,25997
32814,33268,32612,32595,32196,34656,41148,33488,34188,32360,38148,39962,20572,32764,34368,17028,32058,62,25997
32808,33113,32495,32686,32390,34656,41148,33488,34188,32360,38148,39962,20572,32764,34368,17028,32058,62,25997
32850,33501,32716,32652,34075,34656,41148,33488,34188,32360,38148,39962,20572,32764,34368,17028,32058,62,25997
32832,33252,32576,32690,32340,34656,41148,33488,34188,32360,38148,39962,20572,32764,34368,17028,32058,62,25997
32852,33027,32397,32703,31165,34656,41148,33488,34188,32360,38148,39962,20572,32764,34368,17028,32058,62,25997
32804,32976,32514,32752,34076,34656,41148,33488,34188,32360,38148,39962,20572,32764,34368,17028,32058,62,25997
32701,32887,32773,32636,31956,34008,41188,34423,34148,31290,37488,39884,20184,32764,36876,15546,29708,62,22456
32690,33186,32888,32530,32348,34008,41188,34423,34148,31290,37488,39884,20184,32764,36876,15546,29708,62,22456
32687,33004,33191,32574,33544,34008,41188,34423,34148,31290,37488,39884,20184,32764,36876,15546,29708,62,22456
32616,33378,33192,32608,31683,34008,41188,34423,34148,31290,37488,39884,20184,32764,36876,15546,29708,62,22456
32724,33272,33508,32626,35760,34008,41188,34423,34148,31290,37488,39884,20184,32764,36876,15546,29708,62,22456
32683,33028,34072,32632,32280,34008,41188,34423,34148,31290,37488,39884,20184,32764,36876,15546,29708,62,22456
32635,33362,33980,32636,26095,34008,41188,34423,34148,31290,37488,39884,20184,32764,36876,15546,29708,62,22456
32657,33076,33348,32628,38026,34008,41188,34423,34148,31290,37488,39884,20184,32764,36876,15546,29708,62,22456
32681,33227,33254,32712,35001,34008,41188,34423,34148,31290,37488,39884,20184,32764,36876,15546,29708,62,22456
32644,33124,33080,32950,33518,34008,41188,34423,34148,31290,37488,39884,20184,32764,36876,15546,29708,62,22456
32660,33051,32952,32976,32614,33424,40760,34938,34072,30904,35769,38840,19713,32764,39780,16429,31124,62,21300
32638,33277,32621,32923,31972,33424,40760,34938,34072,30904,35769,38840,19713,32764,39780,16429,31124,62,21300
32696,32941,32272,32696,33951,33424,40760,34938,34072,30904,35769,38840,19713,32764,39780,16429,31124,62,21300
32697,32967,32145,32596,31383,33424,40760,34938,34072,30904,35769,38840,19713,32764,39780,16429,31124,62,21300
32692,32652,32201,32794,32898,33424,40760,34938,34072,30904,35769,38840,19713,32764,39780,16429,31124,62,21300
32800,32438,32244,32914,32414,33424,40760,34938,34072,30904,35769,38840,19713,32764,39780,16429,31124,62,21300
32832,32646,32231,33068,31355,33424,40760,34938,34072,30904,35769,38840,19713,32764,39780,16429,31124,62,21300
32734,32822,32436,33066,33969,33424,40760,34938,34072,30904,35769,38840,19713,32764,39780,16429,31124,62,21300
32784,32960,32728,32764,32003,33424,40760,34938,34072,30904,35769,38840,19713,32764,39780,16429,31124,62,21300
32810,33616,32787,32696,32132,33424,40760,34938,34072,30904,35769,38840,19713,32764,39780,16429,31124,62,21300
32832,33320,32096,32968,15598,33066,40320,35260,34084,30984,34284,37458,19340,32764,41191,17994,29316,62,19412
32840,33401,32408,32792,30424,33066,40320,35260,34084,30984,34284,37458,19340,32764,41191,17994,29316,62,19412
32812,32775,32848,32715,39812,33066,40320,35260,34084,30984,34284,37458,19340,32764,41191,17994,29316,62,19412
32833,32751,32730,32654,36993,33066,40320,35260,34084,30984,34284,37458,19340,32764,41191,17994,29316,62,19412
32804,32659,32986,33148,32406,33066,40320,35260,34084,30984,34284,37458,19340,32764,41191,17994,29316,62,19412
32804,32672,33874,32952,32756,33066,40320,35260,34084,30984,34284,37458,19340,32764,41191,17994,29316,62,19412
32732,32658,33656,32527,34605,33066,40320,35260,34084,30984,34284,37458,19340,32764,41191,17994,29316,62,19412
32743,32625,33250,32487,32516,33066,40320,35260,34084,30984,34284,37458,19340,32764,41191,17994,29316,62,19412
32723,33070,33880,32255,32336,33066,40320,35260,34084,30984,34284,37458,19340,32764,41191,17994,29316,62,19412
32736,32844,34135,32239,33128,33066,40320,35260,34084,30984,34284,37458,19340,32764,41191,17994,29316,62,19412
32765,33021,32942,32632,31740,32704,40096,35500,34224,30640,33064,37899,19124,32759,43157,19889,28721,62,17029
32791,33295,31821,32782,33621,32704,40096,35500,34224,30640,33064,37899,19124,32759,43157,19889,28721,62,17029
32752,33638,32239,33024,31936,32704,40096,35500,34224,30640,33064,37899,19124,32759,43157,19889,28721,62,17029
32770,33229,32370,32932,31756,32704,40096,35500,34224,30640,33064,37899,19124,32759,43157,19889,28721,62,17029
32768,33199,32032,33023,34245,32704,40096,35500,34224,30640,33064,37899,19124,32759,43157,19889,28721,62,17029
32821,32992,31751,33044,31751,32704,40096,35500,34224,30640,33064,37899,19124,32759,43157,19889,28721,62,17029
32858,33180,32871,32856,33204,32704,40096,35500,34224,30640,33064,37899,19124,32759,43157,19889,28721,62,17029
32766,33473,33832,33054,32856,32704,40096,35500,34224,30640,33064,37899,19124,32759,43157,19889,28721,62,17029
32808,32863,32461,33070,31008,32704,40096,35500,34224,30640,33064,37899,19124,32759,43157,19889,28721,62,17029
32818,33344,32157,32968,23656,32704,40096,35500,34224,30640,33064,37899,19124,32759,43157,19889,28721,62,17029
32897,33502,33389,32875,30563,32568,39636,35738,34064,30864,32549,39040,18628,32760,42112,25673,31080,63,16321
32846,33092,33990,33101,35746,32568,39636,35738,34064,30864,32549,39040,18628,32760,42112,25673,31080,63,16321
32904,33226,33166,32952,33286,32568,39636,35738,34064,30864,32549,39040,18628,32760,42112,25673,31080,63,16321
32890,33146,32580,33031,32743,32568,39636,35738,34064,30864,32549,39040,18628,32760,42112,25673,31080,63,16321
32828,32929,32842,33024,34372,32568,39636,35738,34064,30864,32549,39040,18628,32760,42112,25673,31080,63,16321
32802,33147,32585,32902,33448,32568,39636,35738,34064,30864,32549,39040,18628,32760,42112,25673,31080,63,16321
32762,33436,32615,32767,31308,32568,39636,35738,34064,30864,32549,39040,18628,32760,42112,25673,31080,63,16321
32781,33336,33054,32836,33714,32568,39636,35738,34064,30864,32549,39040,18628,32760,42112,25673,31080,63,16321
32840,33718,32829,32716,31458,32568,39636,35738,34064,30864,32549,39040,18628,32760,42112,25673,31080,63,16321
32768,33283,33744,32884,33018,32568,39636,35738,34064,30864,32549,39040,18628,32760,42112,25673,31080,63,16321
32714,32988,33614,33040,35588,32404,38916,35944,34088,31800,32477,38088,18630,32760,41564,30157,32817,65,13696
32660,33260,33116,32946,30536,32404,38916,35944,34088,31800,32477,38088,18630,32760,41564,30157,32817,65,13696
32596,33285,32810,32780,32334,32404,38916,35944,34088,31800,32477,38088,18630,32760,41564,30157,32817,65,13696
32569,33151,32703,32672,32775,32404,38916,35944,34088,31800,32477,38088,18630,32760,41564,30157,32817,65,13696
32546,33152,32567,32640,10233,32404,38916,35944,34088,31800,32477,38088,18630,32760,41564,30157,32817,65,13696
32654,32720,32494,32753,20644,32404,38916,35944,34088,31800,32477,38088,18630,32760,41564,30157,32817,65,13696
32683,33358,32533,32696,37831,32404,38916,35944,34088,31800,32477,38088,18630,32760,41564,30157,32817,65,13696
32704,33117,32424,32517,34265,32404,38916,35944,34088,31800,32477,38088,18630,32760,41564,30157,32817,65,13696
32756,33432,32212,32609,34180,32404,38916,35944,34088,31800,32477,38088,18630,32760,41564,30157,32817,65,13696
32796,33185,32322,32862,32021,32404,38916,35944,34088,31800,32477,38088,18630,32760,41564,30157,32817,65,13696
32682,32834,32388,33019,33077,32514,38156,36298,34208,33108,32214,35002,18504,32760,46112,25661,31452,64,13454
32670,33009,32399,32959,12146,32514,38156,36298,34208,33108,32214,35002,18504,32760,46112,25661,31452,64,13454
32736,33096,32258,32875,18048,32514,38156,36298,34208,33108,32214,35002,18504,32760,46112,25661,31452,64,13454
32736,33233,32470,32817,34962,32514,38156,36298,34208,33108,32214,35002,18504,32760,46112,25661,31452,64,13454
32641,33476,32155,32791,34484,32514,38156,36298,34208,33108,32214,35002,18504,32760,46112,25661,31452,64,13454
32649,32828,31791,32951,33343,32514,38156,36298,34208,33108,32214,35002,18504,32760,46112,25661,31452,64,13454
32606,32908,31949,33010,34171,32514,38156,36298,34208,33108,32214,35002,18504,32760,46112,25661,31452,64,13454
32680,33191,31762,33047,34420,32514,38156,36298,34208,33108,32214,35002,18504,32760,46112,25661,31452,64,13454
32720,33009,31690,33042,30226,32514,38156,36298,34208,33108,32214,35002,18504,32760,46112,25661,31452,64,13454
32762,33500,31743,32971,32485,32514,38156,36298,34208,33108,32214,35002,18504,32760,46112,25661,31452,64,13454
32741,33174,33014,33136,32414,32768,37612,36000,34268,33228,31682,34220,18528,32759,46440,26908,35628,65,11844
32818,33552,34002,33485,30746,32768,37612,36000,34268,33228,31682,34220,18528,32759,46440,26908,35628,65,11844
32790,33234,32768,33416,33893,32768,37612,36000,34268,33228,31682,34220,18528,32759,46440,26908,35628,65,11844
32818,32681,32582,32932,32281,32768,37612,36000,34268,33228,31682,34220,18528,32759,46440,26908,35628,65,11844
32750,33199,32341,32512,31960,32768,37612,36000,34268,33228,31682,34220,18528,32759,46440,26908,35628,65,11844
32755,32969,32682,32703,34595,32768,37612,36000,34268,33228,31682,34220,18528,32759,46440,26908,35628,65,11844
32749,32974,32829,32870,31423,32768,37612,36000,34268,33228,31682,34220,18528,32759,46440,26908,35628,65,11844
32775,32514,33700,32881,33432,32768,37612,36000,34268,33228,31682,34220,18528,32759,46440,26908,35628,65,11844
32870,32876,35208,32606,33968,32768,37612,36000,34268,33228,31682,34220,18528,32759,46440,26908,35628,65,11844
32800,33122,35297,32467,30367,32768,37612,36000,34268,33228,31682,34220,18528,32759,46440,26908,35628,65,11844
32784,32901,35425,32632,33925,33164,37112,35314,34352,32856,32406,35780,18601,32752,45080,26435,33648,62,7600
32746,32935,35283,32856,32260,33164,37112,35314,34352,32856,32406,35780,18601,32752,45080,26435,33648,62,7600
32688,32647,35350,32811,31450,33164,37112,35314,34352,32856,32406,35780,18601,32752,45080,26435,33648,62,7600
32692,32926,35049,32594,37480,33164,37112,35314,34352,32856,32406,35780,18601,32752,45080,26435,33648,62,7600
32693,32746,35120,32704,35851,33164,37112,35314,34352,32856,32406,35780,18601,32752,45080,26435,33648,62,7600
32704,32962,34937,33079,34694,33164,37112,35314,34352,32856,32406,35780,18601,32752,45080,26435,33648,62,7600
32874,32775,34932,33152,32211,33164,37112,35314,34352,32856,32406,35780,18601,32752,45080,26435,33648,62,7600
33096,33015,34944,32847,31460,33164,37112,35314,34352,32856,32406,35780,18601,32752,45080,26435,33648,62,7600
33132,33315,34252,32745,34480,33164,37112,35314,34352,32856,32406,35780,18601,32752,45080,26435,33648,62,7600
33150,33109,33318,32782,32231,33164,37112,35314,34352,32856,32406,35780,18601,32752,45080,26435,33648,62,7600
33132,33440,31813,32854,32664,33014,36648,34850,34400,32603,33410,36236,18757,32760,48008,24094,33104,63,20552
33019,33224,29997,32532,34341,33014,36648,34850,34400,32603,33410,36236,18757,32760,48008,24094,33104,63,20552
33004,33792,27164,32387,32269,33014,36648,34850,34400,32603,33410,36236,18757,32760,48008,24094,33104,63,20552
32821,33460,29030,32648,33400,33014,36648,34850,34400,32603,33410,36236,18757,32760,48008,24094,33104,63,20552
32742,33398,34160,33717,34878,33014,36648,34850,34400,32603,33410,36236,18757,32760,48008,24094,33104,63,20552
32744,33101,34085,33262,31077,33014,36648,34850,34400,32603,33410,36236,18757,32760,48008,24094,33104,63,20552
32808,33186,32929,32854,33197,33014,36648,34850,34400,32603,33410,36236,18757,32760,48008,24094,33104,63,20552
32752,32270,33210,33114,32988,33014,36648,34850,34400,32603,33410,36236,18757,32760,48008,24094,33104,63,20552
32697,32257,33134,32623,31732,33014,36648,34850,34400,32603,33410,36236,18757,32760,48008,24094,33104,63,20552
32634,32125,32916,31274,33704,33014,36648,34850,34400,32603,33410,36236,18757,32760,48008,24094,33104,63,20552
32384,32679,32453,30825,31911,32697,36304,34914,34416,32874,33370,35814,19104,32756,48704,17515,32600,62,39892
32388,32620,31901,32760,32257,32697,36304,34914,34416,32874,33370,35814,19104,32756,48704,17515,32600,62,39892
32372,33162,31424,32317,34959,32697,36304,34914,34416,32874,33370,35814,19104,32756,48704,17515,32600,62,39892
32440,33052,31066,32553,32370,32697,36304,34914,34416,32874,33370,35814,19104,32756,48704,17515,32600,62,39892
32710,33124,30524,33138,32112,32697,36304,34914,34416,32874,33370,35814,19104,32756,48704,17515,32600,62,39892
32940,33142,30636,33447,33265,32697,36304,34914,34416,32874,33370,35814,19104,32756,48704,17515,32600,62,39892
33111,33159,31076,33364,31687,32697,36304,34914,34416,32874,33370,35814,19104,32756,48704,17515,32600,62,39892
33178,33350,31446,32896,33889,32697,36304,34914,34416,32874,33370,35814,19104,32756,48704,17515,32600,62,39892
33211,33178,31307,32604,33417,32697,36304,34914,34416,32874,33370,35814,19104,32756,48704,17515,32600,62,39892
33324,33098,32274,32710,31329,32697,36304,34914,34416,32874,33370,35814,19104,32756,48704,17515,32600,62,39892
33462,33198,33988,32856,34016,32664,35922,35250,34496,32384,33152,35521,19402,32753,44692,4454,30440,62,33716
33444,33135,32852,32816,32961,32664,35922,35250,34496,32384,33152,35521,19402,32753,44692,4454,30440,62,33716
33390,33230,31909,33162,31535,32664,35922,35250,34496,32384,33152,35521,19402,32753,44692,4454,30440,62,33716
33298,32994,33234,32923,34364,32664,35922,35250,34496,32384,33152,35521,19402,32753,44692,4454,30440,62,33716
33142,33494,34031,32487,32324,32664,35922,35250,34496,32384,33152,35521,19402,32753,44692,4454,30440,62,33716
33056,33156,33746,31864,32552,32664,35922,35250,34496,32384,33152,35521,19402,32753,44692,4454,30440,62,33716
33064,33356,32736,31826,33350,32664,35922,35250,34496,32384,33152,35521,19402,32753,44692,4454,30440,62,33716
32958,33710,31848,32926,30427,32664,35922,35250,34496,32384,33152,35521,19402,32753,44692,4454,30440,62,33716
32820,33604,31840,34659,33177,32664,35922,35250,34496,32384,33152,35521,19402,32753,44692,4454,30440,62,33716
32693,32865,32132,31980,31405,32664,35922,35250,34496,32384,33152,35521,19402,32753,44692,4454,30440,62,33716
32668,32708,31890,30899,32469,32886,35432,35492,34600,32080,33080,36092,19791,32757,45700,100,29348,60,32664
32888,32804,31756,35515,32316,32886,35432,35492,34600,32080,33080,36092,19791,32757,45700,100,29348,60,32664
33154,32405,32406,34875,31218,32886,35432,35492,34600,32080,33080,36092,19791,32757,45700,100,29348,60,32664
33025,32601,33434,31450,34240,32886,35432,35492,34600,32080,33080,36092,19791,32757,45700,100,29348,60,32664
32888,32389,33468,31986,34221,32886,35432,35492,34600,32080,33080,36092,19791,32757,45700,100,29348,60,32664
32642,31787,33470,34602,33151,32886,35432,35492,34600,32080,33080,36092,19791,32757,45700,100,29348,60,32664
32322,32532,34254,35044,33887,32886,35432,35492,34600,32080,33080,36092,19791,32757,45700,100,29348,60,32664
32225,33496,35425,33701,33760,32886,35432,35492,34600,32080,33080,36092,19791,32757,45700,100,29348,60,32664
32262,33444,34555,32326,31972,32886,35432,35492,34600,32080,33080,36092,19791,32757,45700,100,29348,60,32664
32244,33478,33392,31384,34182,32886,35432,35492,34600,32080,33080,36092,19791,32757,45700,100,29348,60,32664
32229,33638,32619,32332,32536,33348,34789,35360,34686,32244,32884,36316,20192,32755,41424,101,29669,2353,35364
32222,32936,32344,35906,31393,33348,34789,35360,34686,32244,32884,36316,20192,32755,41424,101,29669,2353,35364
32431,33056,32089,32848,33431,33348,34789,35360,34686,32244,32884,36316,20192,32755,41424,101,29669,2353,35364
32388,32419,31911,30199,30953,33348,34789,35360,34686,32244,32884,36316,20192,32755,41424,101,29669,2353,35364
32303,32541,31981,32281,32116,33348,34789,35360,34686,32244,32884,36316,20192,32755,41424,101,29669,2353,35364
32250,32204,32257,32363,33206,33348,34789,35360,34686,32244,32884,36316,20192,32755,41424,101,29669,2353,35364
32336,32646,32528,31436,34021,33348,34789,35360,34686,32244,32884,36316,20192,32755,41424,101,29669,2353,35364
32437,32763,32739,31960,34911,33348,34789,35360,34686,32244,32884,36316,20192,32755,41424,101,29669,2353,35364
32466,33390,33073,31813,34795,33348,34789,35360,34686,32244,32884,36316,20192,32755,41424,101,29669,2353,35364
32620,32908,33159,32534,34852,33348,34789,35360,34686,32244,32884,36316,20192,32755,41424,101,29669,2353,35364
32854,33218,33279,32954,33484,33672,34380,35228,34924,32504,32496,36274,20623,32753,39805,101,29036,6522,26904
32966,33004,33535,33346,31239,33672,34380,35228,34924,32504,32496,36274,20623,32753,39805,101,29036,6522,26904
32991,33416,33579,33391,32006,33672,34380,35228,34924,32504,32496,36274,20623,32753,39805,101,29036,6522,26904
32804,33444,33569,33636,29208,33672,34380,35228,34924,32504,32496,36274,20623,32753,39805,101,29036,6522,26904
32841,33737,33196,33876,31920,33672,34380,35228,34924,32504,32496,36274,20623,32753,39805,101,29036,6522,26904
32928,33340,32955,34008,33122,33672,34380,35228,34924,32504,32496,36274,20623,32753,39805,101,29036,6522,26904
32911,33445,33467,33191,31303,33672,34380,35228,34924,32504,32496,36274,20623,32753,39805,101,29036,6522,26904
33007,33540,34494,30715,33815,33672,34380,35228,34924,32504,32496,36274,20623,32753,39805,101,29036,6522,26904
32948,33933,34287,30066,31254,33672,34380,35228,34924,32504,32496,36274,20623,32753,39805,101,29036,6522,26904
32901,33237,33624,33061,32724,33672,34380,35228,34924,32504,32496,36274,20623,32753,39805,101,29036,6522,26904
32922,32352,33768,36744,34773,33888,33992,35074,34956,32822,32248,36001,21129,32752,35388,8632,31362,9276,23092
32861,31588,33291,34753,32988,33888,33992,35074,34956,32822,32248,36001,21129,32752,35388,8632,31362,9276,23092
32727,31320,32223,33031,33097,33888,33992,35074,34956,32822,32248,36001,21129,32752,35388,8632,31362,9276,23092
32482,32042,31428,31259,34226,33888,33992,35074,34956,32822,32248,36001,21129,32752,35388,8632,31362,9276,23092
32372,32804,31263,33190,32253,33888,33992,35074,34956,32822,32248,36001,21129,32752,35388,8632,31362,9276,23092
32548,33130,31669,35702,29000,33888,33992,35074,34956,32822,32248,36001,21129,32752,35388,8632,31362,9276,23092
32846,33039,32351,34404,34116,33888,33992,35074,34956,32822,32248,36001,21129,32752,35388,8632,31362,9276,23092
33054,33061,32701,32184,33328,33888,33992,35074,34956,32822,32248,36001,21129,32752,35388,8632,31362,9276,23092
32834,32524,32952,29993,32682,33888,33992,35074,34956,32822,32248,36001,21129,32752,35388,8632,31362,9276,23092
32516,33203,33160,31238,34660,33888,33992,35074,34956,32822,32248,36001,21129,32752,35388,8632,31362,9276,23092
32404,33414,32783,32901,35890,33984,33680,34830,34832,33394,32212,36128,21616,32742,32064,30696,31672,13504,18684
32342,33566,33133,31908,33788,33984,33680,34830,34832,33394,32212,36128,21616,32742,32064,30696,31672,13504,18684
32565,33789,33699,32746,32338,33984,33680,34830,34832,33394,32212,36128,21616,32742,32064,30696,31672,13504,18684
32621,33308,33055,32620,30552,33984,33680,34830,34832,33394,32212,36128,21616,32742,32064,30696,31672,13504,18684
32645,33052,32612,31400,30364,33984,33680,34830,34832,33394,32212,36128,21616,32742,32064,30696,31672,13504,18684
32662,32759,32828,33354,30036,33984,33680,34830,34832,33394,32212,36128,21616,32742,32064,30696,31672,13504,18684
32849,32819,32789,34415,31260,33984,33680,34830,34832,33394,32212,36128,21616,32742,32064,30696,31672,13504,18684
32984,32750,32945,33499,34344,33984,33680,34830,34832,33394,32212,36128,21616,32742,32064,30696,31672,13504,18684
33001,33072,32884,32700,33820,33984,33680,34830,34832,33394,32212,36128,21616,32742,32064,30696,31672,13504,18684
33339,32802,32952,32109,33823,33984,33680,34830,34832,33394,32212,36128,21616,32742,32064,30696,31672,13504,18684
32848,33339,32806,32365,35800,33824,33298,34676,34802,33304,32236,36701,22121,32745,38527,41624,31648,16881,15299
32737,33227,32584,32965,35351,33824,33298,34676,34802,33304,32236,36701,22121,32745,38527,41624,31648,16881,15299
32972,32991,32488,32786,33305,33824,33298,34676,34802,33304,32236,36701,22121,32745,38527,41624,31648,16881,15299
33002,33279,32397,33199,32449,33824,33298,34676,34802,33304,32236,36701,22121,32745,38527,41624,31648,16881,15299
33154,33095,32190,32453,32706,33824,33298,34676,34802,33304,32236,36701,22121,32745,38527,41624,31648,16881,15299
33412,33444,32494,31942,29079,33824,33298,34676,34802,33304,32236,36701,22121,32745,38527,41624,31648,16881,15299
33237,33405,32696,32563,31880,33824,33298,34676,34802,33304,32236,36701,22121,32745,38527,41624,31648,16881,15299
32944,33399,32416,32738,31353,33824,33298,34676,34802,33304,32236,36701,22121,32745,38527,41624,31648,16881,15299
32732,33413,32137,33512,33158,33824,33298,34676,34802,33304,32236,36701,22121,32745,38527,41624,31648,16881,15299
32620,32865,32659,32959,33866,33824,33298,34676,34802,33304,32236,36701,22121,32745,38527,41624,31648,16881,15299
32507,32699,32754,30963,32519,34486,33152,35194,34885,32788,32112,37856,22770,32748,47993,31020,33136,21924,14829
32406,32658,32373,30496,32880,34486,33152,35194,34885,32788,32112,37856,22770,32748,47993,31020,33136,21924,14829
32614,32712,32090,34569,35064,34486,33152,35194,34885,32788,32112,37856,22770,32748,47993,31020,33136,21924,14829
32484,33375,31948,34992,33164,34486,33152,35194,34885,32788,32112,37856,22770,32748,47993,31020,33136,21924,14829
32072,33300,32046,33381,32808,34486,33152,35194,34885,32788,32112,37856,22770,32748,47993,31020,33136,21924,14829
31892,33185,32236,32562,34732,34486,33152,35194,34885,32788,32112,37856,22770,32748,47993,31020,33136,21924,14829
32454,32425,32452,32527,32919,34486,33152,35194,34885,32788,32112,37856,22770,32748,47993,31020,33136,21924,14829
33262,32336,32474,32604,32418,34486,33152,35194,34885,32788,32112,37856,22770,32748,47993,31020,33136,21924,14829
33732,32983,32588,32199,34326,34486,33152,35194,34885,32788,32112,37856,22770,32748,47993,31020,33136,21924,14829
33720,33367,32594,32108,32386,34486,33152,35194,34885,32788,32112,37856,22770,32748,47993,31020,33136,21924,14829
33524,33330,32590,31492,32116,33506,32952,34516,34760,32768,32224,38498,23220,32749,46472,16758,31493,26475,14912
33496,33474,32742,31690,31972,33506,32952,34516,34760,32768,32224,38498,23220,32749,46472,16758,31493,26475,14912
33320,33112,32859,31746,30934,33506,32952,34516,34760,32768,32224,38498,23220,32749,46472,16758,31493,26475,14912
33076,33574,32908,32903,33390,33506,32952,34516,34760,32768,32224,38498,23220,32749,46472,16758,31493,26475,14912
32758,33243,33068,35026,32471,33506,32952,34516,34760,32768,32224,38498,23220,32749,46472,16758,31493,26475,14912
32550,33302,33260,32989,32186,33506,32952,34516,34760,32768,32224,38498,23220,32749,46472,16758,31493,26475,14912
32282,33682,33186,32729,33775,33506,32952,34516,34760,32768,32224,38498,23220,32749,46472,16758,31493,26475,14912
32120,33174,32728,34232,32056,33506,32952,34516,34760,32768,32224,38498,23220,32749,46472,16758,31493,26475,14912
32090,33140,32906,35562,31860,33506,32952,34516,34760,32768,32224,38498,23220,32749,46472,16758,31493,26475,14912
32444,32988,33413,33833,34124,33506,32952,34516,34760,32768,32224,38498,23220,32749,46472,16758,31493,26475,14912
32689,32676,33536,32631,31215,33508,32868,34968,34834,32784,32164,37972,23742,32749,40604,11720,31045,30809,11029
32708,32914,33180,32003,32452,33508,32868,34968,34834,32784,32164,37972,23742,32749,40604,11720,31045,30809,11029
32740,33890,32991,32496,32213,33508,32868,34968,34834,32784,32164,37972,23742,32749,40604,11720,31045,30809,11029
32708,34356,33428,32782,31067,33508,32868,34968,34834,32784,32164,37972,23742,32749,40604,11720,31045,30809,11029
32652,33669,33550,32940,34374,33508,32868,34968,34834,32784,32164,37972,23742,32749,40604,11720,31045,30809,11029
32818,32402,33462,32315,33014,33508,32868,34968,34834,32784,32164,37972,23742,32749,40604,11720,31045,30809,11029
33087,31328,33088,32431,32220,33508,32868,34968,34834,32784,32164,37972,23742,32749,40604,11720,31045,30809,11029
33332,30594,32772,32811,33935,33508,32868,34968,34834,32784,32164,37972,23742,32749,40604,11720,31045,30809,11029
33307,31738,32528,31561,34850,33508,32868,34968,34834,32784,32164,37972,23742,32749,40604,11720,31045,30809,11029
33008,32772,32593,30627,31691,33508,32868,34968,34834,32784,32164,37972,23742,32749,40604,11720,31045,30809,11029
32524,33435,32654,32116,34244,33376,32796,35082,34712,32642,33068,34808,24408,32746,39294,12421,30797,35464,8448
32400,33508,32641,32036,33436,33376,32796,35082,34712,32642,33068,34808,24408,32746,39294,12421,30797,35464,8448
32547,33872,32521,32570,32637,33376,32796,35082,34712,32642,33068,34808,24408,32746,39294,12421,30797,35464,8448
32479,32867,32632,34242,34410,33376,32796,35082,34712,32642,33068,34808,24408,32746,39294,12421,30797,35464,8448
32454,33524,32738,31979,32198,33376,32796,35082,34712,32642,33068,34808,24408,32746,39294,12421,30797,35464,8448
32525,33502,32701,32677,31904,33376,32796,35082,34712,32642,33068,34808,24408,32746,39294,12421,30797,35464,8448
32494,33674,32636,32711,34015,33376,32796,35082,34712,32642,33068,34808,24408,32746,39294,12421,30797,35464,8448
32532,33254,32670,33843,31271,33376,32796,35082,34712,32642,33068,34808,24408,32746,39294,12421,30797,35464,8448
32561,32747,32856,36052,33349,33376,32796,35082,34712,32642,33068,34808,24408,32746,39294,12421,30797,35464,8448
32362,32363,32907,35033,31946,33376,32796,35082,34712,32642,33068,34808,24408,32746,39294,12421,30797,35464,8448
32448,32594,32799,32809,31494,33336,32936,34936,34592,32476,34824,35138,24901,32744,36708,15280,29092,40461,10527
32653,33210,32998,33223,33194,33336,32936,34936,34592,32476,34824,35138,24901,32744,36708,15280,29092,40461,10527
32612,32650,32807,32149,30708,33336,32936,34936,34592,32476,34824,35138,24901,32744,36708,15280,29092,40461,10527
33009,33357,32718,31517,33236,33336,32936,34936,34592,32476,34824,35138,24901,32744,36708,15280,29092,40461,10527
33162,33072,32910,32308,31975,33336,32936,34936,34592,32476,34824,35138,24901,32744,36708,15280,29092,40461,10527
32996,33188,32797,32623,31796,33336,32936,34936,34592,32476,34824,35138,24901,32744,36708,15280,29092,40461,10527
32716,33044,32576,32674,33216,33336,32936,34936,34592,32476,34824,35138,24901,32744,36708,15280,29092,40461,10527
32410,33174,32436,33528,31558,33336,32936,34936,34592,32476,34824,35138,24901,32744,36708,15280,29092,40461,10527
32194,33204,32486,33820,33781,33336,32936,34936,34592,32476,34824,35138,24901,32744,36708,15280,29092,40461,10527
32310,32861,32783,32966,34482,33336,32936,34936,34592,32476,34824,35138,24901,32744,36708,15280,29092,40461,10527
32392,33300,32892,32203,32069,33504,33912,35330,34540,32378,35200,36325,25498,32748,34448,11088,28064,43801,14412
32622,33637,33160,32132,34753,33504,33912,35330,34540,32378,35200,36325,25498,32748,34448,11088,28064,43801,14412
32600,33363,32993,32838,33090,33504,33912,35330,34540,32378,35200,36325,25498,32748,34448,11088,28064,43801,14412
32728,33756,32749,33375,31955,33504,33912,35330,34540,32378,35200,36325,25498,32748,34448,11088,28064,43801,14412
32678,33950,32732,32758,34115,33504,33912,35330,34540,32378,35200,36325,25498,32748,34448,11088,28064,43801,14412
32712,34311,32710,32937,31538,33504,33912,35330,34540,32378,35200,36325,25498,32748,34448,11088,28064,43801,14412
32623,33791,32338,32788,33615,33504,33912,35330,34540,32378,35200,36325,25498,32748,34448,11088,28064,43801,14412
32719,33420,32064,30919,34360,33504,33912,35330,34540,32378,35200,36325,25498,32748,34448,11088,28064,43801,14412
32824,31544,32355,32706,33233,33504,33912,35330,34540,32378,35200,36325,25498,32748,34448,11088,28064,43801,14412
33204,32289,32514,35686,32735,33504,33912,35330,34540,32378,35200,36325,25498,32748,34448,11088,28064,43801,14412
33408,33070,32456,34650,33842,33524,35032,35908,34412,32320,37144,36960,26068,32748,32861,5732,28219,48808,26982
33120,31586,32407,32701,32705,33524,35032,35908,34412,32320,37144,36960,26068,32748,32861,5732,28219,48808,26982
32924,29624,32667,34120,33565,33524,35032,35908,34412,32320,37144,36960,26068,32748,32861,5732,28219,48808,26982
32796,29900,32917,33718,33504,33524,35032,35908,34412,32320,37144,36960,26068,32748,32861,5732,28219,48808,26982
32668,32252,32646,34874,31619,33524,35032,35908,34412,32320,37144,36960,26068,32748,32861,5732,28219,48808,26982
32611,32750,32741,28268,33805,33524,35032,35908,34412,32320,37144,36960,26068,32748,32861,5732,28219,48808,26982
32688,33852,32911,27194,32888,33524,35032,35908,34412,32320,37144,36960,26068,32748,32861,5732,28219,48808,26982
32764,33712,33190,29199,31468,33524,35032,35908,34412,32320,37144,36960,26068,32748,32861,5732,28219,48808,26982
32756,32865,33174,33436,33974,33524,35032,35908,34412,32320,37144,36960,26068,32748,32861,5732,28219,48808,26982
32804,33095,33178,33598,32288,33524,35032,35908,34412,32320,37144,36960,26068,32748,32861,5732,28219,48808,26982
32827,33692,33198,32793,31350,33477,36169,36040,34504,32260,38148,36438,26650,32748,29801,7587,25268,51408,31616
32823,33591,33216,33110,35050,33477,36169,36040,34504,32260,38148,36438,26650,32748,29801,7587,25268,51408,31616
32792,34135,33178,32440,32339,33477,36169,36040,34504,32260,38148,36438,26650,32748,29801,7587,25268,51408,31616
32842,34138,32703,30417,31894,33477,36169,36040,34504,32260,38148,36438,26650,32748,29801,7587,25268,51408,31616
32882,34098,32654,33071,34557,33477,36169,36040,34504,32260,38148,36438,26650,32748,29801,7587,25268,51408,31616
32877,33559,32630,34680,32764,33477,36169,36040,34504,32260,38148,36438,26650,32748,29801,7587,25268,51408,31616
32846,33524,32730,33680,33202,33477,36169,36040,34504,32260,38148,36438,26650,32748,29801,7587,25268,51408,31616
32948,33094,32715,35114,31856,33477,36169,36040,34504,32260,38148,36438,26650,32748,29801,7587,25268,51408,31616
33004,32759,32664,35174,31452,33477,36169,36040,34504,32260,38148,36438,26650,32748,29801,7587,25268,51408,31616
33110,33018,32728,34320,33428,33477,36169,36040,34504,32260,38148,36438,26650,32748,29801,7587,25268,51408,31616
33287,33296,32699,33114,31696,33624,37264,35772,34356,31812,37064,34557,27248,32753,20056,18516,25656,52796,27749
33253,33030,32606,32646,33799,33624,37264,35772,34356,31812,37064,34557,27248,32753,20056,18516,25656,52796,27749
33156,32774,32501,31869,32921,33624,37264,35772,34356,31812,37064,34557,27248,32753,20056,18516,25656,52796,27749
33090,33004,32613,30290,31549,33624,37264,35772,34356,31812,37064,34557,27248,32753,20056,18516,25656,52796,27749
32786,32224,32684,31246,33978,33624,37264,35772,34356,31812,37064,34557,27248,32753,20056,18516,25656,52796,27749
32255,32082,32820,33654,31026,33624,37264,35772,34356,31812,37064,34557,27248,32753,20056,18516,25656,52796,27749
32016,31954,32926,33936,34116,33624,37264,35772,34356,31812,37064,34557,27248,32753,20056,18516,25656,52796,27749
32080,31737,32978,35158,33008,33624,37264,35772,34356,31812,37064,34557,27248,32753,20056,18516,25656,52796,27749
32558,32709,32910,34679,31233,33624,37264,35772,34356,31812,37064,34557,27248,32753,20056,18516,25656,52796,27749
32832,34167,32993,33848,33608,33624,37264,35772,34356,31812,37064,34557,27248,32753,20056,18516,25656,52796,27749
32560,33741,33114,34444,32276,33616,37952,34958,34502,31000,37768,34776,27828,32752,18662,31696,22705,56808,27448
32390,32858,32932,32896,31779,33616,37952,34958,34502,31000,37768,34776,27828,32752,18662,31696,22705,56808,27448
32439,31906,32812,32720,34306,33616,37952,34958,34502,31000,37768,34776,27828,32752,18662,31696,22705,56808,27448
31956,32505,32646,31107,32760,33616,37952,34958,34502,31000,37768,34776,27828,32752,18662,31696,22705,56808,27448
31786,32896,32473,29931,32428,33616,37952,34958,34502,31000,37768,34776,27828,32752,18662,31696,22705,56808,27448
32484,33348,32552,30187,34866,33616,37952,34958,34502,31000,37768,34776,27828,32752,18662,31696,22705,56808,27448
33378,33811,32856,31704,32832,33616,37952,34958,34502,31000,37768,34776,27828,32752,18662,31696,22705,56808,27448
34172,32950,32941,33313,32173,33616,37952,34958,34502,31000,37768,34776,27828,32752,18662,31696,22705,56808,27448
34575,33168,33144,33326,34383,33616,37952,34958,34502,31000,37768,34776,27828,32752,18662,31696,22705,56808,27448
34453,33131,33317,33085,32205,33616,37952,34958,34502,31000,37768,34776,27828,32752,18662,31696,22705,56808,27448
34242,33249,33134,32684,32980,33392,38504,33304,34560,30429,38720,34788,28328,32752,31884,47216,25684,51456,15660
33562,33202,32892,31803,32043,33392,38504,33304,34560,30429,38720,34788,28328,32752,31884,47216,25684,51456,15660
32738,33243,32763,31701,31254,33392,38504,33304,34560,30429,38720,34788,28328,32752,31884,47216,25684,51456,15660
32356,33509,32576,32799,33519,33392,38504,33304,34560,30429,38720,34788,28328,32752,31884,47216,25684,51456,15660
32160,32990,32584,32183,30937,33392,38504,33304,34560,30429,38720,34788,28328,32752,31884,47216,25684,51456,15660
31902,33284,32732,29932,32802,33392,38504,33304,34560,30429,38720,34788,28328,32752,31884,47216,25684,51456,15660
31730,32545,32670,32139,32069,33392,38504,33304,34560,30429,38720,34788,28328,32752,31884,47216,25684,51456,15660
31373,33042,32746,33861,32442,33392,38504,33304,34560,30429,38720,34788,28328,32752,31884,47216,25684,51456,15660
31324,32581,32733,34026,34157,33392,38504,33304,34560,30429,38720,34788,28328,32752,31884,47216,25684,51456,15660
31156,31986,32603,33767,33658,33392,38504,33304,34560,30429,38720,34788,28328,32752,31884,47216,25684,51456,15660
31248,32690,32466,31500,32146,33362,39200,30381,34944,31058,38200,34408,28783,32753,49200,43488,23149,58064,67
31161,32390,32343,35092,33816,33362,39200,30381,34944,31058,38200,34408,28783,32753,49200,43488,23149,58064,67
32232,33175,32564,34732,32240,33362,39200,30381,34944,31058,38200,34408,28783,32753,49200,43488,23149,58064,67
33315,33550,32745,34462,31713,33362,39200,30381,34944,31058,38200,34408,28783,32753,49200,43488,23149,58064,67
33944,33684,32856,33344,32888,33362,39200,30381,34944,31058,38200,34408,28783,32753,49200,43488,23149,58064,67
34332,33418,32912,32165,31542,33362,39200,30381,34944,31058,38200,34408,28783,32753,49200,43488,23149,58064,67
34628,33711,32942,33316,33030,33362,39200,30381,34944,31058,38200,34408,28783,32753,49200,43488,23149,58064,67
34104,33042,33004,35063,28498,33362,39200,30381,34944,31058,38200,34408,28783,32753,49200,43488,23149,58064,67
33894,33125,33130,33698,30974,33362,39200,30381,34944,31058,38200,34408,28783,32753,49200,43488,23149,58064,67
34470,32869,33228,31429,29676,33362,39200,30381,34944,31058,38200,34408,28783,32753,49200,43488,23149,58064,67
34052,32943,33086,30020,30742,33390,38848,27548,34936,31456,38172,34108,29228,32749,51404,43300,22332,53757,31973
32386,33326,32868,32638,34094,33390,38848,27548,34936,31456,38172,34108,29228,32749,51404,43300,22332,53757,31973
31092,32416,32698,32432,34936,33390,38848,27548,34936,31456,38172,34108,29228,32749,51404,43300,22332,53757,31973
31009,32930,32738,32778,33190,33390,38848,27548,34936,31456,38172,34108,29228,32749,51404,43300,22332,53757,31973
31792,33520,32829,33269,30244,33390,38848,27548,34936,31456,38172,34108,29228,32749,51404,43300,22332,53757,31973
32120,33295,32713,31856,30031,33390,38848,27548,34936,31456,38172,34108,29228,32749,51404,43300,22332,53757,31973
31938,33324,32748,32851,30482,33390,38848,27548,34936,31456,38172,34108,29228,32749,51404,43300,22332,53757,31973
32014,31754,32786,32883,27756,33390,38848,27548,34936,31456,38172,34108,29228,32749,51404,43300,22332,53757,31973
31836,31730,32796,36389,32269,33390,38848,27548,34936,31456,38172,34108,29228,32749,51404,43300,22332,53757,31973
31914,32856,32752,34386,32310,33390,38848,27548,34936,31456,38172,34108,29228,32749,51404,43300,22332,53757,31973
32400,33311,33018,33590,32691,33160,37746,27288,35336,32148,38072,33508,29650,32748,36540,65480,20882,52610,38736
32901,33316,32966,33065,35429,33160,37746,27288,35336,32148,38072,33508,29650,32748,36540,65480,20882,52610,38736
32892,33836,32827,30716,34446,33160,37746,27288,35336,32148,38072,33508,29650,32748,36540,65480,20882,52610,38736
32988,33808,32843,29041,34724,33160,37746,27288,35336,32148,38072,33508,29650,32748,36540,65480,20882,52610,38736
34008,33120,32836,29749,37069,33160,37746,27288,35336,32148,38072,33508,29650,32748,36540,65480,20882,52610,38736
34777,32416,32790,31268,36543,33160,37746,27288,35336,32148,38072,33508,29650,32748,36540,65480,20882,52610,38736
35325,33104,32972,31302,34648,33160,37746,27288,35336,32148,38072,33508,29650,32748,36540,65480,20882,52610,38736
36313,33378,33112,31452,34599,33160,37746,27288,35336,32148,38072,33508,29650,32748,36540,65480,20882,52610,38736
36101,33186,32950,32528,35044,33160,37746,27288,35336,32148,38072,33508,29650,32748,36540,65480,20882,52610,38736
35732,33078,32790,38401,34276,33160,37746,27288,35336,32148,38072,33508,29650,32748,36540,65480,20882,52610,38736
34289,34006,32583,35506,31380,32984,37512,29729,35112,32942,37656,32797,30056,32752,24700,47076,21676,53276,35168
32184,33898,32471,32389,34589,32984,37512,29729,35112,32942,37656,32797,30056,32752,24700,47076,21676,53276,35168
31820,33262,32790,33948,33299,32984,37512,29729,35112,32942,37656,32797,30056,32752,24700,47076,21676,53276,35168
30959,33552,32959,35036,30477,32984,37512,29729,35112,32942,37656,32797,30056,32752,24700,47076,21676,53276,35168
30272,32898,32798,31967,33432,32984,37512,29729,35112,32942,37656,32797,30056,32752,24700,47076,21676,53276,35168
29885,31331,32577,29640,29546,32984,37512,29729,35112,32942,37656,32797,30056,32752,24700,47076,21676,53276,35168
30244,31760,32529,38291,31881,32984,37512,29729,35112,32942,37656,32797,30056,32752,24700,47076,21676,53276,35168
30922,32436,32774,36334,28422,32984,37512,29729,35112,32942,37656,32797,30056,32752,24700,47076,21676,53276,35168
32568,33126,33116,33168,31108,32984,37512,29729,35112,32942,37656,32797,30056,32752,24700,47076,21676,53276,35168
32738,33006,32974,29398,28195,32984,37512,29729,35112,32942,37656,32797,30056,32752,24700,47076,21676,53276,35168
32700,33007,32656,29046,33939,33876,37682,31424,35192,33041,37509,32789,30464,32748,10776,25952,22412,51945,32830
31816,32454,32713,30472,31268,33876,37682,31424,35192,33041,37509,32789,30464,32748,10776,25952,22412,51945,32830
30359,31924,33255,33496,30090,33876,37682,31424,35192,33041,37509,32789,30464,32748,10776,25952,22412,51945,32830
30580,33033,32988,34780,32513,33876,37682,31424,35192,33041,37509,32789,30464,32748,10776,25952,22412,51945,32830
31807,32620,32895,35088,30925,33876,37682,31424,35192,33041,37509,32789,30464,32748,10776,25952,22412,51945,32830
32999,33285,32873,32652,33426,33876,37682,31424,35192,33041,37509,32789,30464,32748,10776,25952,22412,51945,32830
33274,33506,32605,33226,34185,33876,37682,31424,35192,33041,37509,32789,30464,32748,10776,25952,22412,51945,32830
32928,33260,32662,35319,32622,33876,37682,31424,35192,33041,37509,32789,30464,32748,10776,25952,22412,51945,32830
32472,34256,32605,33419,34800,33876,37682,31424,35192,33041,37509,32789,30464,32748,10776,25952,22412,51945,32830
32700,34088,32452,26554,35720,33876,37682,31424,35192,33041,37509,32789,30464,32748,10776,25952,22412,51945,32830
32892,33738,32544,22825,33132,34372,38976,31674,35280,33220,37588,33317,30852,32750,19337,42520,22244,49260,31532
31284,33034,32662,28768,32849,34372,38976,31674,35280,33220,37588,33317,30852,32750,19337,42520,22244,49260,31532
30012,30657,32848,38434,35178,34372,38976,31674,35280,33220,37588,33317,30852,32750,19337,42520,22244,49260,31532
30032,29768,32841,37514,32304,34372,38976,31674,35280,33220,37588,33317,30852,32750,19337,42520,22244,49260,31532
30760,32524,32997,34049,31967,34372,38976,31674,35280,33220,37588,33317,30852,32750,19337,42520,22244,49260,31532
32454,33864,33034,34141,35256,34372,38976,31674,35280,33220,37588,33317,30852,32750,19337,42520,22244,49260,31532
35466,33736,33500,34134,34281,34372,38976,31674,35280,33220,37588,33317,30852,32750,19337,42520,22244,49260,31532
38524,32235,33077,34095,34680,34372,38976,31674,35280,33220,37588,33317,30852,32750,19337,42520,22244,49260,31532
39322,32041,32737,33805,35649,34372,38976,31674,35280,33220,37588,33317,30852,32750,19337,42520,22244,49260,31532
37513,32880,32654,32788,35828,34372,38976,31674,35280,33220,37588,33317,30852,32750,19337,42520,22244,49260,31532
35716,33956,32383,31058,35358,35068,39672,31168,35336,34904,37040,32077,31076,32756,30954,64964,19944,55095,46480
34284,33533,32380,30784,33391,35068,39672,31168,35336,34904,37040,32077,31076,32756,30954,64964,19944,55095,46480
32912,33861,32390,33004,32677,35068,39672,31168,35336,34904,37040,32077,31076,32756,30954,64964,19944,55095,46480
31502,33518,32248,31948,33580,35068,39672,31168,35336,34904,37040,32077,31076,32756,30954,64964,19944,55095,46480
30934,33040,32246,31436,31334,35068,39672,31168,35336,34904,37040,32077,31076,32756,30954,64964,19944,55095,46480
31429,33151,32328,30740,32852,35068,39672,31168,35336,34904,37040,32077,31076,32756,30954,64964,19944,55095,46480
31768,32511,32484,33989,31403,35068,39672,31168,35336,34904,37040,32077,31076,32756,30954,64964,19944,55095,46480
32174,32307,32603,32670,31272,35068,39672,31168,35336,34904,37040,32077,31076,32756,30954,64964,19944,55095,46480
32206,32109,32724,32106,30660,35068,39672,31168,35336,34904,37040,32077,31076,32756,30954,64964,19944,55095,46480
31476,33269,32870,35096,29936,35068,39672,31168,35336,34904,37040,32077,31076,32756,30954,64964,19944,55095,46480
30552,34516,32829,36562,32132,36168,39544,31346,34980,36376,37405,31724,31292,32756,28680,55052,22058,48530,55216
30772,34674,32862,34075,29564,36168,39544,31346,34980,36376,37405,31724,31292,32756,28680,55052,22058,48530,55216
30991,34966,32941,32760,34164,36168,39544,31346,34980,36376,37405,31724,31292,32756,28680,55052,22058,48530,55216
32132,35088,32862,31125,31726,36168,39544,31346,34980,36376,37405,31724,31292,32756,28680,55052,22058,48530,55216
33628,35212,32794,31636,31956,36168,39544,31346,34980,36376,37405,31724,31292,32756,28680,55052,22058,48530,55216
34202,33296,32828,32796,34402,36168,39544,31346,34980,36376,37405,31724,31292,32756,28680,55052,22058,48530,55216
34090,31246,32828,33530,32042,36168,39544,31346,34980,36376,37405,31724,31292,32756,28680,55052,22058,48530,55216
33993,29170,32868,33343,33167,36168,39544,31346,34980,36376,37405,31724,31292,32756,28680,55052,22058,48530,55216
34384,28179,32994,32969,31967,36168,39544,31346,34980,36376,37405,31724,31292,32756,28680,55052,22058,48530,55216
34228,29437,32843,32539,30787,36168,39544,31346,34980,36376,37405,31724,31292,32756,28680,55052,22058,48530,55216
33396,31760,32684,32808,31894,37432,39332,31325,35052,36320,37570,31730,31320,32746,20853,34501,23013,46456,56976
33045,33014,32676,32415,30575,37432,39332,31325,35052,36320,37570,31730,31320,32746,20853,34501,23013,46456,56976
32573,32740,32702,32404,32948,37432,39332,31325,35052,36320,37570,31730,31320,32746,20853,34501,23013,46456,56976
31653,32976,32674,32484,30761,37432,39332,31325,35052,36320,37570,31730,31320,32746,20853,34501,23013,46456,56976
30382,33120,32541,32329,33384,37432,39332,31325,35052,36320,37570,31730,31320,32746,20853,34501,23013,46456,56976
29608,33216,32466,31642,34264,37432,39332,31325,35052,36320,37570,31730,31320,32746,20853,34501,23013,46456,56976
28264,32842,32637,32482,32130,37432,39332,31325,35052,36320,37570,31730,31320,32746,20853,34501,23013,46456,56976
27824,32204,32656,33486,33314,37432,39332,31325,35052,36320,37570,31730,31320,32746,20853,34501,23013,46456,56976
29616,32889,32781,33646,35748,37432,39332,31325,35052,36320,37570,31730,31320,32746,20853,34501,23013,46456,56976
34141,32769,32889,33255,33200,37432,39332,31325,35052,36320,37570,31730,31320,32746,20853,34501,23013,46456,56976
38820,31746,32832,34744,32884,38288,39292,30798,34820,34792,37532,31536,31392,32760,21433,31636,28816,47192,42576
39990,32259,32875,32142,35134,38288,39292,30798,34820,34792,37532,31536,31392,32760,21433,31636,28816,47192,42576
39488,33076,33036,31545,34036,38288,39292,30798,34820,34792,37532,31536,31392,32760,21433,31636,28816,47192,42576
40180,33914,32991,32010,32535,38288,39292,30798,34820,34792,37532,31536,31392,32760,21433,31636,28816,47192,42576
39526,33858,32783,33160,34789,38288,39292,30798,34820,34792,37532,31536,31392,32760,21433,31636,28816,47192,42576
36420,33672,32868,33295,33775,38288,39292,30798,34820,34792,37532,31536,31392,32760,21433,31636,28816,47192,42576
34436,33276,33008,32696,32229,38288,39292,30798,34820,34792,37532,31536,31392,32760,21433,31636,28816,47192,42576
32476,33055,32784,32896,34169,38288,39292,30798,34820,34792,37532,31536,31392,32760,21433,31636,28816,47192,42576
29632,32211,32778,32203,34084,38288,39292,30798,34820,34792,37532,31536,31392,32760,21433,31636,28816,47192,42576
27170,32116,32676,32567,31881,38288,39292,30798,34820,34792,37532,31536,31392,32760,21433,31636,28816,47192,42576
25557,32088,32711,32676,34042,38424,39168,29672,34976,32792,37186,31824,31404,32752,26068,33397,32159,42277,36988
25532,32023,32712,32736,32811,38424,39168,29672,34976,32792,37186,31824,31404,32752,26068,33397,32159,42277,36988
26828,32502,32771,32736,30703,38424,39168,29672,34976,32792,37186,31824,31404,32752,26068,33397,32159,42277,36988
28444,32798,32778,32699,33120,38424,39168,29672,34976,32792,37186,31824,31404,32752,26068,33397,32159,42277,36988
30238,32652,32658,32946,29741,38424,39168,29672,34976,32792,37186,31824,31404,32752,26068,33397,32159,42277,36988
31510,33117,32692,33122,33333,38424,39168,29672,34976,32792,37186,31824,31404,32752,26068,33397,32159,42277,36988
32612,32916,32489,33128,32012,38424,39168,29672,34976,32792,37186,31824,31404,32752,26068,33397,32159,42277,36988
34700,33344,32589,32696,32092,38424,39168,29672,34976,32792,37186,31824,31404,32752,26068,33397,32159,42277,36988
35688,33231,32748,32643,33895,38424,39168,29672,34976,32792,37186,31824,31404,32752,26068,33397,32159,42277,36988
34922,33311,32806,32964,30757,38424,39168,29672,34976,32792,37186,31824,31404,32752,26068,33397,32159,42277,36988
32925,32986,32799,33150,33162,37500,38181,28520,34854,32322,36716,33480,31216,32752,22897,29657,33199,35233,17275
31360,33011,32795,32698,31681,37500,38181,28520,34854,32322,36716,33480,31216,32752,22897,29657,33199,35233,17275
30790,32738,32844,32279,32100,37500,38181,28520,34854,32322,36716,33480,31216,32752,22897,29657,33199,35233,17275
30868,32750,32936,32573,33968,37500,38181,28520,34854,32322,36716,33480,31216,32752,22897,29657,33199,35233,17275
31788,33380,32807,33114,32324,37500,38181,28520,34854,32322,36716,33480,31216,32752,22897,29657,33199,35233,17275
32392,32844,32771,33833,32208,37500,38181,28520,34854,32322,36716,33480,31216,32752,22897,29657,33199,35233,17275
33158,32968,32868,32833,33774,37500,38181,28520,34854,32322,36716,33480,31216,32752,22897,29657,33199,35233,17275
34318,33171,32965,32153,32327,37500,38181,28520,34854,32322,36716,33480,31216,32752,22897,29657,33199,35233,17275
35561,33582,33002,32689,32808,37500,38181,28520,34854,32322,36716,33480,31216,32752,22897,29657,33199,35233,17275
36004,33424,33010,33175,34068,37500,38181,28520,34854,32322,36716,33480,31216,32752,22897,29657,33199,35233,17275
36351,32956,32985,33925,31926,34848,35988,30821,34656,30061,37890,34002,31200,32757,18770,23693,32936,45784,5806
37943,32533,33008,32848,33253,34848,35988,30821,34656,30061,37890,34002,31200,32757,18770,23693,32936,45784,5806
38976,33006,33096,31994,32518,34848,35988,30821,34656,30061,37890,34002,31200,32757,18770,23693,32936,45784,5806
37165,33500,33250,33015,31830,34848,35988,30821,34656,30061,37890,34002,31200,32757,18770,23693,32936,45784,5806
34529,33994,33093,33308,34496,34848,35988,30821,34656,30061,37890,34002,31200,32757,18770,23693,32936,45784,5806
33060,33399,32902,32440,33467,34848,35988,30821,34656,30061,37890,34002,31200,32757,18770,23693,32936,45784,5806
32140,33468,32748,31483,32720,34848,35988,30821,34656,30061,37890,34002,31200,32757,18770,23693,32936,45784,5806
31612,32919,32714,32212,34524,34848,35988,30821,34656,30061,37890,34002,31200,32757,18770,23693,32936,45784,5806
31685,33140,32686,32309,42080,34848,35988,30821,34656,30061,37890,34002,31200,32757,18770,23693,32936,45784,5806
31422,32822,32760,32847,20145,34848,35988,30821,34656,30061,37890,34002,31200,32757,18770,23693,32936,45784,5806
30726,32727,32836,33448,37209,32728,35154,32794,34276,31880,38480,33488,31132,32760,14245,100,32748,42269,13038
29592,32459,32792,33124,30136,32728,35154,32794,34276,31880,38480,33488,31132,32760,14245,100,32748,42269,13038
28880,32282,32543,33454,34829,32728,35154,32794,34276,31880,38480,33488,31132,32760,14245,100,32748,42269,13038
29100,32031,32260,32473,38876,32728,35154,32794,34276,31880,38480,33488,31132,32760,14245,100,32748,42269,13038
29782,32388,32296,31879,31833,32728,35154,32794,34276,31880,38480,33488,31132,32760,14245,100,32748,42269,13038
30680,32772,32428,31466,28109,32728,35154,32794,34276,31880,38480,33488,31132,32760,14245,100,32748,42269,13038
31418,33297,32667,32140,38253,32728,35154,32794,34276,31880,38480,33488,31132,32760,14245,100,32748,42269,13038
31634,33720,32728,34071,30128,32728,35154,32794,34276,31880,38480,33488,31132,32760,14245,100,32748,42269,13038
31827,33716,32784,35982,33164,32728,35154,32794,34276,31880,38480,33488,31132,32760,14245,100,32748,42269,13038
32216,32647,32900,36009,36816,32728,35154,32794,34276,31880,38480,33488,31132,32760,14245,100,32748,42269,13038
33028,32028,32911,33906,31467,31982,35416,35210,34196,34752,37701,34888,31052,32757,22816,99,26990,40716,26821
33559,33124,32962,30980,32387,31982,35416,35210,34196,34752,37701,34888,31052,32757,22816,99,26990,40716,26821
34018,32496,32882,29797,32587,31982,35416,35210,34196,34752,37701,34888,31052,32757,22816,99,26990,40716,26821
34790,32507,32832,30764,29246,31982,35416,35210,34196,34752,37701,34888,31052,32757,22816,99,26990,40716,26821
35125,34020,32854,31646,33213,31982,35416,35210,34196,34752,37701,34888,31052,32757,22816,99,26990,40716,26821
35092,34042,32888,33613,33994,31982,35416,35210,34196,34752,37701,34888,31052,32757,22816,99,26990,40716,26821
35104,33999,32807,33005,30707,31982,35416,35210,34196,34752,37701,34888,31052,32757,22816,99,26990,40716,26821
34452,33704,32672,32024,31684,31982,35416,35210,34196,34752,37701,34888,31052,32757,22816,99,26990,40716,26821
33184,33543,32687,32440,32571,31982,35416,35210,34196,34752,37701,34888,31052,32757,22816,99,26990,40716,26821
32284,32929,32732,31808,30215,31982,35416,35210,34196,34752,37701,34888,31052,32757,22816,99,26990,40716,26821
31980,33375,32711,32624,30488,35492,37312,42508,33848,34360,38996,32498,30937,32752,28048,9676,26976,37962,30737
31869,33111,32775,33502,30715,35492,37312,42508,33848,34360,38996,32498,30937,32752,28048,9676,26976,37962,30737
32232,33414,32829,33855,32775,35492,37312,42508,33848,34360,38996,32498,30937,32752,28048,9676,26976,37962,30737
32363,32931,32861,33734,31259,35492,37312,42508,33848,34360,38996,32498,30937,32752,28048,9676,26976,37962,30737
32368,33271,32875,33488,30979,35492,37312,42508,33848,34360,38996,32498,30937,32752,28048,9676,26976,37962,30737
32348,32883,32916,33070,32385,35492,37312,42508,33848,34360,38996,32498,30937,32752,28048,9676,26976,37962,30737
32246,33079,32911,32891,33028,35492,37312,42508,33848,34360,38996,32498,30937,32752,28048,9676,26976,37962,30737
32191,32557,32971,32986,32351,35492,37312,42508,33848,34360,38996,32498,30937,32752,28048,9676,26976,37962,30737
31726,32716,33018,33232,33406,35492,37312,42508,33848,34360,38996,32498,30937,32752,28048,9676,26976,37962,30737
31900,32471,33013,33138,34082,35492,37312,42508,33848,34360,38996,32498,30937,32752,28048,9676,26976,37962,30737
32002,32666,33016,32861,31940,37596,37976,43960,33812,32044,39658,31152,30986,32753,26836,21936,26661,36421,32952
32253,32310,33101,32992,35047,37596,37976,43960,33812,32044,39658,31152,30986,32753,26836,21936,26661,36421,32952
32296,32444,33035,32843,33938,37596,37976,43960,33812,32044,39658,31152,30986,32753,26836,21936,26661,36421,32952
31862,32290,32925,32607,32599,37596,37976,43960,33812,32044,39658,31152,30986,32753,26836,21936,26661,36421,32952
32746,32567,32949,32791,34984,37596,37976,43960,33812,32044,39658,31152,30986,32753,26836,21936,26661,36421,32952
33464,32486,32868,32799,35747,37596,37976,43960,33812,32044,39658,31152,30986,32753,26836,21936,26661,36421,32952
34232,32590,32863,32579,31554,37596,37976,43960,33812,32044,39658,31152,30986,32753,26836,21936,26661,36421,32952
34860,32504,32786,32850,34039,37596,37976,43960,33812,32044,39658,31152,30986,32753,26836,21936,26661,36421,32952
35794,32598,32772,32709,33810,37596,37976,43960,33812,32044,39658,31152,30986,32753,26836,21936,26661,36421,32952
35914,32412,32750,32647,33323,37596,37976,43960,33812,32044,39658,31152,30986,32753,26836,21936,26661,36421,32952
34242,32714,32672,32795,31060,37560,40066,34285,34092,33832,41552,31241,30712,32753,24696,35541,27068,37732,22706
32260,32600,32611,32809,30078,37560,40066,34285,34092,33832,41552,31241,30712,32753,24696,35541,27068,37732,22706
30280,32663,32522,32669,32374,37560,40066,34285,34092,33832,41552,31241,30712,32753,24696,35541,27068,37732,22706
29645,32464,32558,32873,31160,37560,40066,34285,34092,33832,41552,31241,30712,32753,24696,35541,27068,37732,22706
30222,32716,32661,32992,33597,37560,40066,34285,34092,33832,41552,31241,30712,32753,24696,35541,27068,37732,22706
31653,32775,32713,32708,30904,37560,40066,34285,34092,33832,41552,31241,30712,32753,24696,35541,27068,37732,22706
33704,33364,32716,32715,33180,37560,40066,34285,34092,33832,41552,31241,30712,32753,24696,35541,27068,37732,22706
36235,33031,32942,32746,34668,37560,40066,34285,34092,33832,41552,31241,30712,32753,24696,35541,27068,37732,22706
37582,33000,32914,32549,31058,37560,40066,34285,34092,33832,41552,31241,30712,32753,24696,35541,27068,37732,22706
36354,33250,32890,32730,33408,37560,40066,34285,34092,33832,41552,31241,30712,32753,24696,35541,27068,37732,22706
35076,33510,32861,32888,31377,36348,41481,27308,34177,35176,39456,30952,30648,32752,28310,48816,28352,34692,17254
33412,33199,32822,32711,31636,36348,41481,27308,34177,35176,39456,30952,30648,32752,28310,48816,28352,34692,17254
31756,33404,32784,32645,33840,36348,41481,27308,34177,35176,39456,30952,30648,32752,28310,48816,28352,34692,17254
30521,32805,32740,32873,30985,36348,41481,27308,34177,35176,39456,30952,30648,32752,28310,48816,28352,34692,17254
30148,32982,32719,32856,32169,36348,41481,27308,34177,35176,39456,30952,30648,32752,28310,48816,28352,34692,17254
30820,32933,32610,32687,32569,36348,41481,27308,34177,35176,39456,30952,30648,32752,28310,48816,28352,34692,17254
31537,33123,32728,32687,33266,36348,41481,27308,34177,35176,39456,30952,30648,32752,28310,48816,28352,34692,17254
32325,33053,32663,32895,32934,36348,41481,27308,34177,35176,39456,30952,30648,32752,28310,48816,28352,34692,17254
32676,33471,32829,32646,33937,36348,41481,27308,34177,35176,39456,30952,30648,32752,28310,48816,28352,34692,17254
32518,33036,32775,32823,32998,36348,41481,27308,34177,35176,39456,30952,30648,32752,28310,48816,28352,34692,17254
32249,33301,32751,32895,33663,33568,39724,30092,34120,32464,39160,32696,30446,32750,32052,47776,29118,28037,4855
32589,32955,32887,32742,33406,33568,39724,30092,34120,32464,39160,32696,30446,32750,32052,47776,29118,28037,4855
32148,33226,33057,32606,33027,33568,39724,30092,34120,32464,39160,32696,30446,32750,32052,47776,29118,28037,4855
30988,32641,33025,32821,33970,33568,39724,30092,34120,32464,39160,32696,30446,32750,32052,47776,29118,28037,4855
30726,32615,32806,32692,34095,33568,39724,30092,34120,32464,39160,32696,30446,32750,32052,47776,29118,28037,4855
31029,32598,32708,32595,34439,33568,39724,30092,34120,32464,39160,32696,30446,32750,32052,47776,29118,28037,4855
31790,32739,32669,32676,34801,33568,39724,30092,34120,32464,39160,32696,30446,32750,32052,47776,29118,28037,4855
32306,32939,32755,32818,33511,33568,39724,30092,34120,32464,39160,32696,30446,32750,32052,47776,29118,28037,4855
32288,32679,32674,32922,31133,33568,39724,30092,34120,32464,39160,32696,30446,32750,32052,47776,29118,28037,4855
32135,32940,32768,32884,32026,33568,39724,30092,34120,32464,39160,32696,30446,32750,32052,47776,29118,28037,4855
32128,32696,32741,32802,31934,31617,38844,36100,34080,31500,39976,33750,30286,32760,35488,45848,29588,25414,37172
32122,33060,32833,32803,30692,31617,38844,36100,34080,31500,39976,33750,30286,32760,35488,45848,29588,25414,37172
32732,32955,33102,32965,33894,31617,38844,36100,34080,31500,39976,33750,30286,32760,35488,45848,29588,25414,37172
33192,33044,32974,32829,31157,31617,38844,36100,34080,31500,39976,33750,30286,32760,35488,45848,29588,25414,37172
32857,33720,32750,32710,32749,31617,38844,36100,34080,31500,39976,33750,30286,32760,35488,45848,29588,25414,37172
32684,33448,32769,32867,32968,31617,38844,36100,34080,31500,39976,33750,30286,32760,35488,45848,29588,25414,37172
32932,34004,32838,32915,31217,31617,38844,36100,34080,31500,39976,33750,30286,32760,35488,45848,29588,25414,37172
33094,33734,32864,32774,33644,31617,38844,36100,34080,31500,39976,33750,30286,32760,35488,45848,29588,25414,37172
32168,33373,32865,32774,31542,31617,38844,36100,34080,31500,39976,33750,30286,32760,35488,45848,29588,25414,37172
31936,32407,32902,33008,32546,31617,38844,36100,34080,31500,39976,33750,30286,32760,35488,45848,29588,25414,37172
32830,33146,32978,32977,31499,30962,38512,38912,34092,30848,38996,33784,30140,32761,38389,40461,31460,31664,50694
33837,32363,33052,32810,31848,30962,38512,38912,34092,30848,38996,33784,30140,32761,38389,40461,31460,31664,50694
33792,31857,33140,32905,33732,30962,38512,38912,34092,30848,38996,33784,30140,32761,38389,40461,31460,31664,50694
33725,31912,33207,32992,31926,30962,38512,38912,34092,30848,38996,33784,30140,32761,38389,40461,31460,31664,50694
33614,32217,33179,32768,32292,30962,38512,38912,34092,30848,38996,33784,30140,32761,38389,40461,31460,31664,50694
34140,32688,32926,32990,33992,30962,38512,38912,34092,30848,38996,33784,30140,32761,38389,40461,31460,31664,50694
33775,33094,32736,33039,31055,30962,38512,38912,34092,30848,38996,33784,30140,32761,38389,40461,31460,31664,50694
32578,32594,32843,33072,33676,30962,38512,38912,34092,30848,38996,33784,30140,32761,38389,40461,31460,31664,50694
32932,32864,32844,33269,34006,30962,38512,38912,34092,30848,38996,33784,30140,32761,38389,40461,31460,31664,50694
34436,32740,32955,33331,33117,30962,38512,38912,34092,30848,38996,33784,30140,32761,38389,40461,31460,31664,50694
34192,33166,32946,32434,34511,30848,38188,36920,34106,29707,37526,35380,30100,32752,38100,33280,33288,28372,47321
32960,33332,32963,32178,33264,30848,38188,36920,34106,29707,37526,35380,30100,32752,38100,33280,33288,28372,47321
32940,33534,33061,32298,31980,30848,38188,36920,34106,29707,37526,35380,30100,32752,38100,33280,33288,28372,47321
33142,33531,33060,32970,33954,30848,38188,36920,34106,29707,37526,35380,30100,32752,38100,33280,33288,28372,47321
32676,33203,33016,33778,32049,30848,38188,36920,34106,29707,37526,35380,30100,32752,38100,33280,33288,28372,47321
32336,33241,33031,33333,33737,30848,38188,36920,34106,29707,37526,35380,30100,32752,38100,33280,33288,28372,47321
32000,33544,33069,32311,32468,30848,38188,36920,34106,29707,37526,35380,30100,32752,38100,33280,33288,28372,47321
32681,33331,33001,32180,34394,30848,38188,36920,34106,29707,37526,35380,30100,32752,38100,33280,33288,28372,47321
33495,33216,32850,31908,34580,30848,38188,36920,34106,29707,37526,35380,30100,32752,38100,33280,33288,28372,47321
34042,33671,32877,32250,32977,30848,38188,36920,34106,29707,37526,35380,30100,32752,38100,33280,33288,28372,47321
34190,33765,32886,32207,32188,30728,37048,35832,34065,29936,37332,34988,29992,32757,33680,26156,30876,25501,37120
33908,33330,32805,33728,31775,30728,37048,35832,34065,29936,37332,34988,29992,32757,33680,26156,30876,25501,37120
33474,33449,32775,33604,32089,30728,37048,35832,34065,29936,37332,34988,29992,32757,33680,26156,30876,25501,37120
33016,33046,32755,31922,32651,30728,37048,35832,34065,29936,37332,34988,29992,32757,33680,26156,30876,25501,37120
33126,33355,32709,32105,32927,30728,37048,35832,34065,29936,37332,34988,29992,32757,33680,26156,30876,25501,37120
33160,32661,32612,32578,33147,30728,37048,35832,34065,29936,37332,34988,29992,32757,33680,26156,30876,25501,37120
32960,32925,32599,33496,32673,30728,37048,35832,34065,29936,37332,34988,29992,32757,33680,26156,30876,25501,37120
32394,32833,32586,33010,31724,30728,37048,35832,34065,29936,37332,34988,29992,32757,33680,26156,30876,25501,37120
31694,33349,32775,33212,31984,30728,37048,35832,34065,29936,37332,34988,29992,32757,33680,26156,30876,25501,37120
31010,32539,32887,33647,31811,30728,37048,35832,34065,29936,37332,34988,29992,32757,33680,26156,30876,25501,37120
31656,32657,32866,33383,32023,31688,37928,36480,34032,32240,40032,33944,29868,32760,32780,23035,30136,26252,38924
31608,32232,32811,33702,33160,31688,37928,36480,34032,32240,40032,33944,29868,32760,32780,23035,30136,26252,38924
31213,32647,32644,33357,34079,31688,37928,36480,34032,32240,40032,33944,29868,32760,32780,23035,30136,26252,38924
31148,32661,32580,32581,32650,31688,37928,36480,34032,32240,40032,33944,29868,32760,32780,23035,30136,26252,38924
31554,32784,32617,33049,32714,31688,37928,36480,34032,32240,40032,33944,29868,32760,32780,23035,30136,26252,38924
33020,33198,32800,33277,33316,31688,37928,36480,34032,32240,40032,33944,29868,32760,32780,23035,30136,26252,38924
33808,33103,33049,33719,33240,31688,37928,36480,34032,32240,40032,33944,29868,32760,32780,23035,30136,26252,38924
34093,33383,32911,32287,31177,31688,37928,36480,34032,32240,40032,33944,29868,32760,32780,23035,30136,26252,38924
33660,33270,32740,31492,33642,31688,37928,36480,34032,32240,40032,33944,29868,32760,32780,23035,30136,26252,38924
33128,33321,32733,32073,32982,31688,37928,36480,34032,32240,40032,33944,29868,32760,32780,23035,30136,26252,38924
32786,33146,32645,32190,32068,34784,45152,34344,34196,35064,44596,32429,29844,32756,34140,28379,30504,27704,38220
32371,33125,32676,32049,34461,34784,45152,34344,34196,35064,44596,32429,29844,32756,34140,28379,30504,27704,38220
31888,33075,32748,32420,32368,34784,45152,34344,34196,35064,44596,32429,29844,32756,34140,28379,30504,27704,38220
30696,32618,32948,32958,33026,34784,45152,34344,34196,35064,44596,32429,29844,32756,34140,28379,30504,27704,38220
29981,32340,32728,32792,34692,34784,45152,34344,34196,35064,44596,32429,29844,32756,34140,28379,30504,27704,38220
30169,32359,32530,33093,32814,34784,45152,34344,34196,35064,44596,32429,29844,32756,34140,28379,30504,27704,38220
30672,32737,32488,32985,33148,34784,45152,34344,34196,35064,44596,32429,29844,32756,34140,28379,30504,27704,38220
31856,33158,32548,32124,34116,34784,45152,34344,34196,35064,44596,32429,29844,32756,34140,28379,30504,27704,38220
33309,33426,32593,31959,31444,34784,45152,34344,34196,35064,44596,32429,29844,32756,34140,28379,30504,27704,38220
35847,32855,32671,32288,33703,34784,45152,34344,34196,35064,44596,32429,29844,32756,34140,28379,30504,27704,38220
37320,32902,32660,33222,33091,35924,49840,32168,34436,32906,45496,34688,29672,32753,34829,28244,29302,25588,41984
36880,32770,32672,33527,32400,35924,49840,32168,34436,32906,45496,34688,29672,32753,34829,28244,29302,25588,41984
35776,33068,32720,33346,34109,35924,49840,32168,34436,32906,45496,34688,29672,32753,34829,28244,29302,25588,41984
35106,33369,32727,32000,33233,35924,49840,32168,34436,32906,45496,34688,29672,32753,34829,28244,29302,25588,41984
33912,33142,32693,31763,32037,35924,49840,32168,34436,32906,45496,34688,29672,32753,34829,28244,29302,25588,41984
32832,32935,32672,32741,33887,35924,49840,32168,34436,32906,45496,34688,29672,32753,34829,28244,29302,25588,41984
32112,32912,32845,33269,32418,35924,49840,32168,34436,32906,45496,34688,29672,32753,34829,28244,29302,25588,41984
31908,32689,32807,33447,32332,35924,49840,32168,34436,32906,45496,34688,29672,32753,34829,28244,29302,25588,41984
31845,32728,32782,33309,33767,35924,49840,32168,34436,32906,45496,34688,29672,32753,34829,28244,29302,25588,41984
32088,32753,32880,32996,31137,35924,49840,32168,34436,32906,45496,34688,29672,32753,34829,28244,29302,25588,41984
32144,33266,32825,32560,33503,33728,39716,32749,34364,32552,39524,36342,29436,32752,34084,28491,32128,26777,38860
31914,32965,32763,32430,32984,33728,39716,32749,34364,32552,39524,36342,29436,32752,34084,28491,32128,26777,38860
31830,33369,32732,32196,31223,33728,39716,32749,34364,32552,39524,36342,29436,32752,34084,28491,32128,26777,38860
31944,32902,32684,32554,33948,33728,39716,32749,34364,32552,39524,36342,29436,32752,34084,28491,32128,26777,38860
32114,33163,32800,32992,31735,33728,39716,32749,34364,32552,39524,36342,29436,32752,34084,28491,32128,26777,38860
32256,32596,32899,32932,32686,33728,39716,32749,34364,32552,39524,36342,29436,32752,34084,28491,32128,26777,38860
32400,32988,32871,32911,33216,33728,39716,32749,34364,32552,39524,36342,29436,32752,34084,28491,32128,26777,38860
32391,32944,32864,33097,31934,33728,39716,32749,34364,32552,39524,36342,29436,32752,34084,28491,32128,26777,38860
32328,33035,32884,32999,34273,33728,39716,32749,34364,32552,39524,36342,29436,32752,34084,28491,32128,26777,38860
32466,32802,32815,32738,34806,33728,39716,32749,34364,32552,39524,36342,29436,32752,34084,28491,32128,26777,38860
32622,33026,32905,32743,31605,34122,35656,36280,33992,31341,37392,35078,29371,32752,33625,28813,29924,26960,36572
32816,33144,32909,32828,33791,34122,35656,36280,33992,31341,37392,35078,29371,32752,33625,28813,29924,26960,36572
32868,33129,32923,32884,32997,34122,35656,36280,33992,31341,37392,35078,29371,32752,33625,28813,29924,26960,36572
32772,32934,32895,33109,31513,34122,35656,36280,33992,31341,37392,35078,29371,32752,33625,28813,29924,26960,36572
32652,33159,32844,33071,33562,34122,35656,36280,33992,31341,37392,35078,29371,32752,33625,28813,29924,26960,36572
32676,33026,32883,32638,31007,34122,35656,36280,33992,31341,37392,35078,29371,32752,33625,28813,29924,26960,36572
32629,33338,32876,32651,33306,34122,35656,36280,33992,31341,37392,35078,29371,32752,33625,28813,29924,26960,36572
32701,32888,32800,32991,34957,34122,35656,36280,33992,31341,37392,35078,29371,32752,33625,28813,29924,26960,36572
32723,33150,32910,33022,31934,34122,35656,36280,33992,31341,37392,35078,29371,32752,33625,28813,29924,26960,36572
32730,33007,32900,32929,33502,34122,35656,36280,33992,31341,37392,35078,29371,32752,33625,28813,29924,26960,36572
32775,32926,32848,32408,34591,34544,33752,39410,33948,30724,35960,35792,29278,32748,34132,31782,28872,27400,29136
32740,32922,32818,32617,31375,34544,33752,39410,33948,30724,35960,35792,29278,32748,34132,31782,28872,27400,29136
32809,32816,32809,32840,33541,34544,33752,39410,33948,30724,35960,35792,29278,32748,34132,31782,28872,27400,29136
32861,33069,32733,32888,32217,34544,33752,39410,33948,30724,35960,35792,29278,32748,34132,31782,28872,27400,29136
32773,32946,32815,32914,31218,34544,33752,39410,33948,30724,35960,35792,29278,32748,34132,31782,28872,27400,29136
32898,33356,32818,32909,33369,34544,33752,39410,33948,30724,35960,35792,29278,32748,34132,31782,28872,27400,29136
32855,33045,32790,32866,31013,34544,33752,39410,33948,30724,35960,35792,29278,32748,34132,31782,28872,27400,29136
32892,33277,32715,32680,33060,34544,33752,39410,33948,30724,35960,35792,29278,32748,34132,31782,28872,27400,29136
32818,32978,32687,32935,32902,34544,33752,39410,33948,30724,35960,35792,29278,32748,34132,31782,28872,27400,29136
32848,32984,32730,32833,32244,34544,33752,39410,33948,30724,35960,35792,29278,32748,34132,31782,28872,27400,29136
32740,33180,32631,32832,34203,34480,34364,38552,33984,30761,35461,36264,29277,32753,34912,32289,29521,29351,27907
32684,32835,32614,32813,32386,34480,34364,38552,33984,30761,35461,36264,29277,32753,34912,32289,29521,29351,27907
32724,33166,32594,32647,29914,34480,34364,38552,33984,30761,35461,36264,29277,32753,34912,32289,29521,29351,27907
32732,32807,32590,32724,33575,34480,34364,38552,33984,30761,35461,36264,29277,32753,34912,32289,29521,29351,27907
32765,33171,32660,32972,31372,34480,34364,38552,33984,30761,35461,36264,29277,32753,34912,32289,29521,29351,27907
32736,32852,32578,32904,32554,34480,34364,38552,33984,30761,35461,36264,29277,32753,34912,32289,29521,29351,27907
32748,33100,32498,32693,32686,34480,34364,38552,33984,30761,35461,36264,29277,32753,34912,32289,29521,29351,27907
32752,32779,32557,32811,31809,34480,34364,38552,33984,30761,35461,36264,29277,32753,34912,32289,29521,29351,27907
32458,33129,32684,32798,34082,34480,34364,38552,33984,30761,35461,36264,29277,32753,34912,32289,29521,29351,27907
32182,32735,32729,32762,32922,34480,34364,38552,33984,30761,35461,36264,29277,32753,34912,32289,29521,29351,27907
32166,32977,32755,33074,31876,33426,35536,36772,34048,31771,35272,38216,29124,32752,34606,31216,29812,27138,27914
32192,32810,32832,32916,34632,33426,35536,36772,34048,31771,35272,38216,29124,32752,34606,31216,29812,27138,27914
32429,32907,32662,32916,32963,33426,35536,36772,34048,31771,35272,38216,29124,32752,34606,31216,29812,27138,27914
32700,33198,32620,32878,33607,33426,35536,36772,34048,31771,35272,38216,29124,32752,34606,31216,29812,27138,27914
33193,32938,32873,32461,32770,33426,35536,36772,34048,31771,35272,38216,29124,32752,34606,31216,29812,27138,27914
33461,33274,32935,32669,31907,33426,35536,36772,34048,31771,35272,38216,29124,32752,34606,31216,29812,27138,27914
33560,33008,32909,32774,33484,33426,35536,36772,34048,31771,35272,38216,29124,32752,34606,31216,29812,27138,27914
33378,33101,32966,32775,32205,33426,35536,36772,34048,31771,35272,38216,29124,32752,34606,31216,29812,27138,27914
33252,33252,33010,33096,30963,33426,35536,36772,34048,31771,35272,38216,29124,32752,34606,31216,29812,27138,27914
33095,32965,32804,32942,33460,33426,35536,36772,34048,31771,35272,38216,29124,32752,34606,31216,29812,27138,27914
32924,33215,32804,32594,31804,33060,35780,36680,34004,32930,36080,39618,29036,32753,34340,29940,32820,29136,29198
32664,32941,32748,32792,33490,33060,35780,36680,34004,32930,36080,39618,29036,32753,34340,29940,32820,29136,29198
32725,33456,32761,32908,33712,33060,35780,36680,34004,32930,36080,39618,29036,32753,34340,29940,32820,29136,29198
32813,33221,32700,32201,31759,33060,35780,36680,34004,32930,36080,39618,29036,32753,34340,29940,32820,29136,29198
32720,33410,32740,32296,33606,33060,35780,36680,34004,32930,36080,39618,29036,32753,34340,29940,32820,29136,29198
32656,32824,32775,32706,32438,33060,35780,36680,34004,32930,36080,39618,29036,32753,34340,29940,32820,29136,29198
32676,32963,32760,33122,31704,33060,35780,36680,34004,32930,36080,39618,29036,32753,34340,29940,32820,29136,29198
32680,32572,32696,33407,34090,33060,35780,36680,34004,32930,36080,39618,29036,32753,34340,29940,32820,29136,29198
32640,32698,32786,33546,31716,33060,35780,36680,34004,32930,36080,39618,29036,32753,34340,29940,32820,29136,29198
32622,32877,32839,33704,32902,33060,35780,36680,34004,32930,36080,39618,29036,32753,34340,29940,32820,29136,29198
32652,33150,32898,33119,33475,33386,35980,37128,34127,32884,36520,38409,28978,32756,33988,31096,30948,28822,31000
32686,32829,32884,33491,31567,33386,35980,37128,34127,32884,36520,38409,28978,32756,33988,31096,30948,28822,31000
32704,32815,32918,32928,33643,33386,35980,37128,34127,32884,36520,38409,28978,32756,33988,31096,30948,28822,31000
32796,33214,32917,32116,32598,33386,35980,37128,34127,32884,36520,38409,28978,32756,33988,31096,30948,28822,31000
32792,33218,32911,31519,31720,33386,35980,37128,34127,32884,36520,38409,28978,32756,33988,31096,30948,28822,31000
32742,33646,32960,31919,34528,33386,35980,37128,34127,32884,36520,38409,28978,32756,33988,31096,30948,28822,31000
32704,33155,32934,31926,33037,33386,35980,37128,34127,32884,36520,38409,28978,32756,33988,31096,30948,28822,31000
32734,33391,32916,31972,32486,33386,35980,37128,34127,32884,36520,38409,28978,32756,33988,31096,30948,28822,31000
32754,33005,32900,33253,34368,33386,35980,37128,34127,32884,36520,38409,28978,32756,33988,31096,30948,28822,31000
32775,33210,32752,33609,32214,33386,35980,37128,34127,32884,36520,38409,28978,32756,33988,31096,30948,28822,31000
32775,32889,32669,33351,33222,33418,36872,36884,34170,33308,37432,35978,29068,32750,33984,31296,29126,28748,30044
32909,33260,32687,33332,33964,33418,36872,36884,34170,33308,37432,35978,29068,32750,33984,31296,29126,28748,30044
32846,33246,32707,32966,31614,33418,36872,36884,34170,33308,37432,35978,29068,32750,33984,31296,29126,28748,30044
32836,33335,32660,32723,32356,33418,36872,36884,34170,33308,37432,35978,29068,32750,33984,31296,29126,28748,30044
32812,33120,32759,32790,33408,33418,36872,36884,34170,33308,37432,35978,29068,32750,33984,31296,29126,28748,30044
32759,33325,32829,32278,31682,33418,36872,36884,34170,33308,37432,35978,29068,32750,33984,31296,29126,28748,30044
32724,32969,32857,31580,34228,33418,36872,36884,34170,33308,37432,35978,29068,32750,33984,31296,29126,28748,30044
32712,33440,32868,32527,33561,33418,36872,36884,34170,33308,37432,35978,29068,32750,33984,31296,29126,28748,30044
32794,33034,32842,32914,31910,33418,36872,36884,34170,33308,37432,35978,29068,32750,33984,31296,29126,28748,30044
32727,33266,32788,32562,34170,33418,36872,36884,34170,33308,37432,35978,29068,32750,33984,31296,29126,28748,30044
32746,32987,32775,34401,33049,33553,38716,36136,34156,32136,38628,35432,29136,32748,33268,31940,30148,29296,30842
32712,33402,32805,34377,31666,33553,38716,36136,34156,32136,38628,35432,29136,32748,33268,31940,30148,29296,30842
32751,33056,32657,33386,33654,33553,38716,36136,34156,32136,38628,35432,29136,32748,33268,31940,30148,29296,30842
32770,33164,32592,32727,31584,33553,38716,36136,34156,32136,38628,35432,29136,32748,33268,31940,30148,29296,30842
32718,33384,32739,31982,33456,33553,38716,36136,34156,32136,38628,35432,29136,32748,33268,31940,30148,29296,30842
32792,33156,33060,31059,32920,33553,38716,36136,34156,32136,38628,35432,29136,32748,33268,31940,30148,29296,30842
32846,33646,33142,31102,31482,33553,38716,36136,34156,32136,38628,35432,29136,32748,33268,31940,30148,29296,30842
32770,33440,32902,32260,34353,33553,38716,36136,34156,32136,38628,35432,29136,32748,33268,31940,30148,29296,30842
32760,33509,32858,32158,32487,33553,38716,36136,34156,32136,38628,35432,29136,32748,33268,31940,30148,29296,30842
32780,33087,32936,31446,32255,33553,38716,36136,34156,32136,38628,35432,29136,32748,33268,31940,30148,29296,30842
32768,33149,32664,33253,34179,33260,39640,35640,34368,31210,39072,35764,29206,32748,31564,33536,27880,29573,32084
32761,33007,32713,34476,31675,33260,39640,35640,34368,31210,39072,35764,29206,32748,31564,33536,27880,29573,32084
32768,33519,32841,33992,32910,33260,39640,35640,34368,31210,39072,35764,29206,32748,31564,33536,27880,29573,32084
32760,33008,32813,31908,32552,33260,39640,35640,34368,31210,39072,35764,29206,32748,31564,33536,27880,29573,32084
32786,33530,32721,31200,31145,33260,39640,35640,34368,31210,39072,35764,29206,32748,31564,33536,27880,29573,32084
32768,33308,32712,32603,33998,33260,39640,35640,34368,31210,39072,35764,29206,32748,31564,33536,27880,29573,32084
32768,32834,32697,34988,32460,33260,39640,35640,34368,31210,39072,35764,29206,32748,31564,33536,27880,29573,32084
32838,31698,32632,34853,32013,33260,39640,35640,34368,31210,39072,35764,29206,32748,31564,33536,27880,29573,32084
32754,32228,32668,36253,34364,33260,39640,35640,34368,31210,39072,35764,29206,32748,31564,33536,27880,29573,32084
32749,32495,32803,36634,31893,33260,39640,35640,34368,31210,39072,35764,29206,32748,31564,33536,27880,29573,32084
32822,32937,32726,34760,33188,33232,38564,35076,34262,31636,38000,35268,29298,32750,29930,35716,27708,29077,32851
32752,32972,32848,31814,33682,33232,38564,35076,34262,31636,38000,35268,29298,32750,29930,35716,27708,29077,32851
32784,33765,32825,29871,31640,33232,38564,35076,34262,31636,38000,35268,29298,32750,29930,35716,27708,29077,32851
32773,33567,33062,30418,33631,33232,38564,35076,34262,31636,38000,35268,29298,32750,29930,35716,27708,29077,32851
32731,33530,33205,30650,32576,33232,38564,35076,34262,31636,38000,35268,29298,32750,29930,35716,27708,29077,32851
32736,33918,32914,30032,31673,33232,38564,35076,34262,31636,38000,35268,29298,32750,29930,35716,27708,29077,32851
32765,33287,32996,31359,34237,33232,38564,35076,34262,31636,38000,35268,29298,32750,29930,35716,27708,29077,32851
32738,33172,32763,34141,32880,33232,38564,35076,34262,31636,38000,35268,29298,32750,29930,35716,27708,29077,32851
32732,32721,32728,31314,32326,33232,38564,35076,34262,31636,38000,35268,29298,32750,29930,35716,27708,29077,32851
32814,32743,32588,34779,34404,33232,38564,35076,34262,31636,38000,35268,29298,32750,29930,35716,27708,29077,32851
32804,32038,32569,38976,32794,33356,37328,34458,34318,32123,37396,34776,29416,32754,29581,37725,28156,29710,34994
32774,31871,32603,36930,32339,33356,37328,34458,34318,32123,37396,34776,29416,32754,29581,37725,28156,29710,34994
32751,32705,32672,32844,34055,33356,37328,34458,34318,32123,37396,34776,29416,32754,29581,37725,28156,29710,34994
32812,33394,32764,31908,31846,33356,37328,34458,34318,32123,37396,34776,29416,32754,29581,37725,28156,29710,34994
32780,33366,32840,31583,35856,33356,37328,34458,34318,32123,37396,34776,29416,32754,29581,37725,28156,29710,34994
32760,33664,32919,31296,34126,33356,37328,34458,34318,32123,37396,34776,29416,32754,29581,37725,28156,29710,34994
32756,33191,32903,31954,27184,33356,37328,34458,34318,32123,37396,34776,29416,32754,29581,37725,28156,29710,34994
32767,33136,32794,32519,33270,33356,37328,34458,34318,32123,37396,34776,29416,32754,29581,37725,28156,29710,34994
32694,32478,32751,33061,31165,33356,37328,34458,34318,32123,37396,34776,29416,32754,29581,37725,28156,29710,34994
32775,32276,32672,32368,31876,33356,37328,34458,34318,32123,37396,34776,29416,32754,29581,37725,28156,29710,34994
32768,32583,32715,31561,34188,33624,36818,33972,34272,32181,37256,34328,29568,32753,29996,39291,30590,32514,33448
32777,33279,32680,32596,36083,33624,36818,33972,34272,32181,37256,34328,29568,32753,29996,39291,30590,32514,33448
32793,32928,32835,32825,31943,33624,36818,33972,34272,32181,37256,34328,29568,32753,29996,39291,30590,32514,33448
32809,32451,32794,32114,33214,33624,36818,33972,34272,32181,37256,34328,29568,32753,29996,39291,30590,32514,33448
32840,32156,32857,32026,29124,33624,36818,33972,34272,32181,37256,34328,29568,32753,29996,39291,30590,32514,33448
32876,32310,32884,32774,31201,33624,36818,33972,34272,32181,37256,34328,29568,32753,29996,39291,30590,32514,33448
32873,32521,33007,32574,35116,33624,36818,33972,34272,32181,37256,34328,29568,32753,29996,39291,30590,32514,33448
32808,33108,32907,32270,33784,33624,36818,33972,34272,32181,37256,34328,29568,32753,29996,39291,30590,32514,33448
32816,33229,32891,32157,30996,33624,36818,33972,34272,32181,37256,34328,29568,32753,29996,39291,30590,32514,33448
32775,33825,32902,32136,35591,33624,36818,33972,34272,32181,37256,34328,29568,32753,29996,39291,30590,32514,33448
32705,33469,32854,32548,31863,33684,36824,33836,34225,32164,37057,33932,29688,32748,30237,38504,31448,30364,37021
32642,33589,32724,33146,33416,33684,36824,33836,34225,32164,37057,33932,29688,32748,30237,38504,31448,30364,37021
32656,32693,32649,33157,36084,33684,36824,33836,34225,32164,37057,33932,29688,32748,30237,38504,31448,30364,37021
32786,32623,32643,33175,34761,33684,36824,33836,34225,32164,37057,33932,29688,32748,30237,38504,31448,30364,37021
32764,32573,32601,33266,32902,33684,36824,33836,34225,32164,37057,33932,29688,32748,30237,38504,31448,30364,37021
32853,33277,32619,33034,33924,33684,36824,33836,34225,32164,37057,33932,29688,32748,30237,38504,31448,30364,37021
32960,33108,32637,32550,33822,33684,36824,33836,34225,32164,37057,33932,29688,32748,30237,38504,31448,30364,37021
33014,33392,32738,32199,30832,33684,36824,33836,34225,32164,37057,33932,29688,32748,30237,38504,31448,30364,37021
32873,33024,32862,32599,32617,33684,36824,33836,34225,32164,37057,33932,29688,32748,30237,38504,31448,30364,37021
32774,32933,32880,32805,31115,33684,36824,33836,34225,32164,37057,33932,29688,32748,30237,38504,31448,30364,37021
32736,32898,32903,33052,33145,33460,36964,33777,34040,32200,37000,33860,29768,32748,30560,38876,28476,32976,34664
32712,33188,32873,33104,33102,33460,36964,33777,34040,32200,37000,33860,29768,32748,30560,38876,28476,32976,34664
32750,32998,32876,32821,31792,33460,36964,33777,34040,32200,37000,33860,29768,32748,30560,38876,28476,32976,34664
32765,33279,32933,32684,34469,33460,36964,33777,34040,32200,37000,33860,29768,32748,30560,38876,28476,32976,34664
32740,33169,32902,32900,32108,33460,36964,33777,34040,32200,37000,33860,29768,32748,30560,38876,28476,32976,34664
32761,33726,32922,32869,31512,33460,36964,33777,34040,32200,37000,33860,29768,32748,30560,38876,28476,32976,34664
32749,33358,32885,32695,34490,33460,36964,33777,34040,32200,37000,33860,29768,32748,30560,38876,28476,32976,34664
32764,33580,32797,32774,33359,33460,36964,33777,34040,32200,37000,33860,29768,32748,30560,38876,28476,32976,34664
32761,33033,32912,32827,32099,33460,36964,33777,34040,32200,37000,33860,29768,32748,30560,38876,28476,32976,34664
32784,32853,32942,32892,33494,33460,36964,33777,34040,32200,37000,33860,29768,32748,30560,38876,28476,32976,34664
32813,32616,32948,32943,31202,33368,36920,33704,33960,32142,37080,33636,29876,32749,30431,36700,28864,30248,35006
32760,32417,32907,32724,32966,33368,36920,33704,33960,32142,37080,33636,29876,32749,30431,36700,28864,30248,35006
32770,32868,32969,32950,31980,33368,36920,33704,33960,32142,37080,33636,29876,32749,30431,36700,28864,30248,35006
32753,32907,32881,33032,32250,33368,36920,33704,33960,32142,37080,33636,29876,32749,30431,36700,28864,30248,35006
32716,33378,32875,32784,34619,33368,36920,33704,33960,32142,37080,33636,29876,32749,30431,36700,28864,30248,35006
32696,33126,32840,32659,34269,33368,36920,33704,33960,32142,37080,33636,29876,32749,30431,36700,28864,30248,35006
32742,33334,32750,32843,31634,33368,36920,33704,33960,32142,37080,33636,29876,32749,30431,36700,28864,30248,35006
32672,33022,32734,32766,33957,33368,36920,33704,33960,32142,37080,33636,29876,32749,30431,36700,28864,30248,35006
32681,33068,32600,32926,32148,33368,36920,33704,33960,32142,37080,33636,29876,32749,30431,36700,28864,30248,35006
32760,32782,32647,33017,31536,33368,36920,33704,33960,32142,37080,33636,29876,32749,30431,36700,28864,30248,35006
32730,33066,32654,32829,33250,33336,36912,33637,34130,31866,37184,33488,29924,32748,30720,34785,32679,30645,36280
32740,32898,32685,32626,30824,33336,36912,33637,34130,31866,37184,33488,29924,32748,30720,34785,32679,30645,36280
32674,33278,32649,32714,33483,33336,36912,33637,34130,31866,37184,33488,29924,32748,30720,34785,32679,30645,36280
32697,32946,32741,32688,32343,33336,36912,33637,34130,31866,37184,33488,29924,32748,30720,34785,32679,30645,36280
32730,32967,32870,32570,32076,33336,36912,33637,34130,31866,37184,33488,29924,32748,30720,34785,32679,30645,36280
32683,33166,32906,32775,33572,33336,36912,33637,34130,31866,37184,33488,29924,32748,30720,34785,32679,30645,36280
32696,32920,32872,33020,32315,33336,36912,33637,34130,31866,37184,33488,29924,32748,30720,34785,32679,30645,36280
32723,33236,32775,33263,32136,33336,36912,33637,34130,31866,37184,33488,29924,32748,30720,34785,32679,30645,36280
32726,32920,32743,33203,32917,33336,36912,33637,34130,31866,37184,33488,29924,32748,30720,34785,32679,30645,36280
32765,33183,32841,32690,31272,33336,36912,33637,34130,31866,37184,33488,29924,32748,30720,34785,32679,30645,36280
32693,32893,32796,32616,33556,33434,36904,33725,33992,31960,37229,33368,30112,32744,29993,33756,29568,30044,31452
32722,33207,32829,32956,32680,33434,36904,33725,33992,31960,37229,33368,30112,32744,29993,33756,29568,30044,31452
32730,32881,32732,32903,32148,33434,36904,33725,33992,31960,37229,33368,30112,32744,29993,33756,29568,30044,31452
32780,33272,32722,32530,34631,33434,36904,33725,33992,31960,37229,33368,30112,32744,29993,33756,29568,30044,31452
32784,33110,32759,32719,33356,33434,36904,33725,33992,31960,37229,33368,30112,32744,29993,33756,29568,30044,31452
32805,33102,32711,32860,32297,33434,36904,33725,33992,31960,37229,33368,30112,32744,29993,33756,29568,30044,31452
32915,33331,32880,32932,34409,33434,36904,33725,33992,31960,37229,33368,30112,32744,29993,33756,29568,30044,31452
32850,32992,32829,32820,32043,33434,36904,33725,33992,31960,37229,33368,30112,32744,29993,33756,29568,30044,31452
32812,33300,32886,32653,32390,33434,36904,33725,33992,31960,37229,33368,30112,32744,29993,33756,29568,30044,31452
32820,33012,32750,32775,33854,33434,36904,33725,33992,31960,37229,33368,30112,32744,29993,33756,29568,30044,31452
32857,33270,32758,32805,32486,33488,36928,33953,34108,32138,37200,33330,30216,32748,29880,33088,29560,29977,32252
32836,33044,32743,32827,33152,33488,36928,33953,34108,32138,37200,33330,30216,32748,29880,33088,29560,29977,32252
32822,33008,32727,32699,33922,33488,36928,33953,34108,32138,37200,33330,30216,32748,29880,33088,29560,29977,32252
32862,33183,32726,32805,32231,33488,36928,33953,34108,32138,37200,33330,30216,32748,29880,33088,29560,29977,32252
32770,32937,32817,33005,33702,33488,36928,33953,34108,32138,37200,33330,30216,32748,29880,33088,29560,29977,32252
32762,33412,32880,32863,33132,33488,36928,33953,34108,32138,37200,33330,30216,32748,29880,33088,29560,29977,32252
32842,33112,32787,32607,31355,33488,36928,33953,34108,32138,37200,33330,30216,32748,29880,33088,29560,29977,32252
32808,33324,32740,32557,33394,33488,36928,33953,34108,32138,37200,33330,30216,32748,29880,33088,29560,29977,32252
32722,32869,32681,33114,30975,33488,36928,33953,34108,32138,37200,33330,30216,32748,29880,33088,29560,29977,32252
32763,33172,32669,32868,33150,33488,36928,33953,34108,32138,37200,33330,30216,32748,29880,33088,29560,29977,32252
32732,32973,32657,32743,32997,33640,36916,33988,33952,32404,37232,33300,30336,32746,29806,31064,30864,31369,29236
32744,33106,32736,32979,32082,33640,36916,33988,33952,32404,37232,33300,30336,32746,29806,31064,30864,31369,29236
32775,32751,32815,33212,34505,33640,36916,33988,33952,32404,37232,33300,30336,32746,29806,31064,30864,31369,29236
32724,33104,32806,32739,34823,33640,36916,33988,33952,32404,37232,33300,30336,32746,29806,31064,30864,31369,29236
32818,33223,32794,32699,32856,33640,36916,33988,33952,32404,37232,33300,30336,32746,29806,31064,30864,31369,29236
32849,33011,32857,32843,33839,33640,36916,33988,33952,32404,37232,33300,30336,32746,29806,31064,30864,31369,29236
32800,33044,32786,32428,32736,33640,36916,33988,33952,32404,37232,33300,30336,32746,29806,31064,30864,31369,29236
32775,33251,32878,32138,31195,33640,36916,33988,33952,32404,37232,33300,30336,32746,29806,31064,30864,31369,29236
32740,32996,32902,32759,33287,33640,36916,33988,33952,32404,37232,33300,30336,32746,29806,31064,30864,31369,29236
32804,33346,32839,33266,31216,33640,36916,33988,33952,32404,37232,33300,30336,32746,29806,31064,30864,31369,29236
32768,33156,32801,33253,32713,33820,37032,34156,34064,32560,37320,33040,30404,32748,29296,31525,30552,30936,27268
32780,33365,32704,33243,34362,33820,37032,34156,34064,32560,37320,33040,30404,32748,29296,31525,30552,30936,27268
32735,32786,32710,32907,32560,33820,37032,34156,34064,32560,37320,33040,30404,32748,29296,31525,30552,30936,27268
32760,33026,32833,32100,33392,33820,37032,34156,34064,32560,37320,33040,30404,32748,29296,31525,30552,30936,27268
32770,32856,32968,32100,33460,33820,37032,34156,34064,32560,37320,33040,30404,32748,29296,31525,30552,30936,27268
32722,33114,33096,32775,32027,33820,37032,34156,34064,32560,37320,33040,30404,32748,29296,31525,30552,30936,27268
32791,33172,32978,33262,33826,33820,37032,34156,34064,32560,37320,33040,30404,32748,29296,31525,30552,30936,27268
32752,32886,32713,33445,32502,33820,37032,34156,34064,32560,37320,33040,30404,32748,29296,31525,30552,30936,27268
32728,33342,32706,32986,31517,33820,37032,34156,34064,32560,37320,33040,30404,32748,29296,31525,30552,30936,27268
32723,33266,32720,32601,32910,33820,37032,34156,34064,32560,37320,33040,30404,32748,29296,31525,30552,30936,27268
32784,33559,32785,32868,30357,33952,37284,34216,33971,32480,37452,32756,30528,32749,28238,31376,30709,31488,24368
32749,32930,32633,32796,33373,33952,37284,34216,33971,32480,37452,32756,30528,32749,28238,31376,30709,31488,24368
32832,33182,32496,32884,32446,33952,37284,34216,33971,32480,37452,32756,30528,32749,28238,31376,30709,31488,24368
32756,33069,32764,32492,32055,33952,37284,34216,33971,32480,37452,32756,30528,32749,28238,31376,30709,31488,24368
32765,32978,32780,32514,34764,33952,37284,34216,33971,32480,37452,32756,30528,32749,28238,31376,30709,31488,24368
32685,33528,32787,33061,32638,33952,37284,34216,33971,32480,37452,32756,30528,32749,28238,31376,30709,31488,24368
32775,33107,32775,33181,32350,33952,37284,34216,33971,32480,37452,32756,30528,32749,28238,31376,30709,31488,24368
32712,33244,32838,32953,34143,33952,37284,34216,33971,32480,37452,32756,30528,32749,28238,31376,30709,31488,24368
32763,33038,32804,32236,31771,33952,37284,34216,33971,32480,37452,32756,30528,32749,28238,31376,30709,31488,24368
32722,33210,32741,32156,33483,33952,37284,34216,33971,32480,37452,32756,30528,32749,28238,31376,30709,31488,24368
32741,32787,32198,32370,32770,34176,37692,33972,34066,32136,37590,32900,30572,32753,26596,28694,32068,32264,22904
32705,32728,32184,33199,31402,34176,37692,33972,34066,32136,37590,32900,30572,32753,26596,28694,32068,32264,22904
32762,33031,32155,33252,34404,34176,37692,33972,34066,32136,37590,32900,30572,32753,26596,28694,32068,32264,22904
32705,32904,32694,33317,27817,34176,37692,33972,34066,32136,37590,32900,30572,32753,26596,28694,32068,32264,22904
32716,33156,32857,32891,33731,34176,37692,33972,34066,32136,37590,32900,30572,32753,26596,28694,32068,32264,22904
32788,32826,32503,32742,34354,34176,37692,33972,34066,32136,37590,32900,30572,32753,26596,28694,32068,32264,22904
32920,33028,33970,32774,32654,34176,37692,33972,34066,32136,37590,32900,30572,32753,26596,28694,32068,32264,22904
32824,32937,34699,32591,32539,34176,37692,33972,34066,32136,37590,32900,30572,32753,26596,28694,32068,32264,22904
32856,33026,33310,32761,35456,34176,37692,33972,34066,32136,37590,32900,30572,32753,26596,28694,32068,32264,22904
32840,33241,32515,32781,32389,34176,37692,33972,34066,32136,37590,32900,30572,32753,26596,28694,32068,32264,22904
32822,33268,32902,32985,32896,34100,37840,33637,34000,31866,37512,32708,30696,32752,25906,26833,31760,31728,27792
32787,33074,33146,33062,33439,34100,37840,33637,34000,31866,37512,32708,30696,32752,25906,26833,31760,31728,27792
32829,33193,32986,32960,30215,34100,37840,33637,34000,31866,37512,32708,30696,32752,25906,26833,31760,31728,27792
32802,33360,32676,32638,32832,34100,37840,33637,34000,31866,37512,32708,30696,32752,25906,26833,31760,31728,27792
32791,32754,32612,32681,32615,34100,37840,33637,34000,31866,37512,32708,30696,32752,25906,26833,31760,31728,27792
32836,32969,32623,32968,31763,34100,37840,33637,34000,31866,37512,32708,30696,32752,25906,26833,31760,31728,27792
32742,32946,32617,32976,33602,34100,37840,33637,34000,31866,37512,32708,30696,32752,25906,26833,31760,31728,27792
32758,33516,32615,32814,30706,34100,37840,33637,34000,31866,37512,32708,30696,32752,25906,26833,31760,31728,27792
32866,33060,32350,32971,32127,34100,37840,33637,34000,31866,37512,32708,30696,32752,25906,26833,31760,31728,27792
32795,33317,32060,32806,34823,34100,37840,33637,34000,31866,37512,32708,30696,32752,25906,26833,31760,31728,27792
32746,32944,32596,32721,32149,33780,37533,33646,33986,31914,37462,33000,30776,32748,25760,25306,29402,28964,27658
32770,33096,33117,32842,32956,33780,37533,33646,33986,31914,37462,33000,30776,32748,25760,25306,29402,28964,27658
32792,32872,32980,32806,34471,33780,37533,33646,33986,31914,37462,33000,30776,32748,25760,25306,29402,28964,27658
32776,33071,32918,32663,31714,33780,37533,33646,33986,31914,37462,33000,30776,32748,25760,25306,29402,28964,27658
32768,32751,32896,32920,33270,33780,37533,33646,33986,31914,37462,33000,30776,32748,25760,25306,29402,28964,27658
32816,33188,32866,32904,31602,33780,37533,33646,33986,31914,37462,33000,30776,32748,25760,25306,29402,28964,27658
32808,33000,32814,32746,31512,33780,37533,33646,33986,31914,37462,33000,30776,32748,25760,25306,29402,28964,27658
32750,33377,32726,32775,34175,33780,37533,33646,33986,31914,37462,33000,30776,32748,25760,25306,29402,28964,27658
32755,33061,32728,32788,32791,33780,37533,33646,33986,31914,37462,33000,30776,32748,25760,25306,29402,28964,27658
32748,33401,32903,32579,32775,33780,37533,33646,33986,31914,37462,33000,30776,32748,25760,25306,29402,28964,27658
32752,32946,32905,32775,34647,33336,37298,33956,34208,32085,37480,33208,30822,32756,25756,24052,29224,28792,26192
32705,33272,32732,32808,32168,33336,37298,33956,34208,32085,37480,33208,30822,32756,25756,24052,29224,28792,26192
32744,32968,32864,32720,31862,33336,37298,33956,34208,32085,37480,33208,30822,32756,25756,24052,29224,28792,26192
32748,32837,32796,32798,34033,33336,37298,33956,34208,32085,37480,33208,30822,32756,25756,24052,29224,28792,26192
32830,33166,32751,32628,31945,33336,37298,33956,34208,32085,37480,33208,30822,32756,25756,24052,29224,28792,26192
32803,32971,32562,32812,32704,33336,37298,33956,34208,32085,37480,33208,30822,32756,25756,24052,29224,28792,26192
32772,33349,33005,32838,32183,33336,37298,33956,34208,32085,37480,33208,30822,32756,25756,24052,29224,28792,26192
32775,32976,33118,32617,31291,33336,37298,33956,34208,32085,37480,33208,30822,32756,25756,24052,29224,28792,26192
32802,33174,33068,32613,33840,33336,37298,33956,34208,32085,37480,33208,30822,32756,25756,24052,29224,28792,26192
32730,32821,32741,32886,31630,33336,37298,33956,34208,32085,37480,33208,30822,32756,25756,24052,29224,28792,26192
32741,33253,32597,32767,32536,33028,37296,34188,34130,32212,37312,33346,30900,32746,26439,23477,31024,28564,29372
32775,32920,32520,32641,34348,33028,37296,34188,34130,32212,37312,33346,30900,32746,26439,23477,31024,28564,29372
32732,33214,32640,32932,32291,33028,37296,34188,34130,32212,37312,33346,30900,32746,26439,23477,31024,28564,29372
32733,32880,32643,32844,33308,33028,37296,34188,34130,32212,37312,33346,30900,32746,26439,23477,31024,28564,29372
32717,33252,32644,32644,34790,33028,37296,34188,34130,32212,37312,33346,30900,32746,26439,23477,31024,28564,29372
32728,32847,32658,32715,31886,33028,37296,34188,34130,32212,37312,33346,30900,32746,26439,23477,31024,28564,29372
32706,33197,32663,32714,33478,33028,37296,34188,34130,32212,37312,33346,30900,32746,26439,23477,31024,28564,29372
32774,32965,32761,33008,32998,33028,37296,34188,34130,32212,37312,33346,30900,32746,26439,23477,31024,28564,29372
32726,33325,32879,33019,31059,33028,37296,34188,34130,32212,37312,33346,30900,32746,26439,23477,31024,28564,29372
32784,33131,32789,33057,33744,33028,37296,34188,34130,32212,37312,33346,30900,32746,26439,23477,31024,28564,29372
32746,33279,32932,33000,32681,33000,37216,34338,34192,32352,37264,33476,30980,32752,26272,22988,32033,28754,28873
32774,32920,33003,32690,32018,33000,37216,34338,34192,32352,37264,33476,30980,32752,26272,22988,32033,28754,28873
32713,33348,32948,32192,34349,33000,37216,34338,34192,32352,37264,33476,30980,32752,26272,22988,32033,28754,28873
32740,32968,32564,32200,32175,33000,37216,34338,34192,32352,37264,33476,30980,32752,26272,22988,32033,28754,28873
32792,33246,32799,32697,33237,33000,37216,34338,34192,32352,37264,33476,30980,32752,26272,22988,32033,28754,28873
32765,32712,32728,32733,34258,33000,37216,34338,34192,32352,37264,33476,30980,32752,26272,22988,32033,28754,28873
32702,33076,32559,32170,32237,33000,37216,34338,34192,32352,37264,33476,30980,32752,26272,22988,32033,28754,28873
32752,32809,32398,32040,33244,33000,37216,34338,34192,32352,37264,33476,30980,32752,26272,22988,32033,28754,28873
32724,32988,32342,31437,33280,33000,37216,34338,34192,32352,37264,33476,30980,32752,26272,22988,32033,28754,28873
32744,32923,31980,31268,31615,33000,37216,34338,34192,32352,37264,33476,30980,32752,26272,22988,32033,28754,28873
32760,33423,32463,31757,33678,33144,37100,34516,34280,32440,37204,33560,31048,32748,26424,22528,29044,30570,26832
32772,33045,33156,32774,31785,33144,37100,34516,34280,32440,37204,33560,31048,32748,26424,22528,29044,30570,26832
32745,33232,33550,32706,32256,33144,37100,34516,34280,32440,37204,33560,31048,32748,26424,22528,29044,30570,26832
32768,32717,33632,35074,34034,33144,37100,34516,34280,32440,37204,33560,31048,32748,26424,22528,29044,30570,26832
32805,32775,33066,37256,32349,33144,37100,34516,34280,32440,37204,33560,31048,32748,26424,22528,29044,30570,26832
32741,32545,32563,36032,33576,33144,37100,34516,34280,32440,37204,33560,31048,32748,26424,22528,29044,30570,26832
32712,32892,32562,33543,34106,33144,37100,34516,34280,32440,37204,33560,31048,32748,26424,22528,29044,30570,26832
32754,33023,32722,32459,32935,33144,37100,34516,34280,32440,37204,33560,31048,32748,26424,22528,29044,30570,26832
32745,33458,32768,32191,33370,33144,37100,34516,34280,32440,37204,33560,31048,32748,26424,22528,29044,30570,26832
32698,32908,32830,32321,34114,33144,37100,34516,34280,32440,37204,33560,31048,32748,26424,22528,29044,30570,26832
32676,33055,32742,32960,32463,33248,37072,34596,34292,32378,37272,33610,31100,32756,26928,23020,28992,28864,27777
32740,32868,32671,33668,33464,33248,37072,34596,34292,32378,37272,33610,31100,32756,26928,23020,28992,28864,27777
32733,33124,32691,33137,32292,33248,37072,34596,34292,32378,37272,33610,31100,32756,26928,23020,28992,28864,27777
32774,32731,32618,33185,31209,33248,37072,34596,34292,32378,37272,33610,31100,32756,26928,23020,28992,28864,27777
32704,32816,32606,33100,33711,33248,37072,34596,34292,32378,37272,33610,31100,32756,26928,23020,28992,28864,27777
32732,32782,32632,32656,31588,33248,37072,34596,34292,32378,37272,33610,31100,32756,26928,23020,28992,28864,27777
32733,33083,32619,32078,33280,33248,37072,34596,34292,32378,37272,33610,31100,32756,26928,23020,28992,28864,27777
32740,32833,32637,32084,33309,33248,37072,34596,34292,32378,37272,33610,31100,32756,26928,23020,28992,28864,27777
32774,33147,32664,32051,31743,33248,37072,34596,34292,32378,37272,33610,31100,32756,26928,23020,28992,28864,27777
32797,33245,32760,32142,33805,33248,37072,34596,34292,32378,37272,33610,31100,32756,26928,23020,28992,28864,27777
32764,33345,32665,32474,32556,33380,37164,34760,34216,32253,37270,33628,31194,32748,27669,24208,30381,31008,29804
32796,33144,32675,32548,31730,33380,37164,34760,34216,32253,37270,33628,31194,32748,27669,24208,30381,31008,29804
32755,33162,32556,32396,33857,33380,37164,34760,34216,32253,37270,33628,31194,32748,27669,24208,30381,31008,29804
32740,33241,32293,32569,31250,33380,37164,34760,34216,32253,37270,33628,31194,32748,27669,24208,30381,31008,29804
32813,33129,32720,32818,33091,33380,37164,34760,34216,32253,37270,33628,31194,32748,27669,24208,30381,31008,29804
32746,33362,32701,32534,32562,33380,37164,34760,34216,32253,37270,33628,31194,32748,27669,24208,30381,31008,29804
32796,33057,32499,32610,31535,33380,37164,34760,34216,32253,37270,33628,31194,32748,27669,24208,30381,31008,29804
32760,33255,32764,32747,34232,33380,37164,34760,34216,32253,37270,33628,31194,32748,27669,24208,30381,31008,29804
32833,33109,34175,32710,32406,33380,37164,34760,34216,32253,37270,33628,31194,32748,27669,24208,30381,31008,29804
32824,33052,34182,33058,32908,33380,37164,34760,34216,32253,37270,33628,31194,32748,27669,24208,30381,31008,29804
32816,33312,32934,32969,34386,33388,37178,34752,34272,32088,37356,33732,31224,32752,28393,25047,31131,31160,30580
32760,33114,32204,32780,31973,33388,37178,34752,34272,32088,37356,33732,31224,32752,28393,25047,31131,31160,30580
32754,33324,32404,32900,33451,33388,37178,34752,34272,32088,37356,33732,31224,32752,28393,25047,31131,31160,30580
32716,33069,32608,32651,33124,33388,37178,34752,34272,32088,37356,33732,31224,32752,28393,25047,31131,31160,30580
32802,33456,33294,32856,31432,33388,37178,34752,34272,32088,37356,33732,31224,32752,28393,25047,31131,31160,30580
32754,32989,33608,32887,34094,33388,37178,34752,34272,32088,37356,33732,31224,32752,28393,25047,31131,31160,30580
32788,32928,33427,32732,32614,33388,37178,34752,34272,32088,37356,33732,31224,32752,28393,25047,31131,31160,30580
32736,32967,33490,32817,32210,33388,37178,34752,34272,32088,37356,33732,31224,32752,28393,25047,31131,31160,30580
32712,32692,33374,32543,34252,33388,37178,34752,34272,32088,37356,33732,31224,32752,28393,25047,31131,31160,30580
32702,32957,33405,32792,32070,33388,37178,34752,34272,32088,37356,33732,31224,32752,28393,25047,31131,31160,30580
32696,32957,33300,32896,33352,33392,37072,34788,34304,32034,37352,33860,31275,32753,28879,24980,31435,28971,28772
32720,33376,32805,32692,33450,33392,37072,34788,34304,32034,37352,33860,31275,32753,28879,24980,31435,28971,28772
32754,33028,32937,32812,31943,33392,37072,34788,34304,32034,37352,33860,31275,32753,28879,24980,31435,28971,28772
32836,32995,33560,32944,33868,33392,37072,34788,34304,32034,37352,33860,31275,32753,28879,24980,31435,28971,28772
32820,33269,33694,32848,32914,33392,37072,34788,34304,32034,37352,33860,31275,32753,28879,24980,31435,28971,28772
32752,32658,33408,33019,31636,33392,37072,34788,34304,32034,37352,33860,31275,32753,28879,24980,31435,28971,28772
32799,32746,33286,32811,34009,33392,37072,34788,34304,32034,37352,33860,31275,32753,28879,24980,31435,28971,28772
32754,32694,34223,32685,32311,33392,37072,34788,34304,32034,37352,33860,31275,32753,28879,24980,31435,28971,28772
32809,33199,33609,32921,32696,33392,37072,34788,34304,32034,37352,33860,31275,32753,28879,24980,31435,28971,28772
32796,33013,32576,32903,33814,33392,37072,34788,34304,32034,37352,33860,31275,32753,28879,24980,31435,28971,28772
32736,33260,31656,32900,31246,33490,37033,34938,34106,32036,37306,34096,31328,32753,28680,24172,31750,30924,28270
32712,32970,31794,32947,32654,33490,37033,34938,34106,32036,37306,34096,31328,32753,28680,24172,31750,30924,28270
32764,33127,31406,32848,32368,33490,37033,34938,34106,32036,37306,34096,31328,32753,28680,24172,31750,30924,28270
32720,32982,31898,32562,31434,33490,37033,34938,34106,32036,37306,34096,31328,32753,28680,24172,31750,30924,28270
32778,33294,32846,32754,34106,33490,37033,34938,34106,32036,37306,34096,31328,32753,28680,24172,31750,30924,28270
32760,32967,33908,33013,32155,33490,37033,34938,34106,32036,37306,34096,31328,32753,28680,24172,31750,30924,28270
32664,33303,32991,32888,32466,33490,37033,34938,34106,32036,37306,34096,31328,32753,28680,24172,31750,30924,28270
32736,32928,32126,32655,33994,33490,37033,34938,34106,32036,37306,34096,31328,32753,28680,24172,31750,30924,28270
32680,33305,32098,32854,31367,33490,37033,34938,34106,32036,37306,34096,31328,32753,28680,24172,31750,30924,28270
32752,32986,32308,32592,33474,33490,37033,34938,34106,32036,37306,34096,31328,32753,28680,24172,31750,30924,28270
32768,33135,32360,32416,32634,33565,37048,35136,34256,32204,37288,34096,31332,32752,28696,24332,31064,28544,28764
32756,33263,32142,32444,31491,33565,37048,35136,34256,32204,37288,34096,31332,32752,28696,24332,31064,28544,28764
32732,32906,32656,32582,33932,33565,37048,35136,34256,32204,37288,34096,31332,32752,28696,24332,31064,28544,28764
32733,33109,33232,32992,32489,33565,37048,35136,34256,32204,37288,34096,31332,32752,28696,24332,31064,28544,28764
32770,32763,32722,33056,32612,33565,37048,35136,34256,32204,37288,34096,31332,32752,28696,24332,31064,28544,28764
32742,33020,32176,32969,34638,33565,37048,35136,34256,32204,37288,34096,31332,32752,28696,24332,31064,28544,28764
32728,33260,32868,33240,32587,33565,37048,35136,34256,32204,37288,34096,31332,32752,28696,24332,31064,28544,28764
32682,32648,33359,33025,33156,33565,37048,35136,34256,32204,37288,34096,31332,32752,28696,24332,31064,28544,28764
32716,33065,33269,33187,33880,33565,37048,35136,34256,32204,37288,34096,31332,32752,28696,24332,31064,28544,28764
32712,33132,33119,33648,31371,33565,37048,35136,34256,32204,37288,34096,31332,32752,28696,24332,31064,28544,28764
32713,33027,32644,33402,33572,33608,37016,35384,34152,32302,37288,34188,31442,32752,28380,25448,31272,29744,30233
32720,33351,32413,32591,32397,33608,37016,35384,34152,32302,37288,34188,31442,32752,28380,25448,31272,29744,30233
32804,33303,32586,32705,32448,33608,37016,35384,34152,32302,37288,34188,31442,32752,28380,25448,31272,29744,30233
32676,33737,33208,32721,34738,33608,37016,35384,34152,32302,37288,34188,31442,32752,28380,25448,31272,29744,30233
32716,33676,33266,32525,32082,33608,37016,35384,34152,32302,37288,34188,31442,32752,28380,25448,31272,29744,30233
32740,33266,32810,32698,33102,33608,37016,35384,34152,32302,37288,34188,31442,32752,28380,25448,31272,29744,30233
32752,33362,31535,32480,34288,33608,37016,35384,34152,32302,37288,34188,31442,32752,28380,25448,31272,29744,30233
32738,32613,30418,32611,31863,33608,37016,35384,34152,32302,37288,34188,31442,32752,28380,25448,31272,29744,30233
32738,32655,30789,32818,33766,33608,37016,35384,34152,32302,37288,34188,31442,32752,28380,25448,31272,29744,30233
32818,32512,32716,32450,33076,33608,37016,35384,34152,32302,37288,34188,31442,32752,28380,25448,31272,29744,30233
32795,32859,34584,32560,31239,33832,36896,35660,34080,32520,37257,34236,31416,32754,27719,26046,28732,28856,28298
32800,32963,34386,32671,33912,33832,36896,35660,34080,32520,37257,34236,31416,32754,27719,26046,28732,28856,28298
32740,32927,33530,32666,31817,33832,36896,35660,34080,32520,37257,34236,31416,32754,27719,26046,28732,28856,28298
32775,33049,32210,32820,32360,33832,36896,35660,34080,32520,37257,34236,31416,32754,27719,26046,28732,28856,28298
32768,32814,32005,32724,33445,33832,36896,35660,34080,32520,37257,34236,31416,32754,27719,26046,28732,28856,28298
32820,33228,32242,33095,31663,33832,36896,35660,34080,32520,37257,34236,31416,32754,27719,26046,28732,28856,28298
32798,33044,32406,33368,34261,33832,36896,35660,34080,32520,37257,34236,31416,32754,27719,26046,28732,28856,28298
32794,33158,32722,32987,33485,33832,36896,35660,34080,32520,37257,34236,31416,32754,27719,26046,28732,28856,28298
32789,32930,33527,32693,31627,33832,36896,35660,34080,32520,37257,34236,31416,32754,27719,26046,28732,28856,28298
32732,33159,34162,32631,33871,33832,36896,35660,34080,32520,37257,34236,31416,32754,27719,26046,28732,28856,28298
32766,32981,34224,32654,32024,33920,36660,35912,34088,32708,37240,34184,31472,32756,27037,26479,28896,30768,28104
32756,33344,34475,32658,32276,33920,36660,35912,34088,32708,37240,34184,31472,32756,27037,26479,28896,30768,28104
32810,33265,32752,32708,34060,33920,36660,35912,34088,32708,37240,34184,31472,32756,27037,26479,28896,30768,28104
32832,33442,32286,32884,31746,33920,36660,35912,34088,32708,37240,34184,31472,32756,27037,26479,28896,30768,28104
32819,33509,29988,32904,33204,33920,36660,35912,34088,32708,37240,34184,31472,32756,27037,26479,28896,30768,28104
32869,33317,30786,32879,33104,33920,36660,35912,34088,32708,37240,34184,31472,32756,27037,26479,28896,30768,28104
32794,33172,33600,32720,31805,33920,36660,35912,34088,32708,37240,34184,31472,32756,27037,26479,28896,30768,28104
32768,32827,34244,32630,34400,33920,36660,35912,34088,32708,37240,34184,31472,32756,27037,26479,28896,30768,28104
32724,32808,32459,32845,33536,33920,36660,35912,34088,32708,37240,34184,31472,32756,27037,26479,28896,30768,28104
32706,32530,31776,32891,31633,33920,36660,35912,34088,32708,37240,34184,31472,32756,27037,26479,28896,30768,28104
32760,32571,32231,32652,34046,33920,36450,36026,34208,32678,37213,34012,31512,32757,26294,26730,30686,31676,31192
32780,32950,32441,32850,32384,33920,36450,36026,34208,32678,37213,34012,31512,32757,26294,26730,30686,31676,31192
32796,32864,32679,32854,31822,33920,36450,36026,34208,32678,37213,34012,31512,32757,26294,26730,30686,31676,31192
32802,33358,32890,32787,34439,33920,36450,36026,34208,32678,37213,34012,31512,32757,26294,26730,30686,31676,31192
32784,33175,32985,32701,32680,33920,36450,36026,34208,32678,37213,34012,31512,32757,26294,26730,30686,31676,31192
32751,32967,33010,32825,32732,33920,36450,36026,34208,32678,37213,34012,31512,32757,26294,26730,30686,31676,31192
32836,33300,32946,32917,34658,33920,36450,36026,34208,32678,37213,34012,31512,32757,26294,26730,30686,31676,31192
32789,33101,32996,32822,31967,33920,36450,36026,34208,32678,37213,34012,31512,32757,26294,26730,30686,31676,31192
32782,33255,33005,32704,33429,33920,36450,36026,34208,32678,37213,34012,31512,32757,26294,26730,30686,31676,31192
