33004,32869,32850,33364,33646,33496,37332,34057,32630,33421,37313,33368,30304,28489,29768,31373,25776,29376,32393
32979,32660,32758,33367,32301,33496,37332,34057,32630,33421,37313,33368,30304,28489,29768,31373,25776,29376,32393
32956,32623,32804,33301,32317,33496,37332,34057,32630,33421,37313,33368,30304,28489,29768,31373,25776,29376,32393
32917,32741,32804,33287,34075,33496,37332,34057,32630,33421,37313,33368,30304,28489,29768,31373,25776,29376,32393
32932,32705,32713,33317,32061,33496,37332,34057,32630,33421,37313,33368,30304,28489,29768,31373,25776,29376,32393
32802,32625,32571,33242,33296,33496,37332,34057,32630,33421,37313,33368,30304,28489,29768,31373,25776,29376,32393
32816,32834,32504,33251,33936,33496,37332,34057,32630,33421,37313,33368,30304,28489,29768,31373,25776,29376,32393
32938,32679,32703,33221,31104,33496,37332,34057,32630,33421,37313,33368,30304,28489,29768,31373,25776,29376,32393
32865,32585,32782,33170,33575,33496,37332,34057,32630,33421,37313,33368,30304,28489,29768,31373,25776,29376,32393
32709,32591,32775,33140,32469,33496,37332,34057,32630,33421,37313,33368,30304,28489,29768,31373,25776,29376,32393
32645,32572,32904,33090,31974,33708,37420,33932,32536,33424,37336,33245,30356,28608,29080,28997,26048,28252,33840
32568,32523,32825,33135,34189,33708,37420,33932,32536,33424,37336,33245,30356,28608,29080,28997,26048,28252,33840
32548,32693,32941,33065,32422,33708,37420,33932,32536,33424,37336,33245,30356,28608,29080,28997,26048,28252,33840
32548,32797,32869,33027,31620,33708,37420,33932,32536,33424,37336,33245,30356,28608,29080,28997,26048,28252,33840
32364,32696,32799,33083,33511,33708,37420,33932,32536,33424,37336,33245,30356,28608,29080,28997,26048,28252,33840
32392,32786,32703,33138,31984,33708,37420,33932,32536,33424,37336,33245,30356,28608,29080,28997,26048,28252,33840
32534,32967,32775,33107,32794,33708,37420,33932,32536,33424,37336,33245,30356,28608,29080,28997,26048,28252,33840
32655,33122,32848,33126,34343,33708,37420,33932,32536,33424,37336,33245,30356,28608,29080,28997,26048,28252,33840
32617,33323,32730,33099,32379,33708,37420,33932,32536,33424,37336,33245,30356,28608,29080,28997,26048,28252,33840
32624,33191,32847,33120,32792,33708,37420,33932,32536,33424,37336,33245,30356,28608,29080,28997,26048,28252,33840
32560,33029,32753,33015,33122,33956,37464,33676,32540,33472,37376,33376,30364,28756,28192,27512,27088,28673,30613
32368,32656,32688,33047,31655,33956,37464,33676,32540,33472,37376,33376,30364,28756,28192,27512,27088,28673,30613
32452,32241,32718,32967,33538,33956,37464,33676,32540,33472,37376,33376,30364,28756,28192,27512,27088,28673,30613
32454,32224,32813,32894,34298,33956,37464,33676,32540,33472,37376,33376,30364,28756,28192,27512,27088,28673,30613
32418,32257,32918,32886,32582,33956,37464,33676,32540,33472,37376,33376,30364,28756,28192,27512,27088,28673,30613
32375,32467,32973,32927,32720,33956,37464,33676,32540,33472,37376,33376,30364,28756,28192,27512,27088,28673,30613
32345,33451,32930,33062,34499,33956,37464,33676,32540,33472,37376,33376,30364,28756,28192,27512,27088,28673,30613
32477,33318,32882,33054,31383,33956,37464,33676,32540,33472,37376,33376,30364,28756,28192,27512,27088,28673,30613
32581,32775,32999,32972,32091,33956,37464,33676,32540,33472,37376,33376,30364,28756,28192,27512,27088,28673,30613
32524,32002,33028,32815,33890,33956,37464,33676,32540,33472,37376,33376,30364,28756,28192,27512,27088,28673,30613
32668,31843,33015,32762,32719,34024,37418,33736,32552,33498,37272,33552,30314,29136,27320,27020,27362,28692,30188
32822,32102,32775,32802,32239,34024,37418,33736,32552,33498,37272,33552,30314,29136,27320,27020,27362,28692,30188
33025,32672,32938,32892,34066,34024,37418,33736,32552,33498,37272,33552,30314,29136,27320,27020,27362,28692,30188
33132,32911,32908,32839,31617,34024,37418,33736,32552,33498,37272,33552,30314,29136,27320,27020,27362,28692,30188
33264,33351,32767,32858,31640,34024,37418,33736,32552,33498,37272,33552,30314,29136,27320,27020,27362,28692,30188
33023,32904,32678,32854,33760,34024,37418,33736,32552,33498,37272,33552,30314,29136,27320,27020,27362,28692,30188
32595,33089,32809,32886,32130,34024,37418,33736,32552,33498,37272,33552,30314,29136,27320,27020,27362,28692,30188
32502,34279,32768,32903,32082,34024,37418,33736,32552,33498,37272,33552,30314,29136,27320,27020,27362,28692,30188
32710,34772,32724,32891,34261,34024,37418,33736,32552,33498,37272,33552,30314,29136,27320,27020,27362,28692,30188
33014,33965,32622,32841,32379,34024,37418,33736,32552,33498,37272,33552,30314,29136,27320,27020,27362,28692,30188
33170,32761,32496,32795,31842,34144,37314,33644,32668,33540,37239,33677,30342,28949,26744,27552,26784,28688,28682
33197,31790,32596,32723,33711,34144,37314,33644,32668,33540,37239,33677,30342,28949,26744,27552,26784,28688,28682
33100,31676,32569,51104,32190,34144,37314,33644,32668,33540,37239,33677,30342,28949,26744,27552,26784,28688,28682
32985,32506,32557,58288,32536,34144,37314,33644,32668,33540,37239,33677,30342,28949,26744,27552,26784,28688,28682
33052,32790,32776,55891,34530,34144,37314,33644,32668,33540,37239,33677,30342,28949,26744,27552,26784,28688,28682
32868,32888,32842,52900,32489,34144,37314,33644,32668,33540,37239,33677,30342,28949,26744,27552,26784,28688,28682
32824,33662,32889,50345,32204,34144,37314,33644,32668,33540,37239,33677,30342,28949,26744,27552,26784,28688,28682
32678,33394,32650,48056,34083,34144,37314,33644,32668,33540,37239,33677,30342,28949,26744,27552,26784,28688,28682
30714,32290,32518,46087,32272,34144,37314,33644,32668,33540,37239,33677,30342,28949,26744,27552,26784,28688,28682
16538,31778,32609,44344,32100,34144,37314,33644,32668,33540,37239,33677,30342,28949,26744,27552,26784,28688,28682
12893,32024,32698,42904,34439,34301,37190,33748,32628,33628,37184,33728,30340,28628,26320,28196,26212,28596,30492
13145,32506,32762,41596,32631,34301,37190,33748,32628,33628,37184,33728,30340,28628,26320,28196,26212,28596,30492
15193,32988,32722,40468,31961,34301,37190,33748,32628,33628,37184,33728,30340,28628,26320,28196,26212,28596,30492
20120,32858,32840,39488,34186,34301,37190,33748,32628,33628,37184,33728,30340,28628,26320,28196,26212,28596,30492
36052,32745,33344,38648,32624,34301,37190,33748,32628,33628,37184,33728,30340,28628,26320,28196,26212,28596,30492
34966,33584,32418,37893,31763,34301,37190,33748,32628,33628,37184,33728,30340,28628,26320,28196,26212,28596,30492
39012,33301,32352,37252,34036,34301,37190,33748,32628,33628,37184,33728,30340,28628,26320,28196,26212,28596,30492
39196,32506,32389,36704,32967,34301,37190,33748,32628,33628,37184,33728,30340,28628,26320,28196,26212,28596,30492
38576,32154,32544,36245,31596,34301,37190,33748,32628,33628,37184,33728,30340,28628,26320,28196,26212,28596,30492
38578,32537,32665,35848,33797,34301,37190,33748,32628,33628,37184,33728,30340,28628,26320,28196,26212,28596,30492
38057,32328,32622,28352,32506,34376,37176,33692,32532,33744,37194,33884,30280,28408,26725,29072,28216,29897,28250
30236,32533,32638,33552,31360,34376,37176,33692,32532,33744,37194,33884,30280,28408,26725,29072,28216,29897,28250
29780,32730,32792,30860,34096,34376,37176,33692,32532,33744,37194,33884,30280,28408,26725,29072,28216,29897,28250
31442,32796,32736,27537,33212,34376,37176,33692,32532,33744,37194,33884,30280,28408,26725,29072,28216,29897,28250
21982,32748,32928,35676,31936,34376,37176,33692,32532,33744,37194,33884,30280,28408,26725,29072,28216,29897,28250
23580,32815,32934,36252,33715,34376,37176,33692,32532,33744,37194,33884,30280,28408,26725,29072,28216,29897,28250
27673,32552,32932,32217,33778,34376,37176,33692,32532,33744,37194,33884,30280,28408,26725,29072,28216,29897,28250
31009,32140,32837,26477,31239,34376,37176,33692,32532,33744,37194,33884,30280,28408,26725,29072,28216,29897,28250
33331,32133,32698,26240,33607,34376,37176,33692,32532,33744,37194,33884,30280,28408,26725,29072,28216,29897,28250
36344,29762,33220,20008,33188,34376,37176,33692,32532,33744,37194,33884,30280,28408,26725,29072,28216,29897,28250
38888,32232,33513,19640,31744,34528,37096,33804,32604,33864,37180,34048,30320,28070,27036,29916,27044,33412,31224
34256,32469,32382,26949,33480,34528,37096,33804,32604,33864,37180,34048,30320,28070,27036,29916,27044,33412,31224
35132,32760,32599,26139,33494,34528,37096,33804,32604,33864,37180,34048,30320,28070,27036,29916,27044,33412,31224
35862,33992,32226,25319,31351,34528,37096,33804,32604,33864,37180,34048,30320,28070,27036,29916,27044,33412,31224
36541,35940,32556,19864,33318,34528,37096,33804,32604,33864,37180,34048,30320,28070,27036,29916,27044,33412,31224
53296,36650,32748,3237,33182,34528,37096,33804,32604,33864,37180,34048,30320,28070,27036,29916,27044,33412,31224
57200,34918,32709,1742,31823,34528,37096,33804,32604,33864,37180,34048,30320,28070,27036,29916,27044,33412,31224
60406,33774,32758,15,33420,34528,37096,33804,32604,33864,37180,34048,30320,28070,27036,29916,27044,33412,31224
57863,33232,32775,2353,33514,34528,37096,33804,32604,33864,37180,34048,30320,28070,27036,29916,27044,33412,31224
48164,32556,32666,6484,32256,34528,37096,33804,32604,33864,37180,34048,30320,28070,27036,29916,27044,33412,31224
42016,32525,32905,10036,32652,34676,36948,33900,32716,33826,37092,34245,30308,27915,27472,30828,25892,29316,31317
38301,32304,32931,13031,32706,34676,36948,33900,32716,33826,37092,34245,30308,27915,27472,30828,25892,29316,31317
35416,32196,32863,15684,31866,34676,36948,33900,32716,33826,37092,34245,30308,27915,27472,30828,25892,29316,31317
33198,31718,32689,17926,33479,34676,36948,33900,32716,33826,37092,34245,30308,27915,27472,30828,25892,29316,31317
31672,31424,32719,19891,34729,34676,36948,33900,32716,33826,37092,34245,30308,27915,27472,30828,25892,29316,31317
30741,31564,32698,21600,32119,34676,36948,33900,32716,33826,37092,34245,30308,27915,27472,30828,25892,29316,31317
30117,31678,32886,23063,32600,34676,36948,33900,32716,33826,37092,34245,30308,27915,27472,30828,25892,29316,31317
29595,31988,32860,24328,33624,34676,36948,33900,32716,33826,37092,34245,30308,27915,27472,30828,25892,29316,31317
29401,32864,32794,25419,32011,34676,36948,33900,32716,33826,37092,34245,30308,27915,27472,30828,25892,29316,31317
29344,32083,32618,26372,32379,34676,36948,33900,32716,33826,37092,34245,30308,27915,27472,30828,25892,29316,31317
29359,31232,32570,27195,34332,34793,36834,33972,32568,33700,37044,34424,30304,27752,27706,32080,27185,33576,30588
29179,31204,32614,27909,32163,34793,36834,33972,32568,33700,37044,34424,30304,27752,27706,32080,27185,33576,30588
29154,31334,32647,28532,32203,34793,36834,33972,32568,33700,37044,34424,30304,27752,27706,32080,27185,33576,30588
29190,32456,32653,29063,33851,34793,36834,33972,32568,33700,37044,34424,30304,27752,27706,32080,27185,33576,30588
29186,33776,32669,29552,31945,34793,36834,33972,32568,33700,37044,34424,30304,27752,27706,32080,27185,33576,30588
29054,34515,32786,29961,31886,34793,36834,33972,32568,33700,37044,34424,30304,27752,27706,32080,27185,33576,30588
29326,34022,32810,30310,34015,34793,36834,33972,32568,33700,37044,34424,30304,27752,27706,32080,27185,33576,30588
29690,33546,32816,30630,32250,34793,36834,33972,32568,33700,37044,34424,30304,27752,27706,32080,27185,33576,30588
29817,33527,32750,30912,32398,34793,36834,33972,32568,33700,37044,34424,30304,27752,27706,32080,27185,33576,30588
30137,34126,32858,31146,34217,34793,36834,33972,32568,33700,37044,34424,30304,27752,27706,32080,27185,33576,30588
30445,34096,32902,37074,32204,34754,36720,34132,32656,33602,37024,34484,30232,27361,28176,33842,24604,29733,34480
30690,34219,32693,39447,31458,34754,36720,34132,32656,33602,37024,34484,30232,27361,28176,33842,24604,29733,34480
30822,33910,32801,40674,34223,34754,36720,34132,32656,33602,37024,34484,30232,27361,28176,33842,24604,29733,34480
31164,32710,32867,41392,32314,34754,36720,34132,32656,33602,37024,34484,30232,27361,28176,33842,24604,29733,34480
31421,31899,32847,41718,31652,34754,36720,34132,32656,33602,37024,34484,30232,27361,28176,33842,24604,29733,34480
31632,32200,32737,41928,34298,34754,36720,34132,32656,33602,37024,34484,30232,27361,28176,33842,24604,29733,34480
31776,32368,32614,42000,32886,34754,36720,34132,32656,33602,37024,34484,30232,27361,28176,33842,24604,29733,34480
31659,31730,32637,41969,31576,34754,36720,34132,32656,33602,37024,34484,30232,27361,28176,33842,24604,29733,34480
31428,31614,32629,41925,34169,34754,36720,34132,32656,33602,37024,34484,30232,27361,28176,33842,24604,29733,34480
31438,32687,32636,41700,32886,34754,36720,34132,32656,33602,37024,34484,30232,27361,28176,33842,24604,29733,34480
31552,34731,32717,41358,32036,34593,36610,34436,32628,33556,36996,34578,30240,26920,28856,36170,24217,32428,32193
31558,34711,32748,40724,34063,34593,36610,34436,32628,33556,36996,34578,30240,26920,28856,36170,24217,32428,32193
31474,33108,32805,40047,33324,34593,36610,34436,32628,33556,36996,34578,30240,26920,28856,36170,24217,32428,32193
31430,32062,32870,39416,31056,34593,36610,34436,32628,33556,36996,34578,30240,26920,28856,36170,24217,32428,32193
31479,31388,32822,38828,33600,34593,36610,34436,32628,33556,36996,34578,30240,26920,28856,36170,24217,32428,32193
31613,31632,32727,38573,31873,34593,36610,34436,32628,33556,36996,34578,30240,26920,28856,36170,24217,32428,32193
31856,31916,32841,38441,31584,34593,36610,34436,32628,33556,36996,34578,30240,26920,28856,36170,24217,32428,32193
32112,32071,32823,38196,33893,34593,36610,34436,32628,33556,36996,34578,30240,26920,28856,36170,24217,32428,32193
32352,32464,32857,37876,32724,34593,36610,34436,32628,33556,36996,34578,30240,26920,28856,36170,24217,32428,32193
32602,32996,32904,37481,32049,34593,36610,34436,32628,33556,36996,34578,30240,26920,28856,36170,24217,32428,32193
32787,33371,32754,37066,33747,34520,36512,34676,32654,33536,36888,34625,30208,26628,29916,37064,27564,30601,32512
32832,32740,32678,36701,32713,34520,36512,34676,32654,33536,36888,34625,30208,26628,29916,37064,27564,30601,32512
32996,32348,32590,36276,31705,34520,36512,34676,32654,33536,36888,34625,30208,26628,29916,37064,27564,30601,32512
33180,32174,32636,35906,34054,34520,36512,34676,32654,33536,36888,34625,30208,26628,29916,37064,27564,30601,32512
33242,31904,32562,35727,32990,34520,36512,34676,32654,33536,36888,34625,30208,26628,29916,37064,27564,30601,32512
33277,31982,32629,35485,31851,34520,36512,34676,32654,33536,36888,34625,30208,26628,29916,37064,27564,30601,32512
33296,31983,32643,35322,33638,34520,36512,34676,32654,33536,36888,34625,30208,26628,29916,37064,27564,30601,32512
33344,31464,32656,35100,32562,34520,36512,34676,32654,33536,36888,34625,30208,26628,29916,37064,27564,30601,32512
32996,32260,32691,34853,31717,34520,36512,34676,32654,33536,36888,34625,30208,26628,29916,37064,27564,30601,32512
32626,33262,32647,34648,34149,34520,36512,34676,32654,33536,36888,34625,30208,26628,29916,37064,27564,30601,32512
32319,33962,32766,34447,33712,34338,36472,34888,32568,33524,36864,34660,30240,26542,30343,36886,24712,29413,34316
32226,35023,32633,34396,31658,34338,36472,34888,32568,33524,36864,34660,30240,26542,30343,36886,24712,29413,34316
32102,34843,32743,34291,33814,34338,36472,34888,32568,33524,36864,34660,30240,26542,30343,36886,24712,29413,34316
31957,34172,32790,34150,32899,34338,36472,34888,32568,33524,36864,34660,30240,26542,30343,36886,24712,29413,34316
32102,33275,32807,34111,31208,34338,36472,34888,32568,33524,36864,34660,30240,26542,30343,36886,24712,29413,34316
32083,32967,32861,34208,33343,34338,36472,34888,32568,33524,36864,34660,30240,26542,30343,36886,24712,29413,34316
32184,32496,32754,34249,32980,34338,36472,34888,32568,33524,36864,34660,30240,26542,30343,36886,24712,29413,34316
32356,31713,32681,34345,31326,34338,36472,34888,32568,33524,36864,34660,30240,26542,30343,36886,24712,29413,34316
32559,32570,32827,34368,33704,34338,36472,34888,32568,33524,36864,34660,30240,26542,30343,36886,24712,29413,34316
32676,32696,32787,33913,33217,34338,36472,34888,32568,33524,36864,34660,30240,26542,30343,36886,24712,29413,34316
32642,29636,32634,33350,30793,34192,36584,35001,32540,33534,36928,34778,30184,26743,30748,36100,26896,33368,35273
32621,29910,32711,33053,33871,34192,36584,35001,32540,33534,36928,34778,30184,26743,30748,36100,26896,33368,35273
32720,32148,32696,32932,32850,34192,36584,35001,32540,33534,36928,34778,30184,26743,30748,36100,26896,33368,35273
32914,32936,32797,33077,31911,34192,36584,35001,32540,33534,36928,34778,30184,26743,30748,36100,26896,33368,35273
33125,33280,32938,33360,33829,34192,36584,35001,32540,33534,36928,34778,30184,26743,30748,36100,26896,33368,35273
33206,34132,32925,33606,33880,34192,36584,35001,32540,33534,36928,34778,30184,26743,30748,36100,26896,33368,35273
33176,34192,32638,33655,31939,34192,36584,35001,32540,33534,36928,34778,30184,26743,30748,36100,26896,33368,35273
32958,33710,32692,33451,33417,34192,36584,35001,32540,33534,36928,34778,30184,26743,30748,36100,26896,33368,35273
33008,33604,32607,33256,32746,34192,36584,35001,32540,33534,36928,34778,30184,26743,30748,36100,26896,33368,35273
33007,33761,32706,33184,31668,34192,36584,35001,32540,33534,36928,34778,30184,26743,30748,36100,26896,33368,35273
32659,33468,32618,33239,33866,34081,36578,35224,32556,33504,36984,34816,30174,27084,31040,35880,28384,30813,33628
32432,33548,32575,46800,33884,34081,36578,35224,32556,33504,36984,34816,30174,27084,31040,35880,28384,30813,33628
27969,13880,54880,58436,32900,34081,36578,35224,32556,33504,36984,34816,30174,27084,31040,35880,28384,30813,33628
29280,14862,55995,56426,32578,34081,36578,35224,32556,33504,36984,34816,30174,27084,31040,35880,28384,30813,33628
25712,20518,50407,53447,34130,34081,36578,35224,32556,33504,36984,34816,30174,27084,31040,35880,28384,30813,33628
26815,25050,43890,50784,31673,34081,36578,35224,32556,33504,36984,34816,30174,27084,31040,35880,28384,30813,33628
26986,28610,39211,48452,32944,34081,36578,35224,32556,33504,36984,34816,30174,27084,31040,35880,28384,30813,33628
28739,31250,35558,46423,34260,34081,36578,35224,32556,33504,36984,34816,30174,27084,31040,35880,28384,30813,33628
30084,33134,32901,44690,32370,34081,36578,35224,32556,33504,36984,34816,30174,27084,31040,35880,28384,30813,33628
30205,34285,30830,43163,32198,34081,36578,35224,32556,33504,36984,34816,30174,27084,31040,35880,28384,30813,33628
30341,35296,29590,41800,33296,33926,36532,35400,32581,33349,36912,34912,30202,27428,31120,34572,28121,32377,32660
30488,36029,28728,40656,31239,33926,36532,35400,32581,33349,36912,34912,30202,27428,31120,34572,28121,32377,32660
28272,36257,28187,39683,32332,33926,36532,35400,32581,33349,36912,34912,30202,27428,31120,34572,28121,32377,32660
25536,36190,27929,38789,33723,33926,36532,35400,32581,33349,36912,34912,30202,27428,31120,34572,28121,32377,32660
27117,36631,27836,38117,32201,33926,36532,35400,32581,33349,36912,34912,30202,27428,31120,34572,28121,32377,32660
27000,36325,27916,37440,32212,33926,36532,35400,32581,33349,36912,34912,30202,27428,31120,34572,28121,32377,32660
31588,36352,28064,36871,34628,33926,36532,35400,32581,33349,36912,34912,30202,27428,31120,34572,28121,32377,32660
36867,36041,28260,26096,31584,33926,36532,35400,32581,33349,36912,34912,30202,27428,31120,34572,28121,32377,32660
41677,35936,28520,20316,31940,33926,36532,35400,32581,33349,36912,34912,30202,27428,31120,34572,28121,32377,32660
41887,35702,28804,18412,34087,33926,36532,35400,32581,33349,36912,34912,30202,27428,31120,34572,28121,32377,32660
40292,35434,29110,19098,32394,33764,36552,35524,32618,33280,36816,34792,30211,28232,30895,32252,25938,28141,31853
37028,35292,29394,22034,31959,33764,36552,35524,32618,33280,36816,34792,30211,28232,30895,32252,25938,28141,31853
32789,35043,29668,25972,34233,33764,36552,35524,32618,33280,36816,34792,30211,28232,30895,32252,25938,28141,31853
26000,34665,29938,31816,32492,33764,36552,35524,32618,33280,36816,34792,30211,28232,30895,32252,25938,28141,31853
23385,34638,30185,35074,31541,33764,36552,35524,32618,33280,36816,34792,30211,28232,30895,32252,25938,28141,31853
24784,34569,30476,35152,33696,33764,36552,35524,32618,33280,36816,34792,30211,28232,30895,32252,25938,28141,31853
24402,34207,30724,35170,32768,33764,36552,35524,32618,33280,36816,34792,30211,28232,30895,32252,25938,28141,31853
27000,34126,30929,33031,31919,33764,36552,35524,32618,33280,36816,34792,30211,28232,30895,32252,25938,28141,31853
27701,33826,31104,32994,34053,33764,36552,35524,32618,33280,36816,34792,30211,28232,30895,32252,25938,28141,31853
35000,33834,31384,33214,33732,33764,36552,35524,32618,33280,36816,34792,30211,28232,30895,32252,25938,28141,31853
29326,33765,31490,33573,31182,33946,36505,35401,32552,33225,36712,34784,30208,29006,30701,29517,29673,31213,32213
31516,33635,31692,36620,33611,33946,36505,35401,32552,33225,36712,34784,30208,29006,30701,29517,29673,31213,32213
33434,33402,31724,35655,32941,33946,36505,35401,32552,33225,36712,34784,30208,29006,30701,29517,29673,31213,32213
34798,33388,31835,32705,31692,33946,36505,35401,32552,33225,36712,34784,30208,29006,30701,29517,29673,31213,32213
35731,33413,31990,30074,33870,33946,36505,35401,32552,33225,36712,34784,30208,29006,30701,29517,29673,31213,32213
36313,33311,32101,34446,33445,33946,36505,35401,32552,33225,36712,34784,30208,29006,30701,29517,29673,31213,32213
36626,33155,32146,35471,31942,33946,36505,35401,32552,33225,36712,34784,30208,29006,30701,29517,29673,31213,32213
36813,33138,32145,35704,33359,33946,36505,35401,32552,33225,36712,34784,30208,29006,30701,29517,29673,31213,32213
36841,33138,32307,38212,33625,33946,36505,35401,32552,33225,36712,34784,30208,29006,30701,29517,29673,31213,32213
36753,33112,32344,40341,31535,33946,36505,35401,32552,33225,36712,34784,30208,29006,30701,29517,29673,31213,32213
36600,33070,32420,26000,33760,33706,36564,34964,32608,33164,36624,34515,30218,29281,29771,26280,28345,28757,28766
36420,32952,32364,5933,33836,33706,36564,34964,32608,33164,36624,34515,30218,29281,29771,26280,28345,28757,28766
36840,32989,32423,813,32793,33706,36564,34964,32608,33164,36624,34515,30218,29281,29771,26280,28345,28757,28766
47825,32859,32536,9,32612,33706,36564,34964,32608,33164,36624,34515,30218,29281,29771,26280,28345,28757,28766
41264,32950,32580,7798,34004,33706,36564,34964,32608,33164,36624,34515,30218,29281,29771,26280,28345,28757,28766
31190,32818,32573,18704,30165,33706,36564,34964,32608,33164,36624,34515,30218,29281,29771,26280,28345,28757,28766
40470,32912,32536,13740,33084,33706,36564,34964,32608,33164,36624,34515,30218,29281,29771,26280,28345,28757,28766
57168,32798,32536,6432,34568,33706,36564,34964,32608,33164,36624,34515,30218,29281,29771,26280,28345,28757,28766
57056,32789,19248,9148,32930,33706,36564,34964,32608,33164,36624,34515,30218,29281,29771,26280,28345,28757,28766
54064,41600,7628,12249,31796,33706,36564,34964,32608,33164,36624,34515,30218,29281,29771,26280,28345,28757,28766
51222,38147,19884,14975,32391,33597,36616,34684,32488,32996,36712,34396,30234,29769,29318,23804,27581,28240,29016
41808,38820,25295,17308,32292,33597,36616,34684,32488,32996,36712,34396,30234,29769,29318,23804,27581,28240,29016
36204,38482,28661,19330,31929,33597,36616,34684,32488,32996,36712,34396,30234,29769,29318,23804,27581,28240,29016
33344,36857,31004,21097,34426,33597,36616,34684,32488,32996,36712,34396,30234,29769,29318,23804,27581,28240,29016
31419,36911,32824,22623,33125,33597,36616,34684,32488,32996,36712,34396,30234,29769,29318,23804,27581,28240,29016
30026,34452,34110,23948,31577,33597,36616,34684,32488,32996,36712,34396,30234,29769,29318,23804,27581,28240,29016
28958,30784,35060,25082,34358,33597,36616,34684,32488,32996,36712,34396,30234,29769,29318,23804,27581,28240,29016
28332,30743,35655,26084,31669,33597,36616,34684,32488,32996,36712,34396,30234,29769,29318,23804,27581,28240,29016
28149,31805,36225,26961,31920,33597,36616,34684,32488,32996,36712,34396,30234,29769,29318,23804,27581,28240,29016
28105,31557,36293,27708,34013,33597,36616,34684,32488,32996,36712,34396,30234,29769,29318,23804,27581,28240,29016
28020,31375,36269,28362,32896,33408,36648,34464,32418,32865,36768,34080,30204,29832,29328,22430,28249,30500,28036
27756,31807,36238,28924,31866,33408,36648,34464,32418,32865,36768,34080,30204,29832,29328,22430,28249,30500,28036
27734,33558,36076,31666,33828,33408,36648,34464,32418,32865,36768,34080,30204,29832,29328,22430,28249,30500,28036
28114,31084,35956,36958,32857,33408,36648,34464,32418,32865,36768,34080,30204,29832,29328,22430,28249,30500,28036
28640,29568,35877,38466,31365,33408,36648,34464,32418,32865,36768,34080,30204,29832,29328,22430,28249,30500,28036
28875,32007,35645,39994,34006,33408,36648,34464,32418,32865,36768,34080,30204,29832,29328,22430,28249,30500,28036
28956,34768,35440,41046,32861,33408,36648,34464,32418,32865,36768,34080,30204,29832,29328,22430,28249,30500,28036
29010,32900,35211,41777,31684,33408,36648,34464,32418,32865,36768,34080,30204,29832,29328,22430,28249,30500,28036
29224,30932,34927,42136,33781,33408,36648,34464,32418,32865,36768,34080,30204,29832,29328,22430,28249,30500,28036
29198,30751,34654,41940,33645,33408,36648,34464,32418,32865,36768,34080,30204,29832,29328,22430,28249,30500,28036
29284,30183,34472,41499,31143,33433,36858,34152,32504,32872,36896,33778,30188,29760,29193,21512,31033,28314,24607
29676,30901,34252,40824,33555,33433,36858,34152,32504,32872,36896,33778,30188,29760,29193,21512,31033,28314,24607
29826,30658,34140,40270,32790,33433,36858,34152,32504,32872,36896,33778,30188,29760,29193,21512,31033,28314,24607
29980,29029,34153,39745,31658,33433,36858,34152,32504,32872,36896,33778,30188,29760,29193,21512,31033,28314,24607
30377,29450,34005,39480,33971,33433,36858,34152,32504,32872,36896,33778,30188,29760,29193,21512,31033,28314,24607
30637,32804,34049,39047,33238,33433,36858,34152,32504,32872,36896,33778,30188,29760,29193,21512,31033,28314,24607
30580,32816,34040,38499,31789,33433,36858,34152,32504,32872,36896,33778,30188,29760,29193,21512,31033,28314,24607
30849,31517,34025,37980,33335,33433,36858,34152,32504,32872,36896,33778,30188,29760,29193,21512,31033,28314,24607
30697,31128,33999,37668,32648,33433,36858,34152,32504,32872,36896,33778,30188,29760,29193,21512,31033,28314,24607
30785,31857,34077,37405,31551,33433,36858,34152,32504,32872,36896,33778,30188,29760,29193,21512,31033,28314,24607
30855,32548,34009,37159,34002,33404,37164,33872,32508,33060,37112,33500,30221,29937,28925,20632,28200,29816,22617
31104,32588,33625,36979,33216,33404,37164,33872,32508,33060,37112,33500,30221,29937,28925,20632,28200,29816,22617
31554,32303,33322,36580,32272,33404,37164,33872,32508,33060,37112,33500,30221,29937,28925,20632,28200,29816,22617
31980,32850,33303,36284,33346,33404,37164,33872,32508,33060,37112,33500,30221,29937,28925,20632,28200,29816,22617
32332,34079,33186,36260,33328,33404,37164,33872,32508,33060,37112,33500,30221,29937,28925,20632,28200,29816,22617
32492,34380,33021,36474,31794,33404,37164,33872,32508,33060,37112,33500,30221,29937,28925,20632,28200,29816,22617
32468,35930,32925,36640,33402,33404,37164,33872,32508,33060,37112,33500,30221,29937,28925,20632,28200,29816,22617
32410,36352,32721,36268,33532,33404,37164,33872,32508,33060,37112,33500,30221,29937,28925,20632,28200,29816,22617
32410,35293,32694,35545,32374,33404,37164,33872,32508,33060,37112,33500,30221,29937,28925,20632,28200,29816,22617
32525,31498,32909,34753,32837,33404,37164,33872,32508,33060,37112,33500,30221,29937,28925,20632,28200,29816,22617
32494,31757,32914,34537,33812,33545,37552,33416,32488,33416,37344,33053,30222,30261,28367,19993,27356,28024,21585
32431,31972,32949,34310,31888,33545,37552,33416,32488,33416,37344,33053,30222,30261,28367,19993,27356,28024,21585
32412,32829,33014,34311,32700,33545,37552,33416,32488,33416,37344,33053,30222,30261,28367,19993,27356,28024,21585
32460,33376,33096,34191,34002,33545,37552,33416,32488,33416,37344,33053,30222,30261,28367,19993,27356,28024,21585
32342,32523,33140,33810,31993,33545,37552,33416,32488,33416,37344,33053,30222,30261,28367,19993,27356,28024,21585
32258,31737,33045,33570,32276,33545,37552,33416,32488,33416,37344,33053,30222,30261,28367,19993,27356,28024,21585
32174,29911,33012,33487,34498,33545,37552,33416,32488,33416,37344,33053,30222,30261,28367,19993,27356,28024,21585
32652,29481,33042,33484,31310,33545,37552,33416,32488,33416,37344,33053,30222,30261,28367,19993,27356,28024,21585
33078,29897,32953,33346,32382,33545,37552,33416,32488,33416,37344,33053,30222,30261,28367,19993,27356,28024,21585
33376,31268,32952,33479,33852,33545,37552,33416,32488,33416,37344,33053,30222,30261,28367,19993,27356,28024,21585
33284,32269,32853,33728,32422,33844,37900,33192,32402,33436,37680,33160,30160,30272,27724,19712,29552,31192,20794
33336,33526,32604,34038,32518,33844,37900,33192,32402,33436,37680,33160,30160,30272,27724,19712,29552,31192,20794
33368,33510,32518,34161,34062,33844,37900,33192,32402,33436,37680,33160,30160,30272,27724,19712,29552,31192,20794
33330,31854,32553,34128,31687,33844,37900,33192,32402,33436,37680,33160,30160,30272,27724,19712,29552,31192,20794
33232,31661,32638,33723,32180,33844,37900,33192,32402,33436,37680,33160,30160,30272,27724,19712,29552,31192,20794
33165,30834,32518,33276,33604,33844,37900,33192,32402,33436,37680,33160,30160,30272,27724,19712,29552,31192,20794
32698,31093,32428,33319,32696,33844,37900,33192,32402,33436,37680,33160,30160,30272,27724,19712,29552,31192,20794
32436,34416,32527,33666,32289,33844,37900,33192,32402,33436,37680,33160,30160,30272,27724,19712,29552,31192,20794
32315,37220,32665,33992,34320,33844,37900,33192,32402,33436,37680,33160,30160,30272,27724,19712,29552,31192,20794
32442,37734,32715,34168,32372,33844,37900,33192,32402,33436,37680,33160,30160,30272,27724,19712,29552,31192,20794
32612,36737,32818,33643,31664,34070,38052,33048,32330,33540,37712,33216,30138,29948,27196,19623,28260,29309,20417
32610,33817,33074,33078,33724,34070,38052,33048,32330,33540,37712,33216,30138,29948,27196,19623,28260,29309,20417
32588,31264,33284,32697,32112,34070,38052,33048,32330,33540,37712,33216,30138,29948,27196,19623,28260,29309,20417
32645,30412,33229,32747,32032,34070,38052,33048,32330,33540,37712,33216,30138,29948,27196,19623,28260,29309,20417
32652,30209,33070,32759,34279,34070,38052,33048,32330,33540,37712,33216,30138,29948,27196,19623,28260,29309,20417
32805,29803,32899,32752,32529,34070,38052,33048,32330,33540,37712,33216,30138,29948,27196,19623,28260,29309,20417
32352,29888,32580,54408,32196,34070,38052,33048,32330,33540,37712,33216,30138,29948,27196,19623,28260,29309,20417
32002,29862,32546,58909,33444,34070,38052,33048,32330,33540,37712,33216,30138,29948,27196,19623,28260,29309,20417
31854,32425,32814,44649,32452,34070,38052,33048,32330,33540,37712,33216,30138,29948,27196,19623,28260,29309,20417
32192,34171,32734,7158,31966,34070,38052,33048,32330,33540,37712,33216,30138,29948,27196,19623,28260,29309,20417
32196,32666,32138,46172,34390,34228,37952,32928,32228,33704,37696,33332,30130,29348,27034,20525,27117,28784,21649
32408,31706,32036,11834,32811,34228,37952,32928,32228,33704,37696,33332,30130,29348,27034,20525,27117,28784,21649
32398,34140,32665,16956,32045,34228,37952,32928,32228,33704,37696,33332,30130,29348,27034,20525,27117,28784,21649
32626,36225,32862,22146,33879,34228,37952,32928,32228,33704,37696,33332,30130,29348,27034,20525,27117,28784,21649
32824,35917,32837,25458,32699,34228,37952,32928,32228,33704,37696,33332,30130,29348,27034,20525,27117,28784,21649
32848,36690,32811,27575,31727,34228,37952,32928,32228,33704,37696,33332,30130,29348,27034,20525,27117,28784,21649
32942,37882,32864,29169,33865,34228,37952,32928,32228,33704,37696,33332,30130,29348,27034,20525,27117,28784,21649
33044,33524,32786,30092,32468,34228,37952,32928,32228,33704,37696,33332,30130,29348,27034,20525,27117,28784,21649
33028,28949,32775,30824,31919,34228,37952,32928,32228,33704,37696,33332,30130,29348,27034,20525,27117,28784,21649
33168,29540,32775,31826,34007,34228,37952,32928,32228,33704,37696,33332,30130,29348,27034,20525,27117,28784,21649
33356,31924,32896,33106,32364,34360,37697,32912,32217,33678,37416,33764,30084,28880,27136,22317,26661,29896,23548
32936,33265,32907,33871,31548,34360,37697,32912,32217,33678,37416,33764,30084,28880,27136,22317,26661,29896,23548
32865,33286,32884,34264,34048,34360,37697,32912,32217,33678,37416,33764,30084,28880,27136,22317,26661,29896,23548
32993,31881,32922,34574,32761,34360,37697,32912,32217,33678,37416,33764,30084,28880,27136,22317,26661,29896,23548
32916,30934,32646,34815,31719,34360,37697,32912,32217,33678,37416,33764,30084,28880,27136,22317,26661,29896,23548
32406,30093,32105,34396,33887,34360,37697,32912,32217,33678,37416,33764,30084,28880,27136,22317,26661,29896,23548
31816,31901,32282,34121,33042,34360,37697,32912,32217,33678,37416,33764,30084,28880,27136,22317,26661,29896,23548
31826,33901,32681,34149,31235,34360,37697,32912,32217,33678,37416,33764,30084,28880,27136,22317,26661,29896,23548
32148,31021,32715,33992,33767,34360,37697,32912,32217,33678,37416,33764,30084,28880,27136,22317,26661,29896,23548
32568,29079,32834,34159,32957,34360,37697,32912,32217,33678,37416,33764,30084,28880,27136,22317,26661,29896,23548
32872,30780,32838,34468,32278,34281,37280,33218,32200,33440,37212,34020,30016,28692,27073,25172,27277,34996,22460
33100,32973,32885,34836,33679,34281,37280,33218,32200,33440,37212,34020,30016,28692,27073,25172,27277,34996,22460
32771,33600,32824,34686,33453,34281,37280,33218,32200,33440,37212,34020,30016,28692,27073,25172,27277,34996,22460
32690,33262,33070,34359,31545,34281,37280,33218,32200,33440,37212,34020,30016,28692,27073,25172,27277,34996,22460
32869,30623,33047,33966,33476,34281,37280,33218,32200,33440,37212,34020,30016,28692,27073,25172,27277,34996,22460
32814,30322,32952,33671,33016,34281,37280,33218,32200,33440,37212,34020,30016,28692,27073,25172,27277,34996,22460
32980,32103,32686,33313,31485,34281,37280,33218,32200,33440,37212,34020,30016,28692,27073,25172,27277,34996,22460
33226,31716,32712,33210,33643,34281,37280,33218,32200,33440,37212,34020,30016,28692,27073,25172,27277,34996,22460
32690,32660,32452,33336,33022,34281,37280,33218,32200,33440,37212,34020,30016,28692,27073,25172,27277,34996,22460
32444,32390,32313,33348,31382,34281,37280,33218,32200,33440,37212,34020,30016,28692,27073,25172,27277,34996,22460
32668,32500,32530,33352,33474,34136,36892,33714,32266,33177,37120,34276,29945,28156,27433,28188,26465,31169,24968
32724,32759,32944,33424,32585,34136,36892,33714,32266,33177,37120,34276,29945,28156,27433,28188,26465,31169,24968
32820,35026,33077,33559,31162,34136,36892,33714,32266,33177,37120,34276,29945,28156,27433,28188,26465,31169,24968
32948,37660,33032,33926,33867,34136,36892,33714,32266,33177,37120,34276,29945,28156,27433,28188,26465,31169,24968
33180,39538,33230,34071,33408,34136,36892,33714,32266,33177,37120,34276,29945,28156,27433,28188,26465,31169,24968
33259,40784,32997,33706,31740,34136,36892,33714,32266,33177,37120,34276,29945,28156,27433,28188,26465,31169,24968
33032,38025,33007,32750,34060,34136,36892,33714,32266,33177,37120,34276,29945,28156,27433,28188,26465,31169,24968
32923,34312,33471,32249,32480,34136,36892,33714,32266,33177,37120,34276,29945,28156,27433,28188,26465,31169,24968
32733,32458,33157,32549,31300,34136,36892,33714,32266,33177,37120,34276,29945,28156,27433,28188,26465,31169,24968
32458,31707,32635,33170,33789,34136,36892,33714,32266,33177,37120,34276,29945,28156,27433,28188,26465,31169,24968
32203,31968,32387,33845,33970,34160,36596,34152,32268,33200,36957,34670,29940,27915,29285,31360,27120,31893,24160
32043,34463,32325,33778,32372,34160,36596,34152,32268,33200,36957,34670,29940,27915,29285,31360,27120,31893,24160
32054,30294,32153,33016,33440,34160,36596,34152,32268,33200,36957,34670,29940,27915,29285,31360,27120,31893,24160
32080,26912,32397,32322,33544,34160,36596,34152,32268,33200,36957,34670,29940,27915,29285,31360,27120,31893,24160
32208,28809,32608,32327,31405,34160,36596,34152,32268,33200,36957,34670,29940,27915,29285,31360,27120,31893,24160
32501,31415,32607,32880,33725,34160,36596,34152,32268,33200,36957,34670,29940,27915,29285,31360,27120,31893,24160
32732,33316,32473,33669,33273,34160,36596,34152,32268,33200,36957,34670,29940,27915,29285,31360,27120,31893,24160
32760,33133,32642,33663,31663,34160,36596,34152,32268,33200,36957,34670,29940,27915,29285,31360,27120,31893,24160
32442,32484,32969,33112,34230,34160,36596,34152,32268,33200,36957,34670,29940,27915,29285,31360,27120,31893,24160
32208,29855,33646,32732,32273,34160,36596,34152,32268,33200,36957,34670,29940,27915,29285,31360,27120,31893,24160
32104,31388,33349,35614,31518,34416,36492,34700,32296,33386,37003,34842,29860,27978,30308,33096,29427,34162,25740
8617,14148,55988,57536,33652,34416,36492,34700,32296,33386,37003,34842,29860,27978,30308,33096,29427,34162,25740
8886,16733,56660,56548,31968,34416,36492,34700,32296,33386,37003,34842,29860,27978,30308,33096,29427,34162,25740
19748,22156,51040,53556,32436,34416,36492,34700,32296,33386,37003,34842,29860,27978,30308,33096,29427,34162,25740
31164,26340,42540,50922,34031,34416,36492,34700,32296,33386,37003,34842,29860,27978,30308,33096,29427,34162,25740
32744,29472,37812,48520,31838,34416,36492,34700,32296,33386,37003,34842,29860,27978,30308,33096,29427,34162,25740
35128,31721,34542,46510,33348,34416,36492,34700,32296,33386,37003,34842,29860,27978,30308,33096,29427,34162,25740
36372,33488,32180,44737,33124,34416,36492,34700,32296,33386,37003,34842,29860,27978,30308,33096,29427,34162,25740
39484,34635,30388,43183,31866,34416,36492,34700,32296,33386,37003,34842,29860,27978,30308,33096,29427,34162,25740
39046,35458,29208,41986,33673,34416,36492,34700,32296,33386,37003,34842,29860,27978,30308,33096,29427,34162,25740
39816,35860,28434,40685,33229,34628,36608,34636,32272,33436,36944,35080,29800,27741,30588,34288,25764,31032,29677
40198,36186,28025,39674,32263,34628,36608,34636,32272,33436,36944,35080,29800,27741,30588,34288,25764,31032,29677
39056,36333,27766,33412,34416,34628,36608,34636,32272,33436,36944,35080,29800,27741,30588,34288,25764,31032,29677
37732,36240,27796,29771,33571,34628,36608,34636,32272,33436,36944,35080,29800,27741,30588,34288,25764,31032,29677
33648,36264,27879,29860,31431,34628,36608,34636,32272,33436,36944,35080,29800,27741,30588,34288,25764,31032,29677
32572,36204,28060,29006,33914,34628,36608,34636,32272,33436,36944,35080,29800,27741,30588,34288,25764,31032,29677
32810,35922,28256,27412,32134,34628,36608,34636,32272,33436,36944,35080,29800,27741,30588,34288,25764,31032,29677
30556,35791,28554,27894,32004,34628,36608,34636,32272,33436,36944,35080,29800,27741,30588,34288,25764,31032,29677
32330,35549,28844,26163,34309,34628,36608,34636,32272,33436,36944,35080,29800,27741,30588,34288,25764,31032,29677
31778,35309,29126,26198,31939,34628,36608,34636,32272,33436,36944,35080,29800,27741,30588,34288,25764,31032,29677
29494,35130,29450,27906,32942,34498,36876,34596,32260,33389,36990,34940,29776,27516,31348,34696,28176,35912,31561
30004,34968,29715,28677,32642,34498,36876,34596,32260,33389,36990,34940,29776,27516,31348,34696,28176,35912,31561
27574,34664,30009,31456,33006,34498,36876,34596,32260,33389,36990,34940,29776,27516,31348,34696,28176,35912,31561
21964,34592,30299,36664,32856,34498,36876,34596,32260,33389,36990,34940,29776,27516,31348,34696,28176,35912,31561
24297,34240,30543,35762,33100,34498,36876,34596,32260,33389,36990,34940,29776,27516,31348,34696,28176,35912,31561
24390,34169,30830,39655,31625,34498,36876,34596,32260,33389,36990,34940,29776,27516,31348,34696,28176,35912,31561
27818,33907,30953,37072,33038,34498,36876,34596,32260,33389,36990,34940,29776,27516,31348,34696,28176,35912,31561
30820,33792,31139,34685,31239,34498,36876,34596,32260,33389,36990,34940,29776,27516,31348,34696,28176,35912,31561
33055,33826,31368,34337,31309,34498,36876,34596,32260,33389,36990,34940,29776,27516,31348,34696,28176,35912,31561
34626,33705,31555,31716,33824,34498,36876,34596,32260,33389,36990,34940,29776,27516,31348,34696,28176,35912,31561
35744,33552,31597,31824,33005,34328,36936,34548,32225,33400,37082,34822,29732,27354,31621,34950,25497,34380,34119
36438,33473,31820,30723,31560,34328,36936,34548,32225,33400,37082,34822,29732,27354,31621,34950,25497,34380,34119
36859,33309,31918,31864,34460,34328,36936,34548,32225,33400,37082,34822,29732,27354,31621,34950,25497,34380,34119
37088,33340,32026,30806,31806,34328,36936,34548,32225,33400,37082,34822,29732,27354,31621,34950,25497,34380,34119
37160,33260,32146,30479,31581,34328,36936,34548,32225,33400,37082,34822,29732,27354,31621,34950,25497,34380,34119
37081,33137,32175,30497,32802,34328,36936,34548,32225,33400,37082,34822,29732,27354,31621,34950,25497,34380,34119
36936,33142,32142,30721,34029,34328,36936,34548,32225,33400,37082,34822,29732,27354,31621,34950,25497,34380,34119
36753,33149,32345,18878,32034,34328,36936,34548,32225,33400,37082,34822,29732,27354,31621,34950,25497,34380,34119
36472,33094,32366,8291,32562,34328,36936,34548,32225,33400,37082,34822,29732,27354,31621,34950,25497,34380,34119
53540,32928,32364,25,34520,34328,36936,34548,32225,33400,37082,34822,29732,27354,31621,34950,25497,34380,34119
57972,32792,32406,11,31885,34088,37000,34460,32218,33500,37040,34406,29731,27352,31700,35591,26347,31503,33422
47367,32891,32492,3007,31564,34088,37000,34460,32218,33500,37040,34406,29731,27352,31700,35591,26347,31503,33422
47413,32918,32534,8204,33446,34088,37000,34460,32218,33500,37040,34406,29731,27352,31700,35591,26347,31503,33422
47000,32980,32200,11287,32870,34088,37000,34460,32218,33500,37040,34406,29731,27352,31700,35591,26347,31503,33422
46934,32852,26788,13782,33279,34088,37000,34460,32218,33500,37040,34406,29731,27352,31700,35591,26347,31503,33422
40030,32877,28804,20704,34475,34088,37000,34460,32218,33500,37040,34406,29731,27352,31700,35591,26347,31503,33422
37460,32832,29153,23749,34117,34088,37000,34460,32218,33500,37040,34406,29731,27352,31700,35591,26347,31503,33422
39197,32878,26558,23682,30540,34088,37000,34460,32218,33500,37040,34406,29731,27352,31700,35591,26347,31503,33422
38952,32882,25124,24536,33465,34088,37000,34460,32218,33500,37040,34406,29731,27352,31700,35591,26347,31503,33422
35001,32860,27389,29101,32235,34088,37000,34460,32218,33500,37040,34406,29731,27352,31700,35591,26347,31503,33422
36232,49636,15816,21370,32352,34056,37160,33753,32176,33704,36880,34194,29652,27645,30481,33616,29066,34744,30588
28957,32748,32050,31084,33500,34056,37160,33753,32176,33704,36880,34194,29652,27645,30481,33616,29066,34744,30588
24864,27154,38407,42573,33162,34056,37160,33753,32176,33704,36880,34194,29652,27645,30481,33616,29066,34744,30588
34402,36973,30484,34564,33168,34056,37160,33753,32176,33704,36880,34194,29652,27645,30481,33616,29066,34744,30588
30496,32862,32370,36520,32074,34056,37160,33753,32176,33704,36880,34194,29652,27645,30481,33616,29066,34744,30588
27112,30414,34640,39298,34268,34056,37160,33753,32176,33704,36880,34194,29652,27645,30481,33616,29066,34744,30588
27233,30558,35116,39789,32221,34056,37160,33753,32176,33704,36880,34194,29652,27645,30481,33616,29066,34744,30588
27046,36770,30921,35063,32048,34056,37160,33753,32176,33704,36880,34194,29652,27645,30481,33616,29066,34744,30588
26555,37455,31792,33652,34868,34056,37160,33753,32176,33704,36880,34194,29652,27645,30481,33616,29066,34744,30588
24528,27965,41250,44032,32434,34056,37160,33753,32176,33704,36880,34194,29652,27645,30481,33616,29066,34744,30588
16805,24772,50059,53575,31420,34192,37331,33250,32250,33938,36850,33833,29630,28068,28964,31960,26135,31282,28168
18210,26825,48492,52674,33656,34192,37331,33250,32250,33938,36850,33833,29630,28068,28964,31960,26135,31282,28168
21446,28445,44687,49600,32531,34192,37331,33250,32250,33938,36850,33833,29630,28068,28964,31960,26135,31282,28168
28394,29828,38000,42499,31512,34192,37331,33250,32250,33938,36850,33833,29630,28068,28964,31960,26135,31282,28168
33240,30964,33206,36408,34176,34192,37331,33250,32250,33938,36850,33833,29630,28068,28964,31960,26135,31282,28168
32112,31767,32925,35644,33244,34192,37331,33250,32250,33938,36850,33833,29630,28068,28964,31960,26135,31282,28168
26926,32268,36280,39485,31772,34192,37331,33250,32250,33938,36850,33833,29630,28068,28964,31960,26135,31282,28168
28727,32538,35341,37267,33140,34192,37331,33250,32250,33938,36850,33833,29630,28068,28964,31960,26135,31282,28168
31660,32932,33133,34985,32534,34192,37331,33250,32250,33938,36850,33833,29630,28068,28964,31960,26135,31282,28168
31674,33225,33104,34648,31917,34192,37331,33250,32250,33938,36850,33833,29630,28068,28964,31960,26135,31282,28168
30861,33328,33618,34926,33905,34296,37361,32640,32306,34156,36832,33520,29558,28224,27264,29599,27148,31782,28993
29105,33228,35060,36540,33572,34296,37361,32640,32306,34156,36832,33520,29558,28224,27264,29599,27148,31782,28993
29170,33377,35084,36895,31539,34296,37361,32640,32306,34156,36832,33520,29558,28224,27264,29599,27148,31782,28993
30365,33474,33914,35861,33540,34296,37361,32640,32306,34156,36832,33520,29558,28224,27264,29599,27148,31782,28993
28972,33468,34040,37660,32883,34296,37361,32640,32306,34156,36832,33520,29558,28224,27264,29599,27148,31782,28993
27578,33287,32939,38834,31476,34296,37361,32640,32306,34156,36832,33520,29558,28224,27264,29599,27148,31782,28993
26955,33393,32188,39054,33626,34296,37361,32640,32306,34156,36832,33520,29558,28224,27264,29599,27148,31782,28993
29592,33338,31718,37013,32836,34296,37361,32640,32306,34156,36832,33520,29558,28224,27264,29599,27148,31782,28993
28893,33332,31372,36612,31384,34296,37361,32640,32306,34156,36832,33520,29558,28224,27264,29599,27148,31782,28993
25606,33074,31139,38594,33604,34296,37361,32640,32306,34156,36832,33520,29558,28224,27264,29599,27148,31782,28993
24626,33189,30976,39698,32745,34344,37245,32256,32152,34364,36952,33220,29528,28127,26561,29400,29084,34811,29668
31260,33241,30986,35095,31529,34344,37245,32256,32152,34364,36952,33220,29528,28127,26561,29400,29084,34811,29668
40212,33146,31030,27724,33988,34344,37245,32256,32152,34364,36952,33220,29528,28127,26561,29400,29084,34811,29668
45584,33067,31084,22186,33593,34344,37245,32256,32152,34364,36952,33220,29528,28127,26561,29400,29084,34811,29668
51844,32956,23038,16280,31800,34344,37245,32256,32152,34364,36952,33220,29528,28127,26561,29400,29084,34811,29668
48341,43444,10806,6592,33088,34344,37245,32256,32152,34364,36952,33220,29528,28127,26561,29400,29084,34811,29668
40317,43293,19619,5452,34647,34344,37245,32256,32152,34364,36952,33220,29528,28127,26561,29400,29084,34811,29668
37392,38214,24694,8964,32825,34344,37245,32256,32152,34364,36952,33220,29528,28127,26561,29400,29084,34811,29668
35824,34182,27468,12165,31558,34344,37245,32256,32152,34364,36952,33220,29528,28127,26561,29400,29084,34811,29668
34764,31419,29480,14921,33561,34344,37245,32256,32152,34364,36952,33220,29528,28127,26561,29400,29084,34811,29668
33956,33473,31296,17311,32002,34460,37112,32164,32224,34192,36992,33132,29386,27921,25980,30676,28560,36289,28068
33272,36767,32532,19384,32458,34460,37112,32164,32224,34192,36992,33132,29386,27921,25980,30676,28560,36289,28068
33344,36972,33340,21145,34570,34460,37112,32164,32224,34192,36992,33132,29386,27921,25980,30676,28560,36289,28068
32692,32140,33772,22685,33478,34460,37112,32164,32224,34192,36992,33132,29386,27921,25980,30676,28560,36289,28068
32233,30312,34252,24012,31875,34460,37112,32164,32224,34192,36992,33132,29386,27921,25980,30676,28560,36289,28068
32065,32024,34498,25136,34075,34460,37112,32164,32224,34192,36992,33132,29386,27921,25980,30676,28560,36289,28068
32146,33411,35781,26123,33280,34460,37112,32164,32224,34192,36992,33132,29386,27921,25980,30676,28560,36289,28068
32018,32009,37149,26974,31159,34460,37112,32164,32224,34192,36992,33132,29386,27921,25980,30676,28560,36289,28068
31492,30811,36427,28088,33610,34460,37112,32164,32224,34192,36992,33132,29386,27921,25980,30676,28560,36289,28068
30528,31184,36185,46832,33374,34460,37112,32164,32224,34192,36992,33132,29386,27921,25980,30676,28560,36289,28068
29830,31041,35036,43660,31239,34556,37232,32013,32126,33884,37016,33116,29344,27589,25144,32792,28900,35021,30809
30565,31046,33573,48280,33610,34556,37232,32013,32126,33884,37016,33116,29344,27589,25144,32792,28900,35021,30809
31300,30517,31879,49612,32464,34556,37232,32013,32126,33884,37016,33116,29344,27589,25144,32792,28900,35021,30809
32112,28924,32274,43762,30714,34556,37232,32013,32126,33884,37016,33116,29344,27589,25144,32792,28900,35021,30809
32354,30462,33016,32128,33572,34556,37232,32013,32126,33884,37016,33116,29344,27589,25144,32792,28900,35021,30809
32052,30908,33736,24173,31990,34556,37232,32013,32126,33884,37016,33116,29344,27589,25144,32792,28900,35021,30809
31593,31866,33303,23689,32820,34556,37232,32013,32126,33884,37016,33116,29344,27589,25144,32792,28900,35021,30809
31012,34863,32532,30463,33708,34556,37232,32013,32126,33884,37016,33116,29344,27589,25144,32792,28900,35021,30809
31306,33455,34130,33638,31444,34556,37232,32013,32126,33884,37016,33116,29344,27589,25144,32792,28900,35021,30809
31604,32032,34807,36511,31682,34556,37232,32013,32126,33884,37016,33116,29344,27589,25144,32792,28900,35021,30809
31552,29562,34348,36900,33878,34176,37108,32456,32280,33448,37100,33320,29192,26919,25733,35898,27564,34644,32024
30365,28098,34523,35650,34234,34176,37108,32456,32280,33448,37100,33320,29192,26919,25733,35898,27564,34644,32024
30144,30215,34717,37760,32040,34176,37108,32456,32280,33448,37100,33320,29192,26919,25733,35898,27564,34644,32024
30396,34016,34482,38784,33846,34176,37108,32456,32280,33448,37100,33320,29192,26919,25733,35898,27564,34644,32024
31060,36491,34044,37938,31621,34176,37108,32456,32280,33448,37100,33320,29192,26919,25733,35898,27564,34644,32024
31386,38028,33958,38189,31150,34176,37108,32456,32280,33448,37100,33320,29192,26919,25733,35898,27564,34644,32024
32545,37895,33148,37928,34311,34176,37108,32456,32280,33448,37100,33320,29192,26919,25733,35898,27564,34644,32024
33768,33069,32484,35742,32496,34176,37108,32456,32280,33448,37100,33320,29192,26919,25733,35898,27564,34644,32024
34522,26726,32465,35484,31957,34176,37108,32456,32280,33448,37100,33320,29192,26919,25733,35898,27564,34644,32024
35158,29671,32551,38116,33421,34176,37108,32456,32280,33448,37100,33320,29192,26919,25733,35898,27564,34644,32024
35019,34530,32610,39167,32873,33882,36972,32876,32248,33020,37084,33564,29076,26596,25604,39440,27010,34635,34984
34436,35188,32802,39648,31290,33882,36972,32876,32248,33020,37084,33564,29076,26596,25604,39440,27010,34635,34984
34294,34914,33479,38652,34135,33882,36972,32876,32248,33020,37084,33564,29076,26596,25604,39440,27010,34635,34984
34069,34620,33920,37574,33490,33882,36972,32876,32248,33020,37084,33564,29076,26596,25604,39440,27010,34635,34984
33657,33508,33373,36836,31863,33882,36972,32876,32248,33020,37084,33564,29076,26596,25604,39440,27010,34635,34984
33180,30356,32720,35165,33493,33882,36972,32876,32248,33020,37084,33564,29076,26596,25604,39440,27010,34635,34984
32950,26726,32400,34071,33500,33882,36972,32876,32248,33020,37084,33564,29076,26596,25604,39440,27010,34635,34984
33037,29568,32496,33562,31471,33882,36972,32876,32248,33020,37084,33564,29076,26596,25604,39440,27010,34635,34984
32960,32224,32663,34068,33485,33882,36972,32876,32248,33020,37084,33564,29076,26596,25604,39440,27010,34635,34984
32968,33140,33272,33515,34778,33882,36972,32876,32248,33020,37084,33564,29076,26596,25604,39440,27010,34635,34984
32600,34677,33927,32742,32811,33568,37060,33516,32280,32682,37108,34066,28925,26316,26320,43108,24896,33994,36697
32476,33656,34164,33492,31764,33568,37060,33516,32280,32682,37108,34066,28925,26316,26320,43108,24896,33994,36697
32368,30153,33996,34922,32448,33568,37060,33516,32280,32682,37108,34066,28925,26316,26320,43108,24896,33994,36697
32463,28719,34510,35602,30651,33568,37060,33516,32280,32682,37108,34066,28925,26316,26320,43108,24896,33994,36697
32488,27442,32947,36616,33341,33568,37060,33516,32280,32682,37108,34066,28925,26316,26320,43108,24896,33994,36697
32164,28576,31566,35542,32792,33568,37060,33516,32280,32682,37108,34066,28925,26316,26320,43108,24896,33994,36697
31797,34304,31920,34796,31354,33568,37060,33516,32280,32682,37108,34066,28925,26316,26320,43108,24896,33994,36697
31728,40380,32477,37221,33858,33568,37060,33516,32280,32682,37108,34066,28925,26316,26320,43108,24896,33994,36697
31994,39282,32326,34172,33702,33568,37060,33516,32280,32682,37108,34066,28925,26316,26320,43108,24896,33994,36697
32184,33238,31572,30681,31943,33568,37060,33516,32280,32682,37108,34066,28925,26316,26320,43108,24896,33994,36697
32168,28224,31086,30882,32892,33172,36922,34562,32197,32368,37210,34288,28804,26312,26419,39812,24421,33800,35958
31680,28404,31976,32041,34998,33172,36922,34562,32197,32368,37210,34288,28804,26312,26419,39812,24421,33800,35958
31340,30621,34343,33212,32796,33172,36922,34562,32197,32368,37210,34288,28804,26312,26419,39812,24421,33800,35958
31244,34969,33737,32782,31526,33172,36922,34562,32197,32368,37210,34288,28804,26312,26419,39812,24421,33800,35958
31850,33896,32568,34382,33784,33172,36922,34562,32197,32368,37210,34288,28804,26312,26419,39812,24421,33800,35958
32678,35513,32822,36247,32867,33172,36922,34562,32197,32368,37210,34288,28804,26312,26419,39812,24421,33800,35958
32993,36620,33186,36028,32543,33172,36922,34562,32197,32368,37210,34288,28804,26312,26419,39812,24421,33800,35958
33031,37198,33277,35222,33897,33172,36922,34562,32197,32368,37210,34288,28804,26312,26419,39812,24421,33800,35958
33574,33939,33412,35369,31959,33172,36922,34562,32197,32368,37210,34288,28804,26312,26419,39812,24421,33800,35958
34221,30690,33518,34407,31186,33172,36922,34562,32197,32368,37210,34288,28804,26312,26419,39812,24421,33800,35958
34325,31216,33367,33918,33799,32960,36884,35146,32226,32164,37120,34920,28629,27012,26546,38601,25352,33319,35689
33974,32447,33318,33040,32813,32960,36884,35146,32226,32164,37120,34920,28629,27012,26546,38601,25352,33319,35689
33565,33560,32549,32722,31519,32960,36884,35146,32226,32164,37120,34920,28629,27012,26546,38601,25352,33319,35689
33280,33204,32594,33418,33558,32960,36884,35146,32226,32164,37120,34920,28629,27012,26546,38601,25352,33319,35689
32789,31925,33072,33991,30245,32960,36884,35146,32226,32164,37120,34920,28629,27012,26546,38601,25352,33319,35689
32152,30901,32896,32953,32352,32960,36884,35146,32226,32164,37120,34920,28629,27012,26546,38601,25352,33319,35689
31012,31170,32598,32905,34055,32960,36884,35146,32226,32164,37120,34920,28629,27012,26546,38601,25352,33319,35689
29308,30914,32458,31801,32431,32960,36884,35146,32226,32164,37120,34920,28629,27012,26546,38601,25352,33319,35689
28258,29811,32542,31881,32576,32960,36884,35146,32226,32164,37120,34920,28629,27012,26546,38601,25352,33319,35689
28706,29570,32220,29722,33730,32960,36884,35146,32226,32164,37120,34920,28629,27012,26546,38601,25352,33319,35689
30212,30377,32366,30546,31553,32592,37220,34812,32288,32161,37220,34974,28485,27032,26969,36815,25861,32749,32300
32166,31888,32964,33806,32775,32592,37220,34812,32288,32161,37220,34974,28485,27032,26969,36815,25861,32749,32300
33998,34350,33162,34264,34871,32592,37220,34812,32288,32161,37220,34974,28485,27032,26969,36815,25861,32749,32300
34094,34678,31814,32260,33702,32592,37220,34812,32288,32161,37220,34974,28485,27032,26969,36815,25861,32749,32300
34009,33670,32730,31303,30483,32592,37220,34812,32288,32161,37220,34974,28485,27032,26969,36815,25861,32749,32300
34716,34628,32925,33628,33906,32592,37220,34812,32288,32161,37220,34974,28485,27032,26969,36815,25861,32749,32300
35346,34640,33639,36776,32758,32592,37220,34812,32288,32161,37220,34974,28485,27032,26969,36815,25861,32749,32300
34808,33496,33074,37472,31482,32592,37220,34812,32288,32161,37220,34974,28485,27032,26969,36815,25861,32749,32300
35512,32252,32413,29824,33416,32592,37220,34812,32288,32161,37220,34974,28485,27032,26969,36815,25861,32749,32300
36148,33418,32332,45510,33928,32592,37220,34812,32288,32161,37220,34974,28485,27032,26969,36815,25861,32749,32300
35952,32631,32092,57508,32759,32664,37240,35104,32338,32101,37362,34806,28420,27529,27944,34305,25981,32168,32104
34992,32730,32150,56027,33096,32664,37240,35104,32338,32101,37362,34806,28420,27529,27944,34305,25981,32168,32104
32953,32115,32478,53112,35252,32664,37240,35104,32338,32101,37362,34806,28420,27529,27944,34305,25981,32168,32104
31876,31455,33140,48512,32988,32664,37240,35104,32338,32101,37362,34806,28420,27529,27944,34305,25981,32168,32104
31985,33784,33157,48199,31278,32664,37240,35104,32338,32101,37362,34806,28420,27529,27944,34305,25981,32168,32104
31553,33484,33138,46329,32233,32664,37240,35104,32338,32101,37362,34806,28420,27529,27944,34305,25981,32168,32104
32186,29792,33284,26628,31186,32664,37240,35104,32338,32101,37362,34806,28420,27529,27944,34305,25981,32168,32104
32680,28722,33022,20440,32592,32664,37240,35104,32338,32101,37362,34806,28420,27529,27944,34305,25981,32168,32104
32466,31524,33099,8690,34566,32664,37240,35104,32338,32101,37362,34806,28420,27529,27944,34305,25981,32168,32104
32352,30686,33774,21,32611,32664,37240,35104,32338,32101,37362,34806,28420,27529,27944,34305,25981,32168,32104
32820,34829,33100,11,31504,32748,37408,34816,32298,31826,37458,34914,28248,27444,27640,34216,26253,32176,34282
33547,34448,32994,7655,33266,32748,37408,34816,32298,31826,37458,34914,28248,27444,27640,34216,26253,32176,34282
33880,34852,33008,16931,31896,32748,37408,34816,32298,31826,37458,34914,28248,27444,27640,34216,26253,32176,34282
33965,37797,32726,22590,32520,32748,37408,34816,32298,31826,37458,34914,28248,27444,27640,34216,26253,32176,34282
33164,39874,32968,27333,34320,32748,37408,34816,32298,31826,37458,34914,28248,27444,27640,34216,26253,32176,34282
32472,35278,33480,31168,31866,32748,37408,34816,32298,31826,37458,34914,28248,27444,27640,34216,26253,32176,34282
30748,32498,32731,33233,32348,32748,37408,34816,32298,31826,37458,34914,28248,27444,27640,34216,26253,32176,34282
29717,31465,31917,34277,34066,32748,37408,34816,32298,31826,37458,34914,28248,27444,27640,34216,26253,32176,34282
29409,31110,32696,35624,32072,32748,37408,34816,32298,31826,37458,34914,28248,27444,27640,34216,26253,32176,34282
28352,30359,32949,34638,32224,32748,37408,34816,32298,31826,37458,34914,28248,27444,27640,34216,26253,32176,34282
28813,29960,33206,32038,34148,32801,37516,34550,32366,31756,37380,34704,28149,27928,27952,32173,29481,35927,31172
30517,30637,33210,34076,32036,32801,37516,34550,32366,31756,37380,34704,28149,27928,27952,32173,29481,35927,31172
30372,32718,32203,34240,32242,32801,37516,34550,32366,31756,37380,34704,28149,27928,27952,32173,29481,35927,31172
29434,34427,31716,34613,34130,32801,37516,34550,32366,31756,37380,34704,28149,27928,27952,32173,29481,35927,31172
30516,34101,32492,35542,32450,32801,37516,34550,32366,31756,37380,34704,28149,27928,27952,32173,29481,35927,31172
32960,33708,32427,34057,31821,32801,37516,34550,32366,31756,37380,34704,28149,27928,27952,32173,29481,35927,31172
36042,31412,32558,34104,34452,32801,37516,34550,32366,31756,37380,34704,28149,27928,27952,32173,29481,35927,31172
38006,31016,33194,34089,33305,32801,37516,34550,32366,31756,37380,34704,28149,27928,27952,32173,29481,35927,31172
38560,31810,32870,34631,32327,32801,37516,34550,32366,31756,37380,34704,28149,27928,27952,32173,29481,35927,31172
37666,32566,32437,33572,34120,32801,37516,34550,32366,31756,37380,34704,28149,27928,27952,32173,29481,35927,31172
34192,32993,32788,35823,34410,32738,37338,34776,32392,31704,37396,34488,28072,27641,28260,33400,29128,31330,30720
33198,33314,31935,35491,31130,32738,37338,34776,32392,31704,37396,34488,28072,27641,28260,33400,29128,31330,30720
33620,31845,32735,34658,32939,32738,37338,34776,32392,31704,37396,34488,28072,27641,28260,33400,29128,31330,30720
34908,31244,33531,33905,32434,32738,37338,34776,32392,31704,37396,34488,28072,27641,28260,33400,29128,31330,30720
35432,31482,32891,32542,31948,32738,37338,34776,32392,31704,37396,34488,28072,27641,28260,33400,29128,31330,30720
34425,32055,33486,32970,33546,32738,37338,34776,32392,31704,37396,34488,28072,27641,28260,33400,29128,31330,30720
31933,33472,33330,32381,33651,32738,37338,34776,32392,31704,37396,34488,28072,27641,28260,33400,29128,31330,30720
30952,35498,33174,33762,30864,32738,37338,34776,32392,31704,37396,34488,28072,27641,28260,33400,29128,31330,30720
31360,36789,32393,36856,33552,32738,37338,34776,32392,31704,37396,34488,28072,27641,28260,33400,29128,31330,30720
32521,34948,31978,37543,33830,32738,37338,34776,32392,31704,37396,34488,28072,27641,28260,33400,29128,31330,30720
32708,32706,31994,33373,32206,32572,37210,35002,32392,31720,37380,34608,28011,27640,28240,32600,30064,31084,27559
31616,32226,32378,30094,32933,32572,37210,35002,32392,31720,37380,34608,28011,27640,28240,32600,30064,31084,27559
30862,32636,32192,29769,34520,32572,37210,35002,32392,31720,37380,34608,28011,27640,28240,32600,30064,31084,27559
30292,34475,32432,30503,32313,32572,37210,35002,32392,31720,37380,34608,28011,27640,28240,32600,30064,31084,27559
30174,34324,33228,31727,31632,32572,37210,35002,32392,31720,37380,34608,28011,27640,28240,32600,30064,31084,27559
30496,33239,33685,31666,32775,32572,37210,35002,32392,31720,37380,34608,28011,27640,28240,32600,30064,31084,27559
31165,31884,33112,35799,31566,32572,37210,35002,32392,31720,37380,34608,28011,27640,28240,32600,30064,31084,27559
32677,30770,32974,35568,30700,32572,37210,35002,32392,31720,37380,34608,28011,27640,28240,32600,30064,31084,27559
34383,30128,33360,33778,33751,32572,37210,35002,32392,31720,37380,34608,28011,27640,28240,32600,30064,31084,27559
35541,28185,33993,31977,31053,32572,37210,35002,32392,31720,37380,34608,28011,27640,28240,32600,30064,31084,27559
35348,29727,34099,31576,33078,32768,37244,35104,32434,32010,37364,35020,27948,28112,28863,30260,30208,30800,26589
34504,34279,31818,31868,34096,32768,37244,35104,32434,32010,37364,35020,27948,28112,28863,30260,30208,30800,26589
34870,34695,31696,33934,34066,32768,37244,35104,32434,32010,37364,35020,27948,28112,28863,30260,30208,30800,26589
35092,34212,32985,35022,33656,32768,37244,35104,32434,32010,37364,35020,27948,28112,28863,30260,30208,30800,26589
34996,35074,32607,38904,34974,32768,37244,35104,32434,32010,37364,35020,27948,28112,28863,30260,30208,30800,26589
34364,34476,32079,35108,35151,32768,37244,35104,32434,32010,37364,35020,27948,28112,28863,30260,30208,30800,26589
33392,31648,31757,34502,34756,32768,37244,35104,32434,32010,37364,35020,27948,28112,28863,30260,30208,30800,26589
32658,30796,31946,34964,32381,32768,37244,35104,32434,32010,37364,35020,27948,28112,28863,30260,30208,30800,26589
31751,32439,32416,36065,34304,32768,37244,35104,32434,32010,37364,35020,27948,28112,28863,30260,30208,30800,26589
31081,33765,32398,37502,33209,32768,37244,35104,32434,32010,37364,35020,27948,28112,28863,30260,30208,30800,26589
30976,33138,32035,34640,30558,33300,37296,34781,32466,32580,36960,35912,27784,29029,29160,25316,33040,29684,23552
31205,32457,31776,33273,32700,33300,37296,34781,32466,32580,36960,35912,27784,29029,29160,25316,33040,29684,23552
31632,32410,32210,32445,31913,33300,37296,34781,32466,32580,36960,35912,27784,29029,29160,25316,33040,29684,23552
31558,30951,32866,31097,31156,33300,37296,34781,32466,32580,36960,35912,27784,29029,29160,25316,33040,29684,23552
31423,30688,32812,30727,32521,33300,37296,34781,32466,32580,36960,35912,27784,29029,29160,25316,33040,29684,23552
31394,31141,32544,33272,30927,33300,37296,34781,32466,32580,36960,35912,27784,29029,29160,25316,33040,29684,23552
32619,29161,33683,34304,33270,33300,37296,34781,32466,32580,36960,35912,27784,29029,29160,25316,33040,29684,23552
31992,30620,34756,34500,33673,33300,37296,34781,32466,32580,36960,35912,27784,29029,29160,25316,33040,29684,23552
31239,32994,34606,36703,32167,33300,37296,34781,32466,32580,36960,35912,27784,29029,29160,25316,33040,29684,23552
30509,36648,33378,38550,33260,33300,37296,34781,32466,32580,36960,35912,27784,29029,29160,25316,33040,29684,23552
30187,38502,32484,34500,34381,33848,37208,34492,32480,33188,36460,36424,27753,29676,28888,23217,29701,27559,21164
30850,38711,31952,28438,32082,33848,37208,34492,32480,33188,36460,36424,27753,29676,28888,23217,29701,27559,21164
31347,35828,32058,25223,33041,33848,37208,34492,32480,33188,36460,36424,27753,29676,28888,23217,29701,27559,21164
31591,33398,32924,27108,34993,33848,37208,34492,32480,33188,36460,36424,27753,29676,28888,23217,29701,27559,21164
33540,33514,33583,27212,33482,33848,37208,34492,32480,33188,36460,36424,27753,29676,28888,23217,29701,27559,21164
35880,34000,33714,24590,32025,33848,37208,34492,32480,33188,36460,36424,27753,29676,28888,23217,29701,27559,21164
37588,34005,33047,25272,33957,33848,37208,34492,32480,33188,36460,36424,27753,29676,28888,23217,29701,27559,21164
37405,31328,31690,53564,33417,33848,37208,34492,32480,33188,36460,36424,27753,29676,28888,23217,29701,27559,21164
37789,28338,32443,28568,31482,33848,37208,34492,32480,33188,36460,36424,27753,29676,28888,23217,29701,27559,21164
38172,28986,33625,41565,33338,33848,37208,34492,32480,33188,36460,36424,27753,29676,28888,23217,29701,27559,21164
35708,32449,33753,58336,33756,34656,37056,34576,32433,33822,36332,36402,27800,30348,27300,21343,30654,29020,22068
32394,33400,32868,56706,32165,34656,37056,34576,32433,33822,36332,36402,27800,30348,27300,21343,30654,29020,22068
29648,30752,32647,53760,33380,34656,37056,34576,32433,33822,36332,36402,27800,30348,27300,21343,30654,29020,22068
29144,30228,32743,51010,33740,34656,37056,34576,32433,33822,36332,36402,27800,30348,27300,21343,30654,29020,22068
30472,31366,32332,48647,31149,34656,37056,34576,32433,33822,36332,36402,27800,30348,27300,21343,30654,29020,22068
31906,31060,31785,46592,33122,34656,37056,34576,32433,33822,36332,36402,27800,30348,27300,21343,30654,29020,22068
30586,34208,31140,44810,33664,34656,37056,34576,32433,33822,36332,36402,27800,30348,27300,21343,30654,29020,22068
29278,34528,29833,43271,32120,34656,37056,34576,32433,33822,36332,36402,27800,30348,27300,21343,30654,29020,22068
30882,32830,30780,41917,33092,34656,37056,34576,32433,33822,36332,36402,27800,30348,27300,21343,30654,29020,22068
32823,30465,32173,40741,34212,34656,37056,34576,32433,33822,36332,36402,27800,30348,27300,21343,30654,29020,22068
32903,28969,33142,39750,31885,35400,36812,33964,32397,34246,36488,36208,27688,30794,26740,21327,29796,29801,23008
33040,32538,33635,38900,32920,35400,36812,33964,32397,34246,36488,36208,27688,30794,26740,21327,29796,29801,23008
23774,38065,33421,38092,34104,35400,36812,33964,32397,34246,36488,36208,27688,30794,26740,21327,29796,29801,23008
20902,40282,33638,37400,32489,35400,36812,33964,32397,34246,36488,36208,27688,30794,26740,21327,29796,29801,23008
21846,39470,34868,36789,31300,35400,36812,33964,32397,34246,36488,36208,27688,30794,26740,21327,29796,29801,23008
34284,33674,33996,36288,33114,35400,36812,33964,32397,34246,36488,36208,27688,30794,26740,21327,29796,29801,23008
36400,32890,32857,35847,31333,35400,36812,33964,32397,34246,36488,36208,27688,30794,26740,21327,29796,29801,23008
36008,32117,31844,35465,32944,35400,36812,33964,32397,34246,36488,36208,27688,30794,26740,21327,29796,29801,23008
32404,32709,31566,35136,35496,35400,36812,33964,32397,34246,36488,36208,27688,30794,26740,21327,29796,29801,23008
12668,31542,32620,34840,30712,35400,36812,33964,32397,34246,36488,36208,27688,30794,26740,21327,29796,29801,23008
11311,32186,35797,34577,34100,36084,36652,33504,32336,34804,36628,36080,27568,31368,26540,22820,29108,29064,25224
13994,35357,35125,34375,33078,36084,36652,33504,32336,34804,36628,36080,27568,31368,26540,22820,29108,29064,25224
16521,31122,34784,34164,32536,36084,36652,33504,32336,34804,36628,36080,27568,31368,26540,22820,29108,29064,25224
18705,22699,33988,34034,34624,36084,36652,33504,32336,34804,36628,36080,27568,31368,26540,22820,29108,29064,25224
29724,23840,32294,33845,33658,36084,36652,33504,32336,34804,36628,36080,27568,31368,26540,22820,29108,29064,25224
33408,24480,36309,33769,31833,36084,36652,33504,32336,34804,36628,36080,27568,31368,26540,22820,29108,29064,25224
35802,27166,35710,27530,33914,36084,36652,33504,32336,34804,36628,36080,27568,31368,26540,22820,29108,29064,25224
37524,37978,35785,23788,33260,36084,36652,33504,32336,34804,36628,36080,27568,31368,26540,22820,29108,29064,25224
38602,40309,34616,22404,31594,36084,36652,33504,32336,34804,36628,36080,27568,31368,26540,22820,29108,29064,25224
39254,39472,35928,21481,32803,36084,36652,33504,32336,34804,36628,36080,27568,31368,26540,22820,29108,29064,25224
39588,38052,33488,21241,33828,36585,36388,33680,32318,34346,36460,36836,27600,31059,27466,26884,28951,30063,32776
39681,32358,33410,21125,31888,36585,36388,33680,32318,34346,36460,36836,27600,31059,27466,26884,28951,30063,32776
39592,30402,34985,21380,33243,36585,36388,33680,32318,34346,36460,36836,27600,31059,27466,26884,28951,30063,32776
39384,30180,35133,21748,34764,36585,36388,33680,32318,34346,36460,36836,27600,31059,27466,26884,28951,30063,32776
39048,29932,34284,22244,32735,36585,36388,33680,32318,34346,36460,36836,27600,31059,27466,26884,28951,30063,32776
38716,33467,33031,22848,33164,36585,36388,33680,32318,34346,36460,36836,27600,31059,27466,26884,28951,30063,32776
38336,32221,36968,23456,34330,36585,36388,33680,32318,34346,36460,36836,27600,31059,27466,26884,28951,30063,32776
37920,32912,35504,24100,31327,36585,36388,33680,32318,34346,36460,36836,27600,31059,27466,26884,28951,30063,32776
37512,32690,34752,24720,33236,36585,36388,33680,32318,34346,36460,36836,27600,31059,27466,26884,28951,30063,32776
37108,32567,33643,25395,32604,36585,36388,33680,32318,34346,36460,36836,27600,31059,27466,26884,28951,30063,32776
36748,33678,32009,25974,31081,36212,36041,34168,32280,33396,36068,37178,27520,30424,30100,34096,26188,29364,38937
36370,28840,36428,26580,33330,36212,36041,34168,32280,33396,36068,37178,27520,30424,30100,34096,26188,29364,38937
35994,28483,34958,27093,32101,36212,36041,34168,32280,33396,36068,37178,27520,30424,30100,34096,26188,29364,38937
35706,31035,31454,27644,32189,36212,36041,34168,32280,33396,36068,37178,27520,30424,30100,34096,26188,29364,38937
35416,31212,30525,28152,34381,36212,36041,34168,32280,33396,36068,37178,27520,30424,30100,34096,26188,29364,38937
35096,28092,34191,28591,33104,36212,36041,34168,32280,33396,36068,37178,27520,30424,30100,34096,26188,29364,38937
34849,26923,33206,29022,28722,36212,36041,34168,32280,33396,36068,37178,27520,30424,30100,34096,26188,29364,38937
34624,29015,29880,29358,33536,36212,36041,34168,32280,33396,36068,37178,27520,30424,30100,34096,26188,29364,38937
34384,30263,29641,29748,32917,36212,36041,34168,32280,33396,36068,37178,27520,30424,30100,34096,26188,29364,38937
34230,31440,29696,30073,32518,36212,36041,34168,32280,33396,36068,37178,27520,30424,30100,34096,26188,29364,38937
34037,34725,27231,30372,32416,35272,36008,34778,32232,32508,36070,36988,27414,29636,33772,42217,28684,33137,38492
33890,35928,28268,30603,32714,35272,36008,34778,32232,32508,36070,36988,27414,29636,33772,42217,28684,33137,38492
33773,37628,29064,30827,31234,35272,36008,34778,32232,32508,36070,36988,27414,29636,33772,42217,28684,33137,38492
33636,35717,31644,31029,28303,35272,36008,34778,32232,32508,36070,36988,27414,29636,33772,42217,28684,33137,38492
33557,32882,34226,31194,32922,35272,36008,34778,32232,32508,36070,36988,27414,29636,33772,42217,28684,33137,38492
33464,33706,33834,31413,31384,35272,36008,34778,32232,32508,36070,36988,27414,29636,33772,42217,28684,33137,38492
33350,32093,33025,31508,34352,35272,36008,34778,32232,32508,36070,36988,27414,29636,33772,42217,28684,33137,38492
33300,31868,32270,31675,31680,35272,36008,34778,32232,32508,36070,36988,27414,29636,33772,42217,28684,33137,38492
33257,31756,31956,31796,32173,35272,36008,34778,32232,32508,36070,36988,27414,29636,33772,42217,28684,33137,38492
33172,31932,31686,31882,34254,35272,36008,34778,32232,32508,36070,36988,27414,29636,33772,42217,28684,33137,38492
33127,32736,31558,32043,32250,34488,36562,35300,32256,32540,36756,36432,27392,29280,36297,46740,27792,30863,43049
33108,33436,31401,32073,32734,34488,36562,35300,32256,32540,36756,36432,27392,29280,36297,46740,27792,30863,43049
33037,34347,31398,32214,34222,34488,36562,35300,32256,32540,36756,36432,27392,29280,36297,46740,27792,30863,43049
32990,36562,31386,32239,32632,34488,36562,35300,32256,32540,36756,36432,27392,29280,36297,46740,27792,30863,43049
32952,37573,31238,32283,32850,34488,36562,35300,32256,32540,36756,36432,27392,29280,36297,46740,27792,30863,43049
32952,35606,31460,32409,34069,34488,36562,35300,32256,32540,36756,36432,27392,29280,36297,46740,27792,30863,43049
32933,34989,31620,32389,32212,34488,36562,35300,32256,32540,36756,36432,27392,29280,36297,46740,27792,30863,43049
32910,36053,31718,32407,32403,34488,36562,35300,32256,32540,36756,36432,27392,29280,36297,46740,27792,30863,43049
32866,35776,31734,32545,34721,34488,36562,35300,32256,32540,36756,36432,27392,29280,36297,46740,27792,30863,43049
32875,34386,31879,32490,32682,34488,36562,35300,32256,32540,36756,36432,27392,29280,36297,46740,27792,30863,43049
32860,33575,31908,32537,31933,34044,37492,35436,32352,32304,37536,36392,27404,29317,37952,51855,29128,32356,39012
32877,33966,32024,32574,33794,34044,37492,35436,32352,32304,37536,36392,27404,29317,37952,51855,29128,32356,39012
32838,33013,32132,32578,31144,34044,37492,35436,32352,32304,37536,36392,27404,29317,37952,51855,29128,32356,39012
32823,30469,32171,32577,32471,34044,37492,35436,32352,32304,37536,36392,27404,29317,37952,51855,29128,32356,39012
32831,31013,32186,32617,33845,34044,37492,35436,32352,32304,37536,36392,27404,29317,37952,51855,29128,32356,39012
32836,33746,32175,32619,32012,34044,37492,35436,32352,32304,37536,36392,27404,29317,37952,51855,29128,32356,39012
32804,33952,32292,32645,31171,34044,37492,35436,32352,32304,37536,36392,27404,29317,37952,51855,29128,32356,39012
32807,30943,32382,32648,34102,34044,37492,35436,32352,32304,37536,36392,27404,29317,37952,51855,29128,32356,39012
32780,30309,32410,32679,33836,34044,37492,35436,32352,32304,37536,36392,27404,29317,37952,51855,29128,32356,39012
32782,32035,32452,32673,33304,34044,37492,35436,32352,32304,37536,36392,27404,29317,37952,51855,29128,32356,39012
32802,34605,32452,32663,32757,33418,38337,36084,32325,32320,37654,36524,27520,30028,36476,45572,29413,31756,38752
32805,37008,31780,32664,34861,33418,38337,36084,32325,32320,37654,36524,27520,30028,36476,45572,29413,31756,38752
32788,37696,29790,32754,32550,33418,38337,36084,32325,32320,37654,36524,27520,30028,36476,45572,29413,31756,38752
32794,33419,32756,32699,32457,33418,38337,36084,32325,32320,37654,36524,27520,30028,36476,45572,29413,31756,38752
32775,33234,33001,32715,33314,33418,38337,36084,32325,32320,37654,36524,27520,30028,36476,45572,29413,31756,38752
32763,33303,33627,32769,32282,33418,38337,36084,32325,32320,37654,36524,27520,30028,36476,45572,29413,31756,38752
32762,32039,33391,32732,30922,33418,38337,36084,32325,32320,37654,36524,27520,30028,36476,45572,29413,31756,38752
32796,32224,30678,32764,32092,33418,38337,36084,32325,32320,37654,36524,27520,30028,36476,45572,29413,31756,38752
32800,36324,25320,32767,30052,33418,38337,36084,32325,32320,37654,36524,27520,30028,36476,45572,29413,31756,38752
32790,38758,24232,32714,33490,33418,38337,36084,32325,32320,37654,36524,27520,30028,36476,45572,29413,31756,38752
32786,39184,25865,32807,31132,33184,38204,36104,32405,31876,37496,36838,27464,30374,37328,43668,29664,30437,37480
32808,34362,26435,32748,32628,33184,38204,36104,32405,31876,37496,36838,27464,30374,37328,43668,29664,30437,37480
32792,32268,29594,32800,32429,33184,38204,36104,32405,31876,37496,36838,27464,30374,37328,43668,29664,30437,37480
32782,34018,31986,26226,31556,33184,38204,36104,32405,31876,37496,36838,27464,30374,37328,43668,29664,30437,37480
42776,38652,33312,13213,33248,33184,38204,36104,32405,31876,37496,36838,27464,30374,37328,43668,29664,30437,37480
55500,35615,33712,8073,31936,33184,38204,36104,32405,31876,37496,36838,27464,30374,37328,43668,29664,30437,37480
55848,31675,33798,10969,31432,33184,38204,36104,32405,31876,37496,36838,27464,30374,37328,43668,29664,30437,37480
53054,30352,33530,13820,32478,33184,38204,36104,32405,31876,37496,36838,27464,30374,37328,43668,29664,30437,37480
50373,29216,32891,16369,30811,33184,38204,36104,32405,31876,37496,36838,27464,30374,37328,43668,29664,30437,37480
41965,30368,32616,18476,33829,33184,38204,36104,32405,31876,37496,36838,27464,30374,37328,43668,29664,30437,37480
33856,31202,32838,20387,33634,33172,37732,36756,32408,31680,37404,37108,27582,31500,36672,38588,28309,26881,37080
29912,31044,33194,21977,33057,33172,37732,36756,32408,31680,37404,37108,27582,31500,36672,38588,28309,26881,37080
27520,34277,32943,23433,34368,33172,37732,36756,32408,31680,37404,37108,27582,31500,36672,38588,28309,26881,37080
26682,33759,33560,24661,36430,33172,37732,36756,32408,31680,37404,37108,27582,31500,36672,38588,28309,26881,37080
26332,28615,33829,25704,34194,33172,37732,36756,32408,31680,37404,37108,27582,31500,36672,38588,28309,26881,37080
26258,28899,34964,26631,33108,33172,37732,36756,32408,31680,37404,37108,27582,31500,36672,38588,28309,26881,37080
25850,29579,35592,27397,34300,33172,37732,36756,32408,31680,37404,37108,27582,31500,36672,38588,28309,26881,37080
26536,29520,35490,28119,34195,33172,37732,36756,32408,31680,37404,37108,27582,31500,36672,38588,28309,26881,37080
27624,34040,34619,28714,31687,33172,37732,36756,32408,31680,37404,37108,27582,31500,36672,38588,28309,26881,37080
27965,33585,34133,29240,33659,33172,37732,36756,32408,31680,37404,37108,27582,31500,36672,38588,28309,26881,37080
28848,31013,35335,29684,31742,33224,37286,37392,32388,31444,37464,37574,27700,33005,36984,37038,31939,26648,33630
29816,29394,34456,36557,31649,33224,37286,37392,32388,31444,37464,37574,27700,33005,36984,37038,31939,26648,33630
2136,29700,33774,65496,32328,33224,37286,37392,32388,31444,37464,37574,27700,33005,36984,37038,31939,26648,33630
2630,27646,33332,65525,29609,33224,37286,37392,32388,31444,37464,37574,27700,33005,36984,37038,31939,26648,33630
6818,28992,34992,65522,31595,33224,37286,37392,32388,31444,37464,37574,27700,33005,36984,37038,31939,26648,33630
10946,34122,33344,65524,27012,33224,37286,37392,32388,31444,37464,37574,27700,33005,36984,37038,31939,26648,33630
22383,38100,31944,62808,22460,33224,37286,37392,32388,31444,37464,37574,27700,33005,36984,37038,31939,26648,33630
27076,37792,39436,58656,30853,33224,37286,37392,32388,31444,37464,37574,27700,33005,36984,37038,31939,26648,33630
30473,37927,37564,55099,38080,33224,37286,37392,32388,31444,37464,37574,27700,33005,36984,37038,31939,26648,33630
32974,32808,39649,52212,39892,33224,37286,37392,32388,31444,37464,37574,27700,33005,36984,37038,31939,26648,33630
34756,29782,39818,49608,40076,33304,37156,37648,32380,31072,37530,37924,27741,33881,37814,34753,30746,24952,34048
35968,26052,41274,47490,36876,33304,37156,37648,32380,31072,37530,37924,27741,33881,37814,34753,30746,24952,34048
36768,24027,41052,45575,34174,33304,37156,37648,32380,31072,37530,37924,27741,33881,37814,34753,30746,24952,34048
37257,28364,36748,43904,35240,33304,37156,37648,32380,31072,37530,37924,27741,33881,37814,34753,30746,24952,34048
37481,37528,24916,42600,28121,33304,37156,37648,32380,31072,37530,37924,27741,33881,37814,34753,30746,24952,34048
37565,37896,21916,41285,29088,33304,37156,37648,32380,31072,37530,37924,27741,33881,37814,34753,30746,24952,34048
37510,35464,27538,35896,40117,33304,37156,37648,32380,31072,37530,37924,27741,33881,37814,34753,30746,24952,34048
37378,34532,29008,29786,43270,33304,37156,37648,32380,31072,37530,37924,27741,33881,37814,34753,30746,24952,34048
37138,35152,25744,27424,33229,33304,37156,37648,32380,31072,37530,37924,27741,33881,37814,34753,30746,24952,34048
36890,34980,24781,25763,31224,33304,37156,37648,32380,31072,37530,37924,27741,33881,37814,34753,30746,24952,34048
36610,33998,29400,22592,29832,33414,37472,38504,32322,30648,37988,38592,27842,34697,41386,35287,31154,22420,33546
40248,33860,30560,12116,33492,33414,37472,38504,32322,30648,37988,38592,27842,34697,41386,35287,31154,22420,33546
61216,32958,31338,17,34728,33414,37472,38504,32322,30648,37988,38592,27842,34697,41386,35287,31154,22420,33546
59909,31864,32368,12,31648,33414,37472,38504,32322,30648,37988,38592,27842,34697,41386,35287,31154,22420,33546
56368,31718,33253,10,31627,33414,37472,38504,32322,30648,37988,38592,27842,34697,41386,35287,31154,22420,33546
46506,31938,34068,4806,32641,33414,37472,38504,32322,30648,37988,38592,27842,34697,41386,35287,31154,22420,33546
40139,32194,33386,8652,31591,33414,37472,38504,32322,30648,37988,38592,27842,34697,41386,35287,31154,22420,33546
36424,33591,33342,11886,32672,33414,37472,38504,32322,30648,37988,38592,27842,34697,41386,35287,31154,22420,33546
34188,33016,33605,14652,33934,33414,37472,38504,32322,30648,37988,38592,27842,34697,41386,35287,31154,22420,33546
32344,32320,32926,17033,31880,33414,37472,38504,32322,30648,37988,38592,27842,34697,41386,35287,31154,22420,33546
31000,32279,32399,19093,32520,33680,37796,39516,32264,30356,38105,39624,27986,35044,42517,34839,36096,20476,29964
30078,32626,33254,20902,33427,33680,37796,39516,32264,30356,38105,39624,27986,35044,42517,34839,36096,20476,29964
29403,32464,33403,22445,30462,33680,37796,39516,32264,30356,38105,39624,27986,35044,42517,34839,36096,20476,29964
29024,32430,33560,23800,32674,33680,37796,39516,32264,30356,38105,39624,27986,35044,42517,34839,36096,20476,29964
28996,32420,33723,24982,31125,33680,37796,39516,32264,30356,38105,39624,27986,35044,42517,34839,36096,20476,29964
28850,32199,33762,26001,31034,33680,37796,39516,32264,30356,38105,39624,27986,35044,42517,34839,36096,20476,29964
28940,32086,33329,26886,33287,33680,37796,39516,32264,30356,38105,39624,27986,35044,42517,34839,36096,20476,29964
29381,32182,33096,27654,31211,33680,37796,39516,32264,30356,38105,39624,27986,35044,42517,34839,36096,20476,29964
29703,32415,33164,28330,31822,33680,37796,39516,32264,30356,38105,39624,27986,35044,42517,34839,36096,20476,29964
30005,32440,32838,28894,32256,33680,37796,39516,32264,30356,38105,39624,27986,35044,42517,34839,36096,20476,29964
30232,32400,32418,33945,30065,34152,37858,40304,32306,30706,38440,40122,28288,35617,45780,34662,32867,18643,31214
30472,32686,32416,38330,32775,34152,37858,40304,32306,30706,38440,40122,28288,35617,45780,34662,32867,18643,31214
30632,32614,33058,40045,32041,34152,37858,40304,32306,30706,38440,40122,28288,35617,45780,34662,32867,18643,31214
11660,23604,46268,65468,31742,34152,37858,40304,32306,30706,38440,40122,28288,35617,45780,34662,32867,18643,31214
1924,18320,54404,65504,34356,34152,37858,40304,32306,30706,38440,40122,28288,35617,45780,34662,32867,18643,31214
5725,22635,48101,65529,33778,34152,37858,40304,32306,30706,38440,40122,28288,35617,45780,34662,32867,18643,31214
9534,26152,42964,65533,32009,34152,37858,40304,32306,30706,38440,40122,28288,35617,45780,34662,32867,18643,31214
12750,29098,38964,63393,27980,34152,37858,40304,32306,30706,38440,40122,28288,35617,45780,34662,32867,18643,31214
24504,31110,35836,59129,30330,34152,37858,40304,32306,30706,38440,40122,28288,35617,45780,34662,32867,18643,31214
28966,32716,33516,55556,55724,34152,37858,40304,32306,30706,38440,40122,28288,35617,45780,34662,32867,18643,31214
32034,33926,31960,52530,36404,34804,37920,39992,32172,31484,38736,40528,28516,36924,44857,32448,33637,17386,29520
34307,34639,30852,50000,25432,34804,37920,39992,32172,31484,38736,40528,28516,36924,44857,32448,33637,17386,29520
48496,36901,26827,41354,7710,34804,37920,39992,32172,31484,38736,40528,28516,36924,44857,32448,33637,17386,29520
32824,34579,30796,46444,38192,34804,37920,39992,32172,31484,38736,40528,28516,36924,44857,32448,33637,17386,29520
42430,34896,30436,5495,52764,34804,37920,39992,32172,31484,38736,40528,28516,36924,44857,32448,33637,17386,29520
60165,34944,30094,16,20528,34804,37920,39992,32172,31484,38736,40528,28516,36924,44857,32448,33637,17386,29520
64372,44217,3769,13,35042,34804,37920,39992,32172,31484,38736,40528,28516,36924,44857,32448,33637,17386,29520
60616,41220,9192,2432,43902,34804,37920,39992,32172,31484,38736,40528,28516,36924,44857,32448,33637,17386,29520
56754,39317,17760,6723,30170,34804,37920,39992,32172,31484,38736,40528,28516,36924,44857,32448,33637,17386,29520
53452,38037,22555,10290,36391,34804,37920,39992,32172,31484,38736,40528,28516,36924,44857,32448,33637,17386,29520
41744,36931,26115,13309,27648,35269,38008,39464,32152,32051,39085,40320,28816,38252,48128,33149,35212,16285,33429
37186,36326,28933,15908,25935,35269,38008,39464,32152,32051,39085,40320,28816,38252,48128,33149,35212,16285,33429
33724,35605,31174,18127,36102,35269,38008,39464,32152,32051,39085,40320,28816,38252,48128,33149,35212,16285,33429
30848,34794,32733,20050,34290,35269,38008,39464,32152,32051,39085,40320,28816,38252,48128,33149,35212,16285,33429
28804,34326,33786,21696,33751,35269,38008,39464,32152,32051,39085,40320,28816,38252,48128,33149,35212,16285,33429
27612,33943,34512,23182,30572,35269,38008,39464,32152,32051,39085,40320,28816,38252,48128,33149,35212,16285,33429
26853,33554,34950,24471,33365,35269,38008,39464,32152,32051,39085,40320,28816,38252,48128,33149,35212,16285,33429
27544,33376,35209,25566,32946,35269,38008,39464,32152,32051,39085,40320,28816,38252,48128,33149,35212,16285,33429
28941,33075,35228,26503,33643,35269,38008,39464,32152,32051,39085,40320,28816,38252,48128,33149,35212,16285,33429
30818,32802,35203,27322,35008,35269,38008,39464,32152,32051,39085,40320,28816,38252,48128,33149,35212,16285,33429
33133,32782,35316,28021,32913,35457,38292,38008,32148,32338,39472,38786,29216,38364,44360,32873,34852,15812,38087
31435,32684,35425,36184,33323,35457,38292,38008,32148,32338,39472,38786,29216,38364,44360,32873,34852,15812,38087
27172,32396,35547,38362,32775,35457,38292,38008,32148,32338,39472,38786,29216,38364,44360,32873,34852,15812,38087
24745,32340,35456,39688,29201,35457,38292,38008,32148,32338,39472,38786,29216,38364,44360,32873,34852,15812,38087
24354,32295,35225,40679,30709,35457,38292,38008,32148,32338,39472,38786,29216,38364,44360,32873,34852,15812,38087
24978,32462,34830,41074,30693,35457,38292,38008,32148,32338,39472,38786,29216,38364,44360,32873,34852,15812,38087
25685,32323,34541,41224,26810,35457,38292,38008,32148,32338,39472,38786,29216,38364,44360,32873,34852,15812,38087
26404,32057,34306,41252,28509,35457,38292,38008,32148,32338,39472,38786,29216,38364,44360,32873,34852,15812,38087
27516,32270,34105,41354,30959,35457,38292,38008,32148,32338,39472,38786,29216,38364,44360,32873,34852,15812,38087
28676,32186,33815,41161,36132,35457,38292,38008,32148,32338,39472,38786,29216,38364,44360,32873,34852,15812,38087
29779,32119,33572,40992,42795,35461,39482,34624,32052,33104,39756,36436,29660,37936,45728,35156,34602,16678,44720
30883,31922,33487,40582,40179,35461,39482,34624,32052,33104,39756,36436,29660,37936,45728,35156,34602,16678,44720
31598,32087,33517,40067,37192,35461,39482,34624,32052,33104,39756,36436,29660,37936,45728,35156,34602,16678,44720
32185,32063,33418,39550,37170,35461,39482,34624,32052,33104,39756,36436,29660,37936,45728,35156,34602,16678,44720
32580,31928,33172,38998,34543,35461,39482,34624,32052,33104,39756,36436,29660,37936,45728,35156,34602,16678,44720
32950,32170,33063,38470,32599,35461,39482,34624,32052,33104,39756,36436,29660,37936,45728,35156,34602,16678,44720
33212,32357,32973,38152,32395,35461,39482,34624,32052,33104,39756,36436,29660,37936,45728,35156,34602,16678,44720
33454,32647,32740,37716,28426,35461,39482,34624,32052,33104,39756,36436,29660,37936,45728,35156,34602,16678,44720
33586,32864,32938,37228,30592,35461,39482,34624,32052,33104,39756,36436,29660,37936,45728,35156,34602,16678,44720
33585,33088,32992,36828,30095,35461,39482,34624,32052,33104,39756,36436,29660,37936,45728,35156,34602,16678,44720
33485,32765,32972,36681,31844,35272,41356,31974,31984,35060,40384,33490,30041,36748,39816,40716,33202,18888,47272
33240,32142,33225,36257,33268,35272,41356,31974,31984,35060,40384,33490,30041,36748,39816,40716,33202,18888,47272
32988,31764,33260,36018,31406,35272,41356,31974,31984,35060,40384,33490,30041,36748,39816,40716,33202,18888,47272
32751,31640,33551,35720,32761,35272,41356,31974,31984,35060,40384,33490,30041,36748,39816,40716,33202,18888,47272
32528,31797,33549,35474,29984,35272,41356,31974,31984,35060,40384,33490,30041,36748,39816,40716,33202,18888,47272
22826,21728,50874,60402,31544,35272,41356,31974,31984,35060,40384,33490,30041,36748,39816,40716,33202,18888,47272
20936,19426,58248,61302,30280,35272,41356,31974,31984,35060,40384,33490,30041,36748,39816,40716,33202,18888,47272
25294,23508,53368,57760,31294,35272,41356,31974,31984,35060,40384,33490,30041,36748,39816,40716,33202,18888,47272
24443,26886,44572,54514,34498,35272,41356,31974,31984,35060,40384,33490,30041,36748,39816,40716,33202,18888,47272
23396,29441,39824,51636,32573,35272,41356,31974,31984,35060,40384,33490,30041,36748,39816,40716,33202,18888,47272
18307,31307,36004,49197,31930,34848,43556,29586,32068,37300,41904,30384,30253,35060,35416,43208,33600,22312,54640
13498,32700,33304,47099,32652,34848,43556,29586,32068,37300,41904,30384,30253,35060,35416,43208,33600,22312,54640
15490,33512,31246,45197,32269,34848,43556,29586,32068,37300,41904,30384,30253,35060,35416,43208,33600,22312,54640
20319,34430,29974,43678,34285,34848,43556,29586,32068,37300,41904,30384,30253,35060,35416,43208,33600,22312,54640
26245,34764,29028,42244,35685,34848,43556,29586,32068,37300,41904,30384,30253,35060,35416,43208,33600,22312,54640
30614,35073,28477,41019,36610,34848,43556,29586,32068,37300,41904,30384,30253,35060,35416,43208,33600,22312,54640
33824,35277,28175,40114,33400,34848,43556,29586,32068,37300,41904,30384,30253,35060,35416,43208,33600,22312,54640
36127,35161,28071,39078,32764,34848,43556,29586,32068,37300,41904,30384,30253,35060,35416,43208,33600,22312,54640
37668,35156,28110,38276,34554,34848,43556,29586,32068,37300,41904,30384,30253,35060,35416,43208,33600,22312,54640
38666,35144,28262,35993,32332,34848,43556,29586,32068,37300,41904,30384,30253,35060,35416,43208,33600,22312,54640
39280,35052,28436,29629,29234,34602,45072,28407,31844,37520,42332,28928,30658,32815,33360,46949,32488,28844,58212
39688,34881,28685,25580,32770,34602,45072,28407,31844,37520,42332,28928,30658,32815,33360,46949,32488,28844,58212
39628,34686,28962,27597,33860,34602,45072,28407,31844,37520,42332,28928,30658,32815,33360,46949,32488,28844,58212
39442,34537,29237,29899,34790,34602,45072,28407,31844,37520,42332,28928,30658,32815,33360,46949,32488,28844,58212
39210,34424,29490,31239,37944,34602,45072,28407,31844,37520,42332,28928,30658,32815,33360,46949,32488,28844,58212
38934,34320,29824,30470,37922,34602,45072,28407,31844,37520,42332,28928,30658,32815,33360,46949,32488,28844,58212
38594,34074,30056,32928,34598,34602,45072,28407,31844,37520,42332,28928,30658,32815,33360,46949,32488,28844,58212
38158,33956,30315,32578,32402,34602,45072,28407,31844,37520,42332,28928,30658,32815,33360,46949,32488,28844,58212
37789,33915,30528,39320,30616,34602,45072,28407,31844,37520,42332,28928,30658,32815,33360,46949,32488,28844,58212
37382,33788,30803,39248,29617,34602,45072,28407,31844,37520,42332,28928,30658,32815,33360,46949,32488,28844,58212
36968,33583,31069,38388,30027,34086,43737,28476,31944,36516,40374,27868,30893,30747,29932,48096,31992,31372,62788
36605,33603,31216,37728,33518,34086,43737,28476,31944,36516,40374,27868,30893,30747,29932,48096,31992,31372,62788
36260,33494,31296,32656,28069,34086,43737,28476,31944,36516,40374,27868,30893,30747,29932,48096,31992,31372,62788
35938,33322,31542,24415,31633,34086,43737,28476,31944,36516,40374,27868,30893,30747,29932,48096,31992,31372,62788
35596,33342,31691,14922,29412,34086,43737,28476,31944,36516,40374,27868,30893,30747,29932,48096,31992,31372,62788
35301,33308,31732,29,33174,34086,43737,28476,31944,36516,40374,27868,30893,30747,29932,48096,31992,31372,62788
42330,33188,31954,11,29478,34086,43737,28476,31944,36516,40374,27868,30893,30747,29932,48096,31992,31372,62788
59820,33026,24483,11,27821,34086,43737,28476,31944,36516,40374,27868,30893,30747,29932,48096,31992,31372,62788
57908,32966,21086,10,39165,34086,43737,28476,31944,36516,40374,27868,30893,30747,29932,48096,31992,31372,62788
54628,32940,21730,5116,32590,34086,43737,28476,31944,36516,40374,27868,30893,30747,29932,48096,31992,31372,62788
51684,46344,10727,8943,32802,32288,41644,27965,31736,34822,38252,26612,31008,29508,29308,54096,29596,32308,57927
49154,36768,15817,12144,33924,32288,41644,27965,31736,34822,38252,26612,31008,29508,29308,54096,29596,32308,57927
34608,31264,35218,14851,30244,32288,41644,27965,31736,34822,38252,26612,31008,29508,29308,54096,29596,32308,57927
27551,27980,44548,29476,33222,32288,41644,27965,31736,34822,38252,26612,31008,29508,29308,54096,29596,32308,57927
22074,28948,47352,38790,32819,32288,41644,27965,31736,34822,38252,26612,31008,29508,29308,54096,29596,32308,57927
29618,30041,39192,33836,33124,32288,41644,27965,31736,34822,38252,26612,31008,29508,29308,54096,29596,32308,57927
45024,45415,18826,19958,34561,32288,41644,27965,31736,34822,38252,26612,31008,29508,29308,54096,29596,32308,57927
31822,40046,22876,18673,35873,32288,41644,27965,31736,34822,38252,26612,31008,29508,29308,54096,29596,32308,57927
29298,37438,28810,20341,35559,32288,41644,27965,31736,34822,38252,26612,31008,29508,29308,54096,29596,32308,57927
28496,35543,30856,21955,33523,32288,41644,27965,31736,34822,38252,26612,31008,29508,29308,54096,29596,32308,57927
28116,34656,32396,23360,31154,30148,40536,27992,31832,33224,37376,25786,31052,28993,28497,51368,30367,36552,58760
27888,35123,33500,24578,30172,30148,40536,27992,31832,33224,37376,25786,31052,28993,28497,51368,30367,36552,58760
27768,34479,34479,25632,11329,30148,40536,27992,31832,33224,37376,25786,31052,28993,28497,51368,30367,36552,58760
27756,33852,35015,26554,46807,30148,40536,27992,31832,33224,37376,25786,31052,28993,28497,51368,30367,36552,58760
27841,33534,35143,27379,28616,30148,40536,27992,31832,33224,37376,25786,31052,28993,28497,51368,30367,36552,58760
27945,31964,35426,28086,28117,30148,40536,27992,31832,33224,37376,25786,31052,28993,28497,51368,30367,36552,58760
28128,30904,35438,28692,32954,30148,40536,27992,31832,33224,37376,25786,31052,28993,28497,51368,30367,36552,58760
28374,31000,35580,29217,31687,30148,40536,27992,31832,33224,37376,25786,31052,28993,28497,51368,30367,36552,58760
28540,30868,35439,29666,31778,30148,40536,27992,31832,33224,37376,25786,31052,28993,28497,51368,30367,36552,58760
28745,30046,35181,33927,31246,30148,40536,27992,31832,33224,37376,25786,31052,28993,28497,51368,30367,36552,58760
29122,29278,35140,38026,35456,29252,39312,28874,31830,32016,36995,25648,31124,28702,27392,52993,33297,37377,49633
29457,28674,35061,39445,37656,29252,39312,28874,31830,32016,36995,25648,31124,28702,27392,52993,33297,37377,49633
29872,29525,34820,40498,38332,29252,39312,28874,31830,32016,36995,25648,31124,28702,27392,52993,33297,37377,49633
30242,30486,35184,41166,34174,29252,39312,28874,31830,32016,36995,25648,31124,28702,27392,52993,33297,37377,49633
30480,30842,35036,64220,32282,29252,39312,28874,31830,32016,36995,25648,31124,28702,27392,52993,33297,37377,49633
21284,20808,56808,65510,32832,29252,39312,28874,31830,32016,36995,25648,31124,28702,27392,52993,33297,37377,49633
31728,21481,48786,65529,32386,29252,39312,28874,31830,32016,36995,25648,31124,28702,27392,52993,33297,37377,49633
22474,24890,51424,65522,34418,29252,39312,28874,31830,32016,36995,25648,31124,28702,27392,52993,33297,37377,49633
30725,27769,42228,62855,31445,29252,39312,28874,31830,32016,36995,25648,31124,28702,27392,52993,33297,37377,49633
28449,29968,40412,58688,31928,29252,39312,28874,31830,32016,36995,25648,31124,28702,27392,52993,33297,37377,49633
37243,31484,31686,55264,30798,28396,38586,29224,31800,31616,35568,26716,30981,29884,24816,47876,32693,36836,36245
40541,55012,7302,44964,29364,28396,38586,29224,31800,31616,35568,26716,30981,29884,24816,47876,32693,36836,36245
34293,43648,18311,19265,30920,28396,38586,29224,31800,31616,35568,26716,30981,29884,24816,47876,32693,36836,36245
33832,39943,23673,23,32260,28396,38586,29224,31800,31616,35568,26716,30981,29884,24816,47876,32693,36836,36245
33716,37688,26162,12,35736,28396,38586,29224,31800,31616,35568,26716,30981,29884,24816,47876,32693,36836,36245
33398,35498,27944,5020,38104,28396,38586,29224,31800,31616,35568,26716,30981,29884,24816,47876,32693,36836,36245
33166,33219,29280,8867,41304,28396,38586,29224,31800,31616,35568,26716,30981,29884,24816,47876,32693,36836,36245
32956,32341,30343,12133,35482,28396,38586,29224,31800,31616,35568,26716,30981,29884,24816,47876,32693,36836,36245
32815,33056,31142,14913,33795,28396,38586,29224,31800,31616,35568,26716,30981,29884,24816,47876,32693,36836,36245
32690,33970,31605,17320,33319,28396,38586,29224,31800,31616,35568,26716,30981,29884,24816,47876,32693,36836,36245
32713,34161,32208,19375,28815,28586,38060,29696,31680,31616,35636,27448,30884,28965,23816,45158,32485,38684,33752
32758,34314,32696,53204,30936,28586,38060,29696,31680,31616,35636,27448,30884,28965,23816,45158,32485,38684,33752
32914,34128,32928,65512,29981,28586,38060,29696,31680,31616,35636,27448,30884,28965,23816,45158,32485,38684,33752
32728,33076,34608,64476,30484,28586,38060,29696,31680,31616,35636,27448,30884,28965,23816,45158,32485,38684,33752
35664,26488,36336,64308,32444,28586,38060,29696,31680,31616,35636,27448,30884,28965,23816,45158,32485,38684,33752
33056,37044,29596,38771,31372,28586,38060,29696,31680,31616,35636,27448,30884,28965,23816,45158,32485,38684,33752
32409,32688,32868,26256,31983,28586,38060,29696,31680,31616,35636,27448,30884,28965,23816,45158,32485,38684,33752
32021,31492,33247,6623,33722,28586,38060,29696,31680,31616,35636,27448,30884,28965,23816,45158,32485,38684,33752
31744,31070,33445,7379,35676,28586,38060,29696,31680,31616,35636,27448,30884,28965,23816,45158,32485,38684,33752
31318,30856,33719,10750,34260,28586,38060,29696,31680,31616,35636,27448,30884,28965,23816,45158,32485,38684,33752
31067,31155,33767,13711,29332,29424,36982,30216,31872,31408,35112,28776,30808,30912,21385,32112,33620,40502,28299
30968,31690,33630,16309,30136,29424,36982,30216,31872,31408,35112,28776,30808,30912,21385,32112,33620,40502,28299
30952,31716,33383,18467,30782,29424,36982,30216,31872,31408,35112,28776,30808,30912,21385,32112,33620,40502,28299
31112,31999,33326,20434,33080,29424,36982,30216,31872,31408,35112,28776,30808,30912,21385,32112,33620,40502,28299
31276,32603,33414,29899,32555,29424,36982,30216,31872,31408,35112,28776,30808,30912,21385,32112,33620,40502,28299
31422,32445,33468,33001,32916,29424,36982,30216,31872,31408,35112,28776,30808,30912,21385,32112,33620,40502,28299
31629,31994,33454,35088,35053,29424,36982,30216,31872,31408,35112,28776,30808,30912,21385,32112,33620,40502,28299
31704,31728,33301,36536,33166,29424,36982,30216,31872,31408,35112,28776,30808,30912,21385,32112,33620,40502,28299
31908,31696,33345,37288,33061,29424,36982,30216,31872,31408,35112,28776,30808,30912,21385,32112,33620,40502,28299
32065,32201,33416,37888,34353,29424,36982,30216,31872,31408,35112,28776,30808,30912,21385,32112,33620,40502,28299
32212,32831,33450,38512,31943,29904,36672,30368,31930,31337,35021,29560,30592,29434,18078,32904,33964,43400,29130
32492,33338,33325,38769,32520,29904,36672,30368,31930,31337,35021,29560,30592,29434,18078,32904,33964,43400,29130
32708,33864,33524,38912,30845,29904,36672,30368,31930,31337,35021,29560,30592,29434,18078,32904,33964,43400,29130
32836,33476,33879,38954,29452,29904,36672,30368,31930,31337,35021,29560,30592,29434,18078,32904,33964,43400,29130
32935,32900,34095,38893,31802,29904,36672,30368,31930,31337,35021,29560,30592,29434,18078,32904,33964,43400,29130
33165,32743,34056,38755,31073,29904,36672,30368,31930,31337,35021,29560,30592,29434,18078,32904,33964,43400,29130
33456,33507,34037,38578,33090,29904,36672,30368,31930,31337,35021,29560,30592,29434,18078,32904,33964,43400,29130
33622,33226,33789,38215,32795,29904,36672,30368,31930,31337,35021,29560,30592,29434,18078,32904,33964,43400,29130
33744,32244,33722,37644,30938,29904,36672,30368,31930,31337,35021,29560,30592,29434,18078,32904,33964,43400,29130
33735,31581,33410,37115,33633,29904,36672,30368,31930,31337,35021,29560,30592,29434,18078,32904,33964,43400,29130
33776,32640,33310,36807,34044,30720,36330,30370,32064,31672,34729,30160,30464,29720,15921,23643,29744,44973,26448
33770,32966,33160,36674,36628,30720,36330,30370,32064,31672,34729,30160,30464,29720,15921,23643,29744,44973,26448
33660,32975,32911,36356,39035,30720,36330,30370,32064,31672,34729,30160,30464,29720,15921,23643,29744,44973,26448
33526,32466,32710,35918,38103,30720,36330,30370,32064,31672,34729,30160,30464,29720,15921,23643,29744,44973,26448
33448,32602,32741,35668,36288,30720,36330,30370,32064,31672,34729,30160,30464,29720,15921,23643,29744,44973,26448
33334,32843,32556,35602,35716,30720,36330,30370,32064,31672,34729,30160,30464,29720,15921,23643,29744,44973,26448
33277,32022,32616,35329,27079,30720,36330,30370,32064,31672,34729,30160,30464,29720,15921,23643,29744,44973,26448
33214,31568,32827,35002,30192,30720,36330,30370,32064,31672,34729,30160,30464,29720,15921,23643,29744,44973,26448
33224,31837,32794,34882,27600,30720,36330,30370,32064,31672,34729,30160,30464,29720,15921,23643,29744,44973,26448
33080,31916,32423,34764,30312,30720,36330,30370,32064,31672,34729,30160,30464,29720,15921,23643,29744,44973,26448
32994,31853,32427,34584,35046,31328,35852,30900,32106,32292,34958,30800,30304,28412,16030,27176,29095,44485,25688
32940,33440,32520,34451,38054,31328,35852,30900,32106,32292,34958,30800,30304,28412,16030,27176,29095,44485,25688
32748,33751,32179,34118,36244,31328,35852,30900,32106,32292,34958,30800,30304,28412,16030,27176,29095,44485,25688
32777,32341,32005,34041,29280,31328,35852,30900,32106,32292,34958,30800,30304,28412,16030,27176,29095,44485,25688
32699,32354,31663,33833,29348,31328,35852,30900,32106,32292,34958,30800,30304,28412,16030,27176,29095,44485,25688
32587,32753,31739,33867,28313,31328,35852,30900,32106,32292,34958,30800,30304,28412,16030,27176,29095,44485,25688
30332,33538,32032,51216,32802,31328,35852,30900,32106,32292,34958,30800,30304,28412,16030,27176,29095,44485,25688
6176,33344,44832,60452,30496,31328,35852,30900,32106,32292,34958,30800,30304,28412,16030,27176,29095,44485,25688
8450,33974,42112,57820,33034,31328,35852,30900,32106,32292,34958,30800,30304,28412,16030,27176,29095,44485,25688
11738,33944,41784,54560,34586,31328,35852,30900,32106,32292,34958,30800,30304,28412,16030,27176,29095,44485,25688
14613,29540,45460,51719,33366,32252,35978,30690,32125,32774,34660,31380,30056,27237,11876,27322,27233,46196,24612
17075,29985,40706,49196,32488,32252,35978,30690,32125,32774,34660,31380,30056,27237,11876,27322,27233,46196,24612
21880,27492,40651,47128,34296,32252,35978,30690,32125,32774,34660,31380,30056,27237,11876,27322,27233,46196,24612
30666,29030,36560,45248,35588,32252,35978,30690,32125,32774,34660,31380,30056,27237,11876,27322,27233,46196,24612
33998,24476,40580,43618,32357,32252,35978,30690,32125,32774,34660,31380,30056,27237,11876,27322,27233,46196,24612
36296,24244,37925,42299,34021,32252,35978,30690,32125,32774,34660,31380,30056,27237,11876,27322,27233,46196,24612
37805,25980,35010,41024,35688,32252,35978,30690,32125,32774,34660,31380,30056,27237,11876,27322,27233,46196,24612
38812,29247,32514,39987,35982,32252,35978,30690,32125,32774,34660,31380,30056,27237,11876,27322,27233,46196,24612
39378,34402,29122,39112,37654,32252,35978,30690,32125,32774,34660,31380,30056,27237,11876,27322,27233,46196,24612
39646,36308,25604,38249,38063,32252,35978,30690,32125,32774,34660,31380,30056,27237,11876,27322,27233,46196,24612
39713,32481,30044,37682,36092,32808,35188,29850,32016,33184,34658,31960,29632,27328,6726,23180,28469,47309,23220
39572,31402,29593,36952,29593,32808,35188,29850,32016,33184,34658,31960,29632,27328,6726,23180,28469,47309,23220
39327,35120,29108,28271,24702,32808,35188,29850,32016,33184,34658,31960,29632,27328,6726,23180,28469,47309,23220
39032,36916,27240,25664,25992,32808,35188,29850,32016,33184,34658,31960,29632,27328,6726,23180,28469,47309,23220
38644,44740,17885,24164,27944,32808,35188,29850,32016,33184,34658,31960,29632,27328,6726,23180,28469,47309,23220
38268,39297,24853,23264,32757,32808,35188,29850,32016,33184,34658,31960,29632,27328,6726,23180,28469,47309,23220
37860,38284,25186,22759,32668,32808,35188,29850,32016,33184,34658,31960,29632,27328,6726,23180,28469,47309,23220
37446,38084,25652,22657,31588,32808,35188,29850,32016,33184,34658,31960,29632,27328,6726,23180,28469,47309,23220
37012,36352,27608,22764,29684,32808,35188,29850,32016,33184,34658,31960,29632,27328,6726,23180,28469,47309,23220
36666,35732,27962,23044,30030,32808,35188,29850,32016,33184,34658,31960,29632,27328,6726,23180,28469,47309,23220
36295,30114,34480,23376,33533,33392,33656,30620,32008,33104,34530,32685,29268,28576,8935,22770,27914,47264,18608
37770,42502,19045,21408,32480,33392,33656,30620,32008,33104,34530,32685,29268,28576,8935,22770,27914,47264,18608
35508,26214,38867,24528,36248,33392,33656,30620,32008,33104,34530,32685,29268,28576,8935,22770,27914,47264,18608
35004,26503,38785,25366,36142,33392,33656,30620,32008,33104,34530,32685,29268,28576,8935,22770,27914,47264,18608
34818,30780,33716,25879,36564,33392,33656,30620,32008,33104,34530,32685,29268,28576,8935,22770,27914,47264,18608
34616,36960,26999,26384,30407,33392,33656,30620,32008,33104,34530,32685,29268,28576,8935,22770,27914,47264,18608
34428,32818,32692,26878,33214,33392,33656,30620,32008,33104,34530,32685,29268,28576,8935,22770,27914,47264,18608
34267,32355,32774,27333,30536,33392,33656,30620,32008,33104,34530,32685,29268,28576,8935,22770,27914,47264,18608
34117,32532,32652,27772,32866,33392,33656,30620,32008,33104,34530,32685,29268,28576,8935,22770,27914,47264,18608
33950,36760,26406,28181,34784,33392,33656,30620,32008,33104,34530,32685,29268,28576,8935,22770,27914,47264,18608
33843,26548,38312,28628,31879,32586,33654,30844,32048,31672,35049,33600,28966,27696,10712,23336,28209,49872,20483
33712,30695,36679,29008,34480,32586,33654,30844,32048,31672,35049,33600,28966,27696,10712,23336,28209,49872,20483
33634,35812,29794,29410,35578,32586,33654,30844,32048,31672,35049,33600,28966,27696,10712,23336,28209,49872,20483
40578,51776,10962,12186,38296,32586,33654,30844,32048,31672,35049,33600,28966,27696,10712,23336,28209,49872,20483
36024,37665,28548,16754,33229,32586,33654,30844,32048,31672,35049,33600,28966,27696,10712,23336,28209,49872,20483
29340,34276,24572,41848,31526,32586,33654,30844,32048,31672,35049,33600,28966,27696,10712,23336,28209,49872,20483
30013,34264,28183,40253,33555,32586,33654,30844,32048,31672,35049,33600,28966,27696,10712,23336,28209,49872,20483
30782,34209,30556,37828,33127,32586,33654,30844,32048,31672,35049,33600,28966,27696,10712,23336,28209,49872,20483
31382,33938,31834,36013,31899,32586,33654,30844,32048,31672,35049,33600,28966,27696,10712,23336,28209,49872,20483
31816,33376,32784,31528,31672,32586,33654,30844,32048,31672,35049,33600,28966,27696,10712,23336,28209,49872,20483
44758,31651,33232,12708,27161,31308,34048,32281,32176,30088,36580,33164,28588,25125,13084,35097,27656,57310,24637
57708,30856,33287,4928,29337,31308,34048,32281,32176,30088,36580,33164,28588,25125,13084,35097,27656,57310,24637
55813,30618,33379,8053,27296,31308,34048,32281,32176,30088,36580,33164,28588,25125,13084,35097,27656,57310,24637
52841,30764,33604,11336,24710,31308,34048,32281,32176,30088,36580,33164,28588,25125,13084,35097,27656,57310,24637
50180,31660,33763,14184,27330,31308,34048,32281,32176,30088,36580,33164,28588,25125,13084,35097,27656,57310,24637
40573,31511,34121,16621,28912,31308,34048,32281,32176,30088,36580,33164,28588,25125,13084,35097,27656,57310,24637
36014,31628,34381,18743,34258,31308,34048,32281,32176,30088,36580,33164,28588,25125,13084,35097,27656,57310,24637
33088,31713,34532,20603,34773,31308,34048,32281,32176,30088,36580,33164,28588,25125,13084,35097,27656,57310,24637
31073,31682,34406,22212,39509,31308,34048,32281,32176,30088,36580,33164,28588,25125,13084,35097,27656,57310,24637
29626,32798,34180,23590,40093,31308,34048,32281,32176,30088,36580,33164,28588,25125,13084,35097,27656,57310,24637
28676,33464,34132,47150,38760,30452,35684,35332,32288,30008,38928,33886,28158,23144,24387,37664,24745,51944,23814
1928,32957,34006,65497,36956,30452,35684,35332,32288,30008,38928,33886,28158,23144,24387,37664,24745,51944,23814
17,31961,33897,65518,36605,30452,35684,35332,32288,30008,38928,33886,28158,23144,24387,37664,24745,51944,23814
16800,32256,34132,65525,34920,30452,35684,35332,32288,30008,38928,33886,28158,23144,24387,37664,24745,51944,23814
34904,31850,34208,63544,31704,30452,35684,35332,32288,30008,38928,33886,28158,23144,24387,37664,24745,51944,23814
44777,31612,34080,59236,28962,30452,35684,35332,32288,30008,38928,33886,28158,23144,24387,37664,24745,51944,23814
26945,31628,33721,55658,32960,30452,35684,35332,32288,30008,38928,33886,28158,23144,24387,37664,24745,51944,23814
20870,31354,33466,52616,34908,30452,35684,35332,32288,30008,38928,33886,28158,23144,24387,37664,24745,51944,23814
14041,32037,33380,50028,32880,30452,35684,35332,32288,30008,38928,33886,28158,23144,24387,37664,24745,51944,23814
8363,32917,33714,47794,30990,30452,35684,35332,32288,30008,38928,33886,28158,23144,24387,37664,24745,51944,23814
14966,34436,33774,45857,32098,31072,39124,37424,32416,30672,40680,34344,27848,21198,31634,41000,28117,53496,15916
21065,35749,32120,44192,34477,31072,39124,37424,32416,30672,40680,34344,27848,21198,31634,41000,28117,53496,15916
25810,35718,32000,42704,36084,31072,39124,37424,32416,30672,40680,34344,27848,21198,31634,41000,28117,53496,15916
29310,33704,32775,41437,32007,31072,39124,37424,32416,30672,40680,34344,27848,21198,31634,41000,28117,53496,15916
31968,31622,34861,37828,30808,31072,39124,37424,32416,30672,40680,34344,27848,21198,31634,41000,28117,53496,15916
33896,30451,33293,31000,28800,31072,39124,37424,32416,30672,40680,34344,27848,21198,31634,41000,28117,53496,15916
35234,29309,32268,21120,30649,31072,39124,37424,32416,30672,40680,34344,27848,21198,31634,41000,28117,53496,15916
41565,29243,33474,16944,30064,31072,39124,37424,32416,30672,40680,34344,27848,21198,31634,41000,28117,53496,15916
36352,30740,33604,24448,34422,31072,39124,37424,32416,30672,40680,34344,27848,21198,31634,41000,28117,53496,15916
39135,31582,33634,21140,36127,31072,39124,37424,32416,30672,40680,34344,27848,21198,31634,41000,28117,53496,15916
34198,32632,33622,30379,32277,32192,40450,38685,32576,31660,40829,35484,27380,22615,25410,27369,29093,49910,12729
34590,34188,32954,29533,31179,32192,40450,38685,32576,31660,40829,35484,27380,22615,25410,27369,29093,49910,12729
35084,33426,33200,28340,33222,32192,40450,38685,32576,31660,40829,35484,27380,22615,25410,27369,29093,49910,12729
42612,32824,31024,11620,32880,32192,40450,38685,32576,31660,40829,35484,27380,22615,25410,27369,29093,49910,12729
62864,33361,32204,17,34349,32192,40450,38685,32576,31660,40829,35484,27380,22615,25410,27369,29093,49910,12729
28125,35104,31848,41921,29718,32192,40450,38685,32576,31660,40829,35484,27380,22615,25410,27369,29093,49910,12729
53424,35388,32128,6534,31284,32192,40450,38685,32576,31660,40829,35484,27380,22615,25410,27369,29093,49910,12729
33192,34762,32264,34792,32532,32192,40450,38685,32576,31660,40829,35484,27380,22615,25410,27369,29093,49910,12729
28417,33452,32704,39676,33301,32192,40450,38685,32576,31660,40829,35484,27380,22615,25410,27369,29093,49910,12729
37042,32758,33388,23902,36436,32192,40450,38685,32576,31660,40829,35484,27380,22615,25410,27369,29093,49910,12729
46768,32104,33750,13462,36076,33548,39792,37394,32728,31897,39248,35113,26944,24653,20428,7773,27223,42272,14801
37250,31142,33942,27567,32990,33548,39792,37394,32728,31897,39248,35113,26944,24653,20428,7773,27223,42272,14801
42896,31940,34082,18480,31944,33548,39792,37394,32728,31897,39248,35113,26944,24653,20428,7773,27223,42272,14801
49924,32288,34316,10680,32184,33548,39792,37394,32728,31897,39248,35113,26944,24653,20428,7773,27223,42272,14801
44594,31392,34349,9929,31638,33548,39792,37394,32728,31897,39248,35113,26944,24653,20428,7773,27223,42272,14801
37991,30994,33953,12745,26383,33548,39792,37394,32728,31897,39248,35113,26944,24653,20428,7773,27223,42272,14801
35134,32150,33713,15408,31854,33548,39792,37394,32728,31897,39248,35113,26944,24653,20428,7773,27223,42272,14801
33234,32814,33616,17697,36424,33548,39792,37394,32728,31897,39248,35113,26944,24653,20428,7773,27223,42272,14801
31844,32820,33485,19677,36216,33548,39792,37394,32728,31897,39248,35113,26944,24653,20428,7773,27223,42272,14801
30848,32159,33213,21396,35176,33548,39792,37394,32728,31897,39248,35113,26944,24653,20428,7773,27223,42272,14801
30124,32072,33020,22888,35113,33900,39000,36448,32896,31648,37853,34265,26568,24793,15217,103,28936,40352,16680
29608,32842,32809,24194,35391,33900,39000,36448,32896,31648,37853,34265,26568,24793,15217,103,28936,40352,16680
29271,33162,32765,25303,33813,33900,39000,36448,32896,31648,37853,34265,26568,24793,15217,103,28936,40352,16680
29056,32896,32661,26268,29332,33900,39000,36448,32896,31648,37853,34265,26568,24793,15217,103,28936,40352,16680
28924,32477,32365,27113,31452,33900,39000,36448,32896,31648,37853,34265,26568,24793,15217,103,28936,40352,16680
28744,32768,32214,27844,35216,33900,39000,36448,32896,31648,37853,34265,26568,24793,15217,103,28936,40352,16680
28749,32368,31920,28487,30070,33900,39000,36448,32896,31648,37853,34265,26568,24793,15217,103,28936,40352,16680
28654,31708,31845,29054,32008,33900,39000,36448,32896,31648,37853,34265,26568,24793,15217,103,28936,40352,16680
28691,31943,32024,29526,35578,33900,39000,36448,32896,31648,37853,34265,26568,24793,15217,103,28936,40352,16680
28888,32975,32183,29938,33612,33900,39000,36448,32896,31648,37853,34265,26568,24793,15217,103,28936,40352,16680
29104,33658,32031,30276,32895,33860,38428,36208,33148,31554,38016,33774,26248,22324,9339,101,30748,42181,16877
29343,34089,32156,32810,33759,33860,38428,36208,33148,31554,38016,33774,26248,22324,9339,101,30748,42181,16877
29658,34020,32169,38774,32120,33860,38428,36208,33148,31554,38016,33774,26248,22324,9339,101,30748,42181,16877
29972,34050,32554,40243,31966,33860,38428,36208,33148,31554,38016,33774,26248,22324,9339,101,30748,42181,16877
30164,34265,32573,41120,34706,33860,38428,36208,33148,31554,38016,33774,26248,22324,9339,101,30748,42181,16877
30298,31932,32564,41607,36071,33860,38428,36208,33148,31554,38016,33774,26248,22324,9339,101,30748,42181,16877
30478,31460,32633,42001,32693,33860,38428,36208,33148,31554,38016,33774,26248,22324,9339,101,30748,42181,16877
30585,32318,32711,42540,31945,33860,38428,36208,33148,31554,38016,33774,26248,22324,9339,101,30748,42181,16877
30752,32959,32553,42422,29799,33860,38428,36208,33148,31554,38016,33774,26248,22324,9339,101,30748,42181,16877
30866,31594,32655,41905,31988,33860,38428,36208,33148,31554,38016,33774,26248,22324,9339,101,30748,42181,16877
31030,31906,32974,41498,33548,33460,37984,36052,33340,32468,38130,33648,25850,21161,10908,103,31383,38104,18108
31346,33409,33257,41056,31301,33460,37984,36052,33340,32468,38130,33648,25850,21161,10908,103,31383,38104,18108
31482,32806,32918,40604,32148,33460,37984,36052,33340,32468,38130,33648,25850,21161,10908,103,31383,38104,18108
31643,31824,33120,40118,33653,33460,37984,36052,33340,32468,38130,33648,25850,21161,10908,103,31383,38104,18108
31896,31074,33119,39550,29872,33460,37984,36052,33340,32468,38130,33648,25850,21161,10908,103,31383,38104,18108
32006,31314,33266,39157,32714,33460,37984,36052,33340,32468,38130,33648,25850,21161,10908,103,31383,38104,18108
32056,32118,33131,38744,28962,33460,37984,36052,33340,32468,38130,33648,25850,21161,10908,103,31383,38104,18108
32118,33548,32873,38621,33137,33460,37984,36052,33340,32468,38130,33648,25850,21161,10908,103,31383,38104,18108
28316,28728,39848,57016,37332,33460,37984,36052,33340,32468,38130,33648,25850,21161,10908,103,31383,38104,18108
8094,14344,57520,65504,36260,33460,37984,36052,33340,32468,38130,33648,25850,21161,10908,103,31383,38104,18108
14121,19076,55775,62704,31672,33416,38102,36768,33574,32330,38420,34564,25417,20033,9040,210,32823,30762,9872
20695,23873,46037,58668,33812,33416,38102,36768,33574,32330,38420,34564,25417,20033,9040,210,32823,30762,9872
25608,27697,40640,55160,32481,33416,38102,36768,33574,32330,38420,34564,25417,20033,9040,210,32823,30762,9872
29600,30528,36532,52288,31228,33416,38102,36768,33574,32330,38420,34564,25417,20033,9040,210,32823,30762,9872
35252,32428,33669,49700,26956,33416,38102,36768,33574,32330,38420,34564,25417,20033,9040,210,32823,30762,9872
34870,33986,31658,47446,32134,33416,38102,36768,33574,32330,38420,34564,25417,20033,9040,210,32823,30762,9872
33912,35045,30146,45618,35755,33416,38102,36768,33574,32330,38420,34564,25417,20033,9040,210,32823,30762,9872
32833,35524,29181,44035,36685,33416,38102,36768,33574,32330,38420,34564,25417,20033,9040,210,32823,30762,9872
33118,36060,28572,42547,34382,33416,38102,36768,33574,32330,38420,34564,25417,20033,9040,210,32823,30762,9872
28672,36359,28233,41261,35868,33416,38102,36768,33574,32330,38420,34564,25417,20033,9040,210,32823,30762,9872
30456,36209,28070,40338,35780,34188,37896,35960,33764,32322,37480,35234,25120,21210,10287,102,35038,26872,4958
35996,36282,28078,39370,34498,34188,37896,35960,33764,32322,37480,35234,25120,21210,10287,102,35038,26872,4958
37900,36260,28240,30760,33188,34188,37896,35960,33764,32322,37480,35234,25120,21210,10287,102,35038,26872,4958
42088,36055,28357,23685,35012,34188,37896,35960,33764,32322,37480,35234,25120,21210,10287,102,35038,26872,4958
39101,35885,28598,23112,32274,34188,37896,35960,33764,32322,37480,35234,25120,21210,10287,102,35038,26872,4958
40645,35604,28877,20982,30557,34188,37896,35960,33764,32322,37480,35234,25120,21210,10287,102,35038,26872,4958
36201,35350,29135,23019,27673,34188,37896,35960,33764,32322,37480,35234,25120,21210,10287,102,35038,26872,4958
33890,35284,29428,24893,33535,34188,37896,35960,33764,32322,37480,35234,25120,21210,10287,102,35038,26872,4958
31552,35016,29697,26793,34681,34188,37896,35960,33764,32322,37480,35234,25120,21210,10287,102,35038,26872,4958
37466,34844,30010,22624,36199,34188,37896,35960,33764,32322,37480,35234,25120,21210,10287,102,35038,26872,4958
42180,34540,30245,18273,31919,34706,37992,34528,33920,32944,37210,35792,24765,19974,7394,100,34180,22864,5818
40576,34361,30500,18710,30168,34706,37992,34528,33920,32944,37210,35792,24765,19974,7394,100,34180,22864,5818
41397,34252,30749,18196,27692,34706,37992,34528,33920,32944,37210,35792,24765,19974,7394,100,34180,22864,5818
41752,34102,30889,18000,29886,34706,37992,34528,33920,32944,37210,35792,24765,19974,7394,100,34180,22864,5818
43652,33924,31110,16710,29970,34706,37992,34528,33920,32944,37210,35792,24765,19974,7394,100,34180,22864,5818
41312,33789,29874,18395,33770,34706,37992,34528,33920,32944,37210,35792,24765,19974,7394,100,34180,22864,5818
39674,33672,28780,20294,33254,34706,37992,34528,33920,32944,37210,35792,24765,19974,7394,100,34180,22864,5818
34591,33508,31698,25256,31800,34706,37992,34528,33920,32944,37210,35792,24765,19974,7394,100,34180,22864,5818
28844,33458,33068,31156,33662,34706,37992,34528,33920,32944,37210,35792,24765,19974,7394,100,34180,22864,5818
26038,33493,32932,35402,31123,34706,37992,34528,33920,32944,37210,35792,24765,19974,7394,100,34180,22864,5818
29396,33348,32674,33603,30926,35456,38192,34640,34000,33444,37380,36410,24514,19749,10453,1380,37700,18158,10705
32272,33335,32668,31400,35614,35456,38192,34640,34000,33444,37380,36410,24514,19749,10453,1380,37700,18158,10705
33974,33132,32616,29784,37736,35456,38192,34640,34000,33444,37380,36410,24514,19749,10453,1380,37700,18158,10705
32142,33092,32488,31472,37544,35456,38192,34640,34000,33444,37380,36410,24514,19749,10453,1380,37700,18158,10705
22114,33154,29940,37778,34721,35456,38192,34640,34000,33444,37380,36410,24514,19749,10453,1380,37700,18158,10705
34132,33096,34228,30128,32974,35456,38192,34640,34000,33444,37380,36410,24514,19749,10453,1380,37700,18158,10705
46561,33492,24132,19528,32302,35456,38192,34640,34000,33444,37380,36410,24514,19749,10453,1380,37700,18158,10705
40872,51084,9749,8726,31961,35456,38192,34640,34000,33444,37380,36410,24514,19749,10453,1380,37700,18158,10705
35416,41566,22744,10891,30232,35456,38192,34640,34000,33444,37380,36410,24514,19749,10453,1380,37700,18158,10705
33799,38620,27004,13725,34003,35456,38192,34640,34000,33444,37380,36410,24514,19749,10453,1380,37700,18158,10705
32770,36008,29639,16247,33572,35832,38476,34608,34120,33312,37180,36304,24338,19712,14672,4316,33168,16400,10620
31972,34202,30529,18439,32066,35832,38476,34608,34120,33312,37180,36304,24338,19712,14672,4316,33168,16400,10620
31392,33276,31622,20289,32862,35832,38476,34608,34120,33312,37180,36304,24338,19712,14672,4316,33168,16400,10620
30927,32794,32877,21960,32637,35832,38476,34608,34120,33312,37180,36304,24338,19712,14672,4316,33168,16400,10620
30674,32036,33806,23374,32949,35832,38476,34608,34120,33312,37180,36304,24338,19712,14672,4316,33168,16400,10620
30465,31314,34427,24583,33422,35832,38476,34608,34120,33312,37180,36304,24338,19712,14672,4316,33168,16400,10620
30403,30864,35252,25667,33740,35832,38476,34608,34120,33312,37180,36304,24338,19712,14672,4316,33168,16400,10620
30396,31764,35325,26569,29905,35832,38476,34608,34120,33312,37180,36304,24338,19712,14672,4316,33168,16400,10620
30464,32421,35323,27389,30691,35832,38476,34608,34120,33312,37180,36304,24338,19712,14672,4316,33168,16400,10620
30584,31872,35617,29772,33710,35832,38476,34608,34120,33312,37180,36304,24338,19712,14672,4316,33168,16400,10620
30692,30976,35776,36318,30588,35996,38696,34464,34124,33324,37064,36602,24136,19948,15815,7550,35564,14132,16440
30852,30196,35313,38320,36468,35996,38696,34464,34124,33324,37064,36602,24136,19948,15815,7550,35564,14132,16440
31030,30313,35047,39555,55341,35996,38696,34464,34124,33324,37064,36602,24136,19948,15815,7550,35564,14132,16440
31176,30813,34960,40165,39728,35996,38696,34464,34124,33324,37064,36602,24136,19948,15815,7550,35564,14132,16440
31190,31171,35024,40614,38519,35996,38696,34464,34124,33324,37064,36602,24136,19948,15815,7550,35564,14132,16440
31247,31273,35146,41053,35799,35996,38696,34464,34124,33324,37064,36602,24136,19948,15815,7550,35564,14132,16440
31307,31224,34988,41152,33896,35996,38696,34464,34124,33324,37064,36602,24136,19948,15815,7550,35564,14132,16440
31499,32036,34695,41045,36003,35996,38696,34464,34124,33324,37064,36602,24136,19948,15815,7550,35564,14132,16440
31590,32303,34027,40680,36359,35996,38696,34464,34124,33324,37064,36602,24136,19948,15815,7550,35564,14132,16440
31655,31845,33853,40228,34358,35996,38696,34464,34124,33324,37064,36602,24136,19948,15815,7550,35564,14132,16440
31756,31657,33821,39906,33478,36066,38720,34379,34344,33144,37128,36944,24002,20297,16948,9048,33228,12277,21719
31952,32478,33886,39736,32999,36066,38720,34379,34344,33144,37128,36944,24002,20297,16948,9048,33228,12277,21719
32029,32176,33544,39406,34229,36066,38720,34379,34344,33144,37128,36944,24002,20297,16948,9048,33228,12277,21719
32004,31864,33964,38919,34287,36066,38720,34379,34344,33144,37128,36944,24002,20297,16948,9048,33228,12277,21719
32074,32092,34081,38306,33780,36066,38720,34379,34344,33144,37128,36944,24002,20297,16948,9048,33228,12277,21719
32200,32208,33349,37717,34548,36066,38720,34379,34344,33144,37128,36944,24002,20297,16948,9048,33228,12277,21719
32263,31367,32770,37319,30813,36066,38720,34379,34344,33144,37128,36944,24002,20297,16948,9048,33228,12277,21719
32429,30973,32760,37055,33569,36066,38720,34379,34344,33144,37128,36944,24002,20297,16948,9048,33228,12277,21719
32459,31420,32993,36755,31883,36066,38720,34379,34344,33144,37128,36944,24002,20297,16948,9048,33228,12277,21719
32450,32086,33342,36471,29318,36066,38720,34379,34344,33144,37128,36944,24002,20297,16948,9048,33228,12277,21719
32488,32863,33477,36173,31230,35776,38712,34276,34232,33064,37330,37153,23940,19934,17466,12708,31840,9961,23624
32514,32591,33376,35890,31346,35776,38712,34276,34232,33064,37330,37153,23940,19934,17466,12708,31840,9961,23624
32482,32177,33139,35800,31564,35776,38712,34276,34232,33064,37330,37153,23940,19934,17466,12708,31840,9961,23624
32392,32892,32970,35543,30086,35776,38712,34276,34232,33064,37330,37153,23940,19934,17466,12708,31840,9961,23624
32494,32942,31892,35106,30478,35776,38712,34276,34232,33064,37330,37153,23940,19934,17466,12708,31840,9961,23624
32509,32353,31293,34921,35192,35776,38712,34276,34232,33064,37330,37153,23940,19934,17466,12708,31840,9961,23624
32586,32228,31994,34748,35636,35776,38712,34276,34232,33064,37330,37153,23940,19934,17466,12708,31840,9961,23624
32705,32560,33496,34702,33825,35776,38712,34276,34232,33064,37330,37153,23940,19934,17466,12708,31840,9961,23624
32850,32834,34813,34525,40519,35776,38712,34276,34232,33064,37330,37153,23940,19934,17466,12708,31840,9961,23624
32880,32792,35009,34252,37430,35776,38712,34276,34232,33064,37330,37153,23940,19934,17466,12708,31840,9961,23624
32836,32535,34021,34086,30916,35680,38792,34280,34444,32682,37392,37217,23896,19568,18385,16698,30920,8226,23384
32632,33096,33857,34135,27406,35680,38792,34280,34444,32682,37392,37217,23896,19568,18385,16698,30920,8226,23384
32672,32935,33260,34320,28553,35680,38792,34280,34444,32682,37392,37217,23896,19568,18385,16698,30920,8226,23384
32612,32142,32865,34323,29894,35680,38792,34280,34444,32682,37392,37217,23896,19568,18385,16698,30920,8226,23384
32484,32270,32586,34183,31634,35680,38792,34280,34444,32682,37392,37217,23896,19568,18385,16698,30920,8226,23384
32453,32292,32925,33843,38461,35680,38792,34280,34444,32682,37392,37217,23896,19568,18385,16698,30920,8226,23384
32503,32648,33346,33541,34799,35680,38792,34280,34444,32682,37392,37217,23896,19568,18385,16698,30920,8226,23384
32528,33122,33463,33380,33112,35680,38792,34280,34444,32682,37392,37217,23896,19568,18385,16698,30920,8226,23384
32379,33226,33518,33380,15638,35680,38792,34280,34444,32682,37392,37217,23896,19568,18385,16698,30920,8226,23384
32436,32926,33095,33515,31858,35680,38792,34280,34444,32682,37392,37217,23896,19568,18385,16698,30920,8226,23384
32403,32571,32557,33672,29259,35664,39058,34304,34320,32760,37513,37536,23743,19380,20248,17572,32322,5739,23449
32384,32603,32262,33648,32063,35664,39058,34304,34320,32760,37513,37536,23743,19380,20248,17572,32322,5739,23449
32486,32139,32175,33465,36199,35664,39058,34304,34320,32760,37513,37536,23743,19380,20248,17572,32322,5739,23449
32438,31893,32211,33262,36103,35664,39058,34304,34320,32760,37513,37536,23743,19380,20248,17572,32322,5739,23449
32476,33072,32083,33127,34666,35664,39058,34304,34320,32760,37513,37536,23743,19380,20248,17572,32322,5739,23449
32424,32909,31548,32972,33064,35664,39058,34304,34320,32760,37513,37536,23743,19380,20248,17572,32322,5739,23449
32426,32636,31066,32983,31738,35664,39058,34304,34320,32760,37513,37536,23743,19380,20248,17572,32322,5739,23449
32516,32886,31196,33012,34937,35664,39058,34304,34320,32760,37513,37536,23743,19380,20248,17572,32322,5739,23449
32850,33172,33888,33086,36408,35664,39058,34304,34320,32760,37513,37536,23743,19380,20248,17572,32322,5739,23449
32952,32796,34299,33103,36324,35664,39058,34304,34320,32760,37513,37536,23743,19380,20248,17572,32322,5739,23449
33063,32951,33988,33242,33331,35480,39312,34465,34512,32832,37388,37990,23710,19319,20967,19159,30848,4652,24938
33082,33189,33227,33234,32943,35480,39312,34465,34512,32832,37388,37990,23710,19319,20967,19159,30848,4652,24938
32962,32473,32552,33103,30407,35480,39312,34465,34512,32832,37388,37990,23710,19319,20967,19159,30848,4652,24938
32899,32180,32314,33047,30411,35480,39312,34465,34512,32832,37388,37990,23710,19319,20967,19159,30848,4652,24938
32864,32162,32140,54092,32541,35480,39312,34465,34512,32832,37388,37990,23710,19319,20967,19159,30848,4652,24938
21920,32344,32504,59044,31347,35480,39312,34465,34512,32832,37388,37990,23710,19319,20967,19159,30848,4652,24938
18510,32692,33282,56236,33123,35480,39312,34465,34512,32832,37388,37990,23710,19319,20967,19159,30848,4652,24938
28522,32730,32790,53273,33988,35480,39312,34465,34512,32832,37388,37990,23710,19319,20967,19159,30848,4652,24938
30057,32936,32456,50525,31334,35480,39312,34465,34512,32832,37388,37990,23710,19319,20967,19159,30848,4652,24938
36680,33032,32408,48200,32581,35480,39312,34465,34512,32832,37388,37990,23710,19319,20967,19159,30848,4652,24938
41329,33016,32662,46266,30041,35714,39426,34580,34649,32820,37482,38076,23720,19448,21309,16876,34288,3813,26576
41991,33417,33525,44512,31669,35714,39426,34580,34649,32820,37482,38076,23720,19448,21309,16876,34288,3813,26576
12164,33140,33664,42996,30469,35714,39426,34580,34649,32820,37482,38076,23720,19448,21309,16876,34288,3813,26576
12105,32708,33277,41712,31304,35714,39426,34580,34649,32820,37482,38076,23720,19448,21309,16876,34288,3813,26576
27554,32540,32832,40509,32624,35714,39426,34580,34649,32820,37482,38076,23720,19448,21309,16876,34288,3813,26576
32252,32852,32354,39644,32648,35714,39426,34580,34649,32820,37482,38076,23720,19448,21309,16876,34288,3813,26576
35003,32891,32221,38687,33122,35714,39426,34580,34649,32820,37482,38076,23720,19448,21309,16876,34288,3813,26576
31304,32957,32370,37936,35347,35714,39426,34580,34649,32820,37482,38076,23720,19448,21309,16876,34288,3813,26576
25173,32832,32631,37296,32598,35714,39426,34580,34649,32820,37482,38076,23720,19448,21309,16876,34288,3813,26576
35640,32788,33468,36688,32324,35714,39426,34580,34649,32820,37482,38076,23720,19448,21309,16876,34288,3813,26576
45788,32800,33640,18277,33918,35891,39432,34696,34424,32708,37325,38500,23754,19920,21464,17421,31576,2188,24391
34740,32668,33302,30020,33001,35891,39432,34696,34424,32708,37325,38500,23754,19920,21464,17421,31576,2188,24391
43158,31878,32173,16120,31960,35891,39432,34696,34424,32708,37325,38500,23754,19920,21464,17421,31576,2188,24391
27616,31972,32484,33512,34180,35891,39432,34696,34424,32708,37325,38500,23754,19920,21464,17421,31576,2188,24391
19672,32653,33660,40672,32564,35891,39432,34696,34424,32708,37325,38500,23754,19920,21464,17421,31576,2188,24391
42114,32604,32710,14908,31368,35891,39432,34696,34424,32708,37325,38500,23754,19920,21464,17421,31576,2188,24391
43217,32584,31456,15090,34252,35891,39432,34696,34424,32708,37325,38500,23754,19920,21464,17421,31576,2188,24391
50536,32804,32156,5107,34874,35891,39432,34696,34424,32708,37325,38500,23754,19920,21464,17421,31576,2188,24391
52244,33245,33096,15,35720,35891,39432,34696,34424,32708,37325,38500,23754,19920,21464,17421,31576,2188,24391
43152,32826,33502,12,35442,35891,39432,34696,34424,32708,37325,38500,23754,19920,21464,17421,31576,2188,24391
39856,32272,33349,1800,33660,36232,39264,34724,34594,32716,37240,38858,23788,20564,21681,16604,33033,1239,24376
37572,32514,32804,6140,33650,36232,39264,34724,34594,32716,37240,38858,23788,20564,21681,16604,33033,1239,24376
35832,33218,33004,9753,30474,36232,39264,34724,34594,32716,37240,38858,23788,20564,21681,16604,33033,1239,24376
34475,32591,33223,12866,33078,36232,39264,34724,34594,32716,37240,38858,23788,20564,21681,16604,33033,1239,24376
33488,32263,33340,15443,29759,36232,39264,34724,34594,32716,37240,38858,23788,20564,21681,16604,33033,1239,24376
32420,32559,32910,17796,32267,36232,39264,34724,34594,32716,37240,38858,23788,20564,21681,16604,33033,1239,24376
31600,33828,33159,19729,31357,36232,39264,34724,34594,32716,37240,38858,23788,20564,21681,16604,33033,1239,24376
31144,33732,33320,35584,31364,36232,39264,34724,34594,32716,37240,38858,23788,20564,21681,16604,33033,1239,24376
30972,33391,32934,65511,34625,36232,39264,34724,34594,32716,37240,38858,23788,20564,21681,16604,33033,1239,24376
30872,32936,32647,65523,34306,36232,39264,34724,34594,32716,37240,38858,23788,20564,21681,16604,33033,1239,24376
30740,32974,32288,65524,32628,36160,38978,34826,34452,32830,37168,39068,23826,21304,21032,18179,32782,822,25111
30675,32510,32204,62166,34477,36160,38978,34826,34452,32830,37168,39068,23826,21304,21032,18179,32782,822,25111
30694,32150,32797,57998,33629,36160,38978,34826,34452,32830,37168,39068,23826,21304,21032,18179,32782,822,25111
30954,32029,33698,53878,31724,36160,38978,34826,34452,32830,37168,39068,23826,21304,21032,18179,32782,822,25111
31066,32550,33468,51400,33586,36160,38978,34826,34452,32830,37168,39068,23826,21304,21032,18179,32782,822,25111
25688,32484,33222,49481,32502,36160,38978,34826,34452,32830,37168,39068,23826,21304,21032,18179,32782,822,25111
22048,33158,32420,47360,31076,36160,38978,34826,34452,32830,37168,39068,23826,21304,21032,18179,32782,822,25111
14697,33572,31924,45425,32588,36160,38978,34826,34452,32830,37168,39068,23826,21304,21032,18179,32782,822,25111
18235,33851,32295,43867,30480,36160,38978,34826,34452,32830,37168,39068,23826,21304,21032,18179,32782,822,25111
28933,33508,32672,42394,33380,36160,38978,34826,34452,32830,37168,39068,23826,21304,21032,18179,32782,822,25111
48672,33005,33564,41148,32352,36024,38786,34700,34460,32900,37168,39176,23864,21922,21685,19236,30000,828,26468
44736,32632,34004,38,32010,36024,38786,34700,34460,32900,37168,39176,23864,21922,21685,19236,30000,828,26468
39288,32265,33178,9,34032,36024,38786,34700,34460,32900,37168,39176,23864,21922,21685,19236,30000,828,26468
37352,31926,33010,12,32484,36024,38786,34700,34460,32900,37168,39176,23864,21922,21685,19236,30000,828,26468
35972,31972,32545,11,31552,36024,38786,34700,34460,32900,37168,39176,23864,21922,21685,19236,30000,828,26468
34888,32032,32176,4684,33501,36024,38786,34700,34460,32900,37168,39176,23864,21922,21685,19236,30000,828,26468
34027,32310,31721,8577,31727,36024,38786,34700,34460,32900,37168,39176,23864,21922,21685,19236,30000,828,26468
33324,33106,31997,11857,34008,36024,38786,34700,34460,32900,37168,39176,23864,21922,21685,19236,30000,828,26468
32981,33389,33120,14665,34837,36024,38786,34700,34460,32900,37168,39176,23864,21922,21685,19236,30000,828,26468
31554,33000,34236,62876,33644,36024,38786,34700,34460,32900,37168,39176,23864,21922,21685,19236,30000,828,26468
33044,33228,33288,34004,32796,35832,38689,34592,34392,32824,37100,39306,23972,22474,22734,20144,29281,227,25641
32684,33344,32857,12934,34412,35832,38689,34592,34392,32824,37100,39306,23972,22474,22734,20144,29281,227,25641
32404,33227,32498,14369,32982,35832,38689,34592,34392,32824,37100,39306,23972,22474,22734,20144,29281,227,25641
32315,32757,32399,16805,31926,35832,38689,34592,34392,32824,37100,39306,23972,22474,22734,20144,29281,227,25641
32316,32356,32274,65104,34164,35832,38689,34592,34392,32824,37100,39306,23972,22474,22734,20144,29281,227,25641
32396,31826,32586,65524,32493,35832,38689,34592,34392,32824,37100,39306,23972,22474,22734,20144,29281,227,25641
32302,32020,33010,65535,32471,35832,38689,34592,34392,32824,37100,39306,23972,22474,22734,20144,29281,227,25641
31966,32324,33420,60958,34354,35832,38689,34592,34392,32824,37100,39306,23972,22474,22734,20144,29281,227,25641
31734,31747,33468,57100,32724,35832,38689,34592,34392,32824,37100,39306,23972,22474,22734,20144,29281,227,25641
32224,32257,33120,53793,32322,35832,38689,34592,34392,32824,37100,39306,23972,22474,22734,20144,29281,227,25641
31976,33704,32692,15650,33696,35504,38520,34882,34512,32449,36948,39252,24032,23209,26100,21205,28296,68,27424
32036,34532,32258,17,32018,35504,38520,34882,34512,32449,36948,39252,24032,23209,26100,21205,28296,68,27424
32144,33405,32314,1079,32014,35504,38520,34882,34512,32449,36948,39252,24032,23209,26100,21205,28296,68,27424
32274,32413,32520,5523,33330,35504,38520,34882,34512,32449,36948,39252,24032,23209,26100,21205,28296,68,27424
31342,31792,32404,9329,30752,35504,38520,34882,34512,32449,36948,39252,24032,23209,26100,21205,28296,68,27424
32412,32532,33380,12484,33132,35504,38520,34882,34512,32449,36948,39252,24032,23209,26100,21205,28296,68,27424
32608,32805,34125,15278,32262,35504,38520,34882,34512,32449,36948,39252,24032,23209,26100,21205,28296,68,27424
32501,32993,33556,17594,31482,35504,38520,34882,34512,32449,36948,39252,24032,23209,26100,21205,28296,68,27424
32394,33188,33089,19628,34079,35504,38520,34882,34512,32449,36948,39252,24032,23209,26100,21205,28296,68,27424
32524,32969,32354,21337,32892,35504,38520,34882,34512,32449,36948,39252,24032,23209,26100,21205,28296,68,27424
32724,32841,32630,22840,31735,35764,38346,34708,34452,32266,36808,38840,24194,23265,27648,21430,28676,65,30305
32739,32925,33220,24160,33902,35764,38346,34708,34452,32266,36808,38840,24194,23265,27648,21430,28676,65,30305
32586,32775,33981,25250,31868,35764,38346,34708,34452,32266,36808,38840,24194,23265,27648,21430,28676,65,30305
32491,32726,33799,26266,32152,35764,38346,34708,34452,32266,36808,38840,24194,23265,27648,21430,28676,65,30305
32448,32938,33423,27100,33190,35764,38346,34708,34452,32266,36808,38840,24194,23265,27648,21430,28676,65,30305
32453,33106,33219,35258,31615,35764,38346,34708,34452,32266,36808,38840,24194,23265,27648,21430,28676,65,30305
32561,32948,32735,37542,33435,35764,38346,34708,34452,32266,36808,38840,24194,23265,27648,21430,28676,65,30305
32480,32805,32054,39052,32425,35764,38346,34708,34452,32266,36808,38840,24194,23265,27648,21430,28676,65,30305
32324,32690,30413,39991,31904,35764,38346,34708,34452,32266,36808,38840,24194,23265,27648,21430,28676,65,30305
32366,32623,30260,39664,34362,35764,38346,34708,34452,32266,36808,38840,24194,23265,27648,21430,28676,65,30305
32415,32510,29917,39794,35141,35672,37682,34762,34316,32048,36502,38290,24356,23284,29292,25040,26409,64,29050
32472,32437,30760,40357,32974,35672,37682,34762,34316,32048,36502,38290,24356,23284,29292,25040,26409,64,29050
32422,32667,31858,40659,32776,35672,37682,34762,34316,32048,36502,38290,24356,23284,29292,25040,26409,64,29050
32209,32871,32724,40387,34964,35672,37682,34762,34316,32048,36502,38290,24356,23284,29292,25040,26409,64,29050
32080,32917,33126,40872,32363,35672,37682,34762,34316,32048,36502,38290,24356,23284,29292,25040,26409,64,29050
31750,33170,33446,42187,31904,35672,37682,34762,34316,32048,36502,38290,24356,23284,29292,25040,26409,64,29050
31680,32934,33284,42138,34410,35672,37682,34762,34316,32048,36502,38290,24356,23284,29292,25040,26409,64,29050
31996,32274,32649,40454,33666,35672,37682,34762,34316,32048,36502,38290,24356,23284,29292,25040,26409,64,29050
32536,32072,32557,38847,31332,35672,37682,34762,34316,32048,36502,38290,24356,23284,29292,25040,26409,64,29050
32825,32298,33336,38468,34527,35672,37682,34762,34316,32048,36502,38290,24356,23284,29292,25040,26409,64,29050
33142,33418,33142,38277,32418,35578,37242,34800,34120,31920,36392,38490,24524,23944,31884,25824,26057,66,26278
33397,34119,33204,37736,31374,35578,37242,34800,34120,31920,36392,38490,24524,23944,31884,25824,26057,66,26278
33399,33490,32692,36599,32286,35578,37242,34800,34120,31920,36392,38490,24524,23944,31884,25824,26057,66,26278
33286,32953,32435,36488,30559,35578,37242,34800,34120,31920,36392,38490,24524,23944,31884,25824,26057,66,26278
33314,32548,32875,35876,33027,35578,37242,34800,34120,31920,36392,38490,24524,23944,31884,25824,26057,66,26278
33318,32435,32789,34820,32079,35578,37242,34800,34120,31920,36392,38490,24524,23944,31884,25824,26057,66,26278
33298,32491,32301,34901,31854,35578,37242,34800,34120,31920,36392,38490,24524,23944,31884,25824,26057,66,26278
33164,31998,32528,34228,34015,35578,37242,34800,34120,31920,36392,38490,24524,23944,31884,25824,26057,66,26278
32958,31397,32831,32252,31805,35578,37242,34800,34120,31920,36392,38490,24524,23944,31884,25824,26057,66,26278
32742,31721,32029,30998,32924,35578,37242,34800,34120,31920,36392,38490,24524,23944,31884,25824,26057,66,26278
32654,31894,31911,33205,34962,35176,36696,34974,33984,31992,35924,38836,24760,24248,33844,28058,25983,65,23470
32246,31605,33972,37877,31891,35176,36696,34974,33984,31992,35924,38836,24760,24248,33844,28058,25983,65,23470
32181,31726,35087,35285,32937,35176,36696,34974,33984,31992,35924,38836,24760,24248,33844,28058,25983,65,23470
32103,33486,35000,34736,35117,35176,36696,34974,33984,31992,35924,38836,24760,24248,33844,28058,25983,65,23470
31976,34823,34160,40842,32412,35176,36696,34974,33984,31992,35924,38836,24760,24248,33844,28058,25983,65,23470
13446,21652,49008,59636,32248,35176,36696,34974,33984,31992,35924,38836,24760,24248,33844,28058,25983,65,23470
10031,17107,53784,60248,34814,35176,36696,34974,33984,31992,35924,38836,24760,24248,33844,28058,25983,65,23470
16476,21784,47151,56888,32771,35176,36696,34974,33984,31992,35924,38836,24760,24248,33844,28058,25983,65,23470
23027,25956,41810,53744,31630,35176,36696,34974,33984,31992,35924,38836,24760,24248,33844,28058,25983,65,23470
29134,29139,37574,50984,33889,35176,36696,34974,33984,31992,35924,38836,24760,24248,33844,28058,25983,65,23470
30124,31451,34633,48566,31935,34704,36072,35200,33812,32208,35616,39032,24912,24296,36837,29199,25948,64,24620
32444,32958,32398,46584,32052,34704,36072,35200,33812,32208,35616,39032,24912,24296,36837,29199,25948,64,24620
36989,34116,30752,44788,33336,34704,36072,35200,33812,32208,35616,39032,24912,24296,36837,29199,25948,64,24620
39925,34990,29750,43236,31930,34704,36072,35200,33812,32208,35616,39032,24912,24296,36837,29199,25948,64,24620
44849,35503,29050,41962,33296,34704,36072,35200,33812,32208,35616,39032,24912,24296,36837,29199,25948,64,24620
43436,35804,28659,40700,32805,34704,36072,35200,33812,32208,35616,39032,24912,24296,36837,29199,25948,64,24620
39332,35916,28452,39843,31391,34704,36072,35200,33812,32208,35616,39032,24912,24296,36837,29199,25948,64,24620
37152,35899,28435,32876,32910,34704,36072,35200,33812,32208,35616,39032,24912,24296,36837,29199,25948,64,24620
35714,35994,28451,29550,32057,34704,36072,35200,33812,32208,35616,39032,24912,24296,36837,29199,25948,64,24620
34856,35871,28653,27168,31689,34704,36072,35200,33812,32208,35616,39032,24912,24296,36837,29199,25948,64,24620
36088,35749,28844,23873,33806,34800,35648,35130,33540,32548,35218,39036,25228,25217,39652,30117,26644,65,23598
37578,35414,29091,21434,31286,34800,35648,35130,33540,32548,35218,39036,25228,25217,39652,30117,26644,65,23598
36688,35225,29341,21662,33495,34800,35648,35130,33540,32548,35218,39036,25228,25217,39652,30117,26644,65,23598
33638,35120,29611,23890,33474,34800,35648,35130,33540,32548,35218,39036,25228,25217,39652,30117,26644,65,23598
31740,34970,29853,25888,30923,34800,35648,35130,33540,32548,35218,39036,25228,25217,39652,30117,26644,65,23598
33498,34740,30161,25364,33439,34800,35648,35130,33540,32548,35218,39036,25228,25217,39652,30117,26644,65,23598
37300,34435,30376,22416,32668,34800,35648,35130,33540,32548,35218,39036,25228,25217,39652,30117,26644,65,23598
38877,34359,30570,20314,31465,34800,35648,35130,33540,32548,35218,39036,25228,25217,39652,30117,26644,65,23598
39484,34205,30872,19223,34500,34800,35648,35130,33540,32548,35218,39036,25228,25217,39652,30117,26644,65,23598
36608,34085,31050,21331,33164,34800,35648,35130,33540,32548,35218,39036,25228,25217,39652,30117,26644,65,23598
33430,33827,31190,24748,31758,34560,35428,34640,33484,32928,34932,38784,25541,26736,41646,26360,29065,67,22818
32646,33693,31448,26638,33999,34560,35428,34640,33484,32928,34932,38784,25541,26736,41646,26360,29065,67,22818
29180,33748,31548,30358,33123,34560,35428,34640,33484,32928,34932,38784,25541,26736,41646,26360,29065,67,22818
32132,33628,31614,28290,31677,34560,35428,34640,33484,32928,34932,38784,25541,26736,41646,26360,29065,67,22818
33509,33560,31836,27826,34441,34560,35428,34640,33484,32928,34932,38784,25541,26736,41646,26360,29065,67,22818
29287,33338,31889,31803,32576,34560,35428,34640,33484,32928,34932,38784,25541,26736,41646,26360,29065,67,22818
23745,33365,31912,38115,31984,34560,35428,34640,33484,32928,34932,38784,25541,26736,41646,26360,29065,67,22818
15594,33097,32090,46252,33894,34560,35428,34640,33484,32928,34932,38784,25541,26736,41646,26360,29065,67,22818
14490,33285,32232,48516,32743,34560,35428,34640,33484,32928,34932,38784,25541,26736,41646,26360,29065,67,22818
16717,32955,32278,46983,31936,34560,35428,34640,33484,32928,34932,38784,25541,26736,41646,26360,29065,67,22818
23010,33088,32220,41927,34694,34312,34802,34036,33356,33114,34725,38736,25816,27801,42365,24737,28868,1833,28437
27954,33156,32408,37320,32166,34312,34802,34036,33356,33114,34725,38736,25816,27801,42365,24737,28868,1833,28437
27578,32961,32458,36807,32224,34312,34802,34036,33356,33114,34725,38736,25816,27801,42365,24737,28868,1833,28437
30625,33080,32476,39034,34455,34312,34802,34036,33356,33114,34725,38736,25816,27801,42365,24737,28868,1833,28437
32433,33073,32448,37991,31467,34312,34802,34036,33356,33114,34725,38736,25816,27801,42365,24737,28868,1833,28437
34279,32896,32450,28928,33008,34312,34802,34036,33356,33114,34725,38736,25816,27801,42365,24737,28868,1833,28437
49340,32848,32601,16314,33906,34312,34802,34036,33356,33114,34725,38736,25816,27801,42365,24737,28868,1833,28437
56592,32833,32596,9237,31992,34312,34802,34036,33356,33114,34725,38736,25816,27801,42365,24737,28868,1833,28437
56446,32824,32520,7918,33584,34312,34802,34036,33356,33114,34725,38736,25816,27801,42365,24737,28868,1833,28437
52321,32848,32640,11085,34343,34312,34802,34036,33356,33114,34725,38736,25816,27801,42365,24737,28868,1833,28437
47942,32902,32666,15194,31913,34121,34700,33600,33060,32988,34520,38364,26128,28880,47080,24189,28494,4175,30497
45096,32790,32349,18086,33287,34121,34700,33600,33060,32988,34520,38364,26128,28880,47080,24189,28494,4175,30497
42224,32790,30358,20517,33820,34121,34700,33600,33060,32988,34520,38364,26128,28880,47080,24189,28494,4175,30497
52400,43968,7487,10430,30942,34121,34700,33600,33060,32988,34520,38364,26128,28880,47080,24189,28494,4175,30497
43151,39673,22592,12362,33452,34121,34700,33600,33060,32988,34520,38364,26128,28880,47080,24189,28494,4175,30497
36112,37792,26688,15037,33404,34121,34700,33600,33060,32988,34520,38364,26128,28880,47080,24189,28494,4175,30497
33371,38480,29178,17296,31528,34121,34700,33600,33060,32988,34520,38364,26128,28880,47080,24189,28494,4175,30497
31896,38162,31016,19394,32656,34121,34700,33600,33060,32988,34520,38364,26128,28880,47080,24189,28494,4175,30497
30681,36944,32312,21091,31908,34121,34700,33600,33060,32988,34520,38364,26128,28880,47080,24189,28494,4175,30497
29884,34141,33222,22681,31120,34121,34700,33600,33060,32988,34520,38364,26128,28880,47080,24189,28494,4175,30497
29366,31864,33904,23991,34167,33736,34640,34152,32964,32684,34537,38316,26552,30228,47502,24668,27579,6986,30695
29122,30475,34508,25118,32102,33736,34640,34152,32964,32684,34537,38316,26552,30228,47502,24668,27579,6986,30695
28620,30976,34745,26149,32620,33736,34640,34152,32964,32684,34537,38316,26552,30228,47502,24668,27579,6986,30695
28353,31572,35083,26970,33765,33736,34640,34152,32964,32684,34537,38316,26552,30228,47502,24668,27579,6986,30695
28364,32260,35381,27742,31360,33736,34640,34152,32964,32684,34537,38316,26552,30228,47502,24668,27579,6986,30695
28654,31807,35290,28398,33476,33736,34640,34152,32964,32684,34537,38316,26552,30228,47502,24668,27579,6986,30695
28983,30904,35245,37209,35642,33736,34640,34152,32964,32684,34537,38316,26552,30228,47502,24668,27579,6986,30695
28892,30858,35200,39384,32605,33736,34640,34152,32964,32684,34537,38316,26552,30228,47502,24668,27579,6986,30695
28952,31317,35123,40526,32444,33736,34640,34152,32964,32684,34537,38316,26552,30228,47502,24668,27579,6986,30695
29060,31077,34860,41122,34967,33736,34640,34152,32964,32684,34537,38316,26552,30228,47502,24668,27579,6986,30695
29402,30628,35026,39712,34724,33568,34640,34008,32962,32347,34721,38240,26792,29381,46012,29016,23921,9810,33404
29838,30315,34921,40041,32301,33568,34640,34008,32962,32347,34721,38240,26792,29381,46012,29016,23921,9810,33404
30244,30720,34605,42202,35106,33568,34640,34008,32962,32347,34721,38240,26792,29381,46012,29016,23921,9810,33404
30470,31288,34508,40848,36239,33568,34640,34008,32962,32347,34721,38240,26792,29381,46012,29016,23921,9810,33404
30702,31611,34404,39883,35586,33568,34640,34008,32962,32347,34721,38240,26792,29381,46012,29016,23921,9810,33404
31024,32460,34607,40684,34306,33568,34640,34008,32962,32347,34721,38240,26792,29381,46012,29016,23921,9810,33404
31455,33750,34384,41040,33174,33568,34640,34008,32962,32347,34721,38240,26792,29381,46012,29016,23921,9810,33404
31478,33383,34159,40268,34582,33568,34640,34008,32962,32347,34721,38240,26792,29381,46012,29016,23921,9810,33404
31468,32232,34037,39446,35488,33568,34640,34008,32962,32347,34721,38240,26792,29381,46012,29016,23921,9810,33404
31718,30821,33713,39063,33317,33568,34640,34008,32962,32347,34721,38240,26792,29381,46012,29016,23921,9810,33404
31528,31282,33620,38642,32804,33108,34874,33928,32786,31920,34884,37934,27196,30244,46401,30524,23700,13528,36436
31222,31751,34021,37178,34015,33108,34874,33928,32786,31920,34884,37934,27196,30244,46401,30524,23700,13528,36436
31197,31339,34169,35438,32420,33108,34874,33928,32786,31920,34884,37934,27196,30244,46401,30524,23700,13528,36436
31253,30757,34311,35335,30576,33108,34874,33928,32786,31920,34884,37934,27196,30244,46401,30524,23700,13528,36436
31389,31239,34272,34674,25728,33108,34874,33928,32786,31920,34884,37934,27196,30244,46401,30524,23700,13528,36436
31750,31581,33872,33985,26092,33108,34874,33928,32786,31920,34884,37934,27196,30244,46401,30524,23700,13528,36436
31954,31380,33935,34320,25052,33108,34874,33928,32786,31920,34884,37934,27196,30244,46401,30524,23700,13528,36436
32038,31459,33553,35194,22256,33108,34874,33928,32786,31920,34884,37934,27196,30244,46401,30524,23700,13528,36436
31884,31510,33358,37627,27079,33108,34874,33928,32786,31920,34884,37934,27196,30244,46401,30524,23700,13528,36436
31549,32164,33341,38670,28141,33108,34874,33928,32786,31920,34884,37934,27196,30244,46401,30524,23700,13528,36436
31717,32553,32972,33420,32647,32328,34362,34000,32804,31580,34800,37224,27579,30020,46164,33764,23500,17289,36546
31548,32479,32898,40891,33960,32328,34362,34000,32804,31580,34800,37224,27579,30020,46164,33764,23500,17289,36546
6929,15838,51360,62888,35188,32328,34362,34000,32804,31580,34800,37224,27579,30020,46164,33764,23500,17289,36546
8804,19073,47754,61149,40192,32328,34362,34000,32804,31580,34800,37224,27579,30020,46164,33764,23500,17289,36546
12030,23610,42628,57536,41972,32328,34362,34000,32804,31580,34800,37224,27579,30020,46164,33764,23500,17289,36546
14871,27278,38686,54200,44937,32328,34362,34000,32804,31580,34800,37224,27579,30020,46164,33764,23500,17289,36546
17288,29888,35662,51452,40093,32328,34362,34000,32804,31580,34800,37224,27579,30020,46164,33764,23500,17289,36546
24452,32061,33598,48968,32624,32328,34362,34000,32804,31580,34800,37224,27579,30020,46164,33764,23500,17289,36546
31209,33316,32002,46898,28175,32328,34362,34000,32804,31580,34800,37224,27579,30020,46164,33764,23500,17289,36546
34324,34279,30847,45062,29614,32328,34362,34000,32804,31580,34800,37224,27579,30020,46164,33764,23500,17289,36546
36474,35085,30170,43490,29968,32310,34936,33880,32632,31376,34584,36716,27876,29826,49812,35320,25374,20853,37919
37928,35487,29664,29668,29447,32310,34936,33880,32632,31376,34584,36716,27876,29826,49812,35320,25374,20853,37919
42450,35715,29428,15384,28365,32310,34936,33880,32632,31376,34584,36716,27876,29826,49812,35320,25374,20853,37919
39047,35749,29348,41020,28248,32310,34936,33880,32632,31376,34584,36716,27876,29826,49812,35320,25374,20853,37919
39020,35731,29339,43416,27807,32310,34936,33880,32632,31376,34584,36716,27876,29826,49812,35320,25374,20853,37919
39144,35736,29436,29909,29921,32310,34936,33880,32632,31376,34584,36716,27876,29826,49812,35320,25374,20853,37919
56928,35576,27217,37,32080,32310,34936,33880,32632,31376,34584,36716,27876,29826,49812,35320,25374,20853,37919
65516,35584,20430,12,37638,32310,34936,33880,32632,31376,34584,36716,27876,29826,49812,35320,25374,20853,37919
60448,34589,30352,11,36304,32310,34936,33880,32632,31376,34584,36716,27876,29826,49812,35320,25374,20853,37919
54288,42792,14164,1742,35120,32310,34936,33880,32632,31376,34584,36716,27876,29826,49812,35320,25374,20853,37919
56936,46106,5757,6183,33800,32112,34352,34564,32674,31652,34339,35992,28234,30305,49929,35512,25401,23392,35517
43320,42686,8954,9842,44604,32112,34352,34564,32674,31652,34339,35992,28234,30305,49929,35512,25401,23392,35517
39736,39952,21059,12940,33855,32112,34352,34564,32674,31652,34339,35992,28234,30305,49929,35512,25401,23392,35517
38728,37415,26413,15544,38789,32112,34352,34564,32674,31652,34339,35992,28234,30305,49929,35512,25401,23392,35517
37600,36022,30277,17826,32545,32112,34352,34564,32674,31652,34339,35992,28234,30305,49929,35512,25401,23392,35517
35416,35055,33269,19822,32074,32112,34352,34564,32674,31652,34339,35992,28234,30305,49929,35512,25401,23392,35517
33674,34342,35517,21511,32058,32112,34352,34564,32674,31652,34339,35992,28234,30305,49929,35512,25401,23392,35517
32573,33200,36889,22974,31477,32112,34352,34564,32674,31652,34339,35992,28234,30305,49929,35512,25401,23392,35517
3504,25809,57152,60436,34355,32112,34352,34564,32674,31652,34339,35992,28234,30305,49929,35512,25401,23392,35517
13,29369,64248,65516,34944,32112,34352,34564,32674,31652,34339,35992,28234,30305,49929,35512,25401,23392,35517
1988,19810,55712,65522,33857,32296,34028,35000,32588,31872,34160,35508,28396,30878,50849,34668,24185,25988,38001
6511,20561,48536,65520,33680,32296,34028,35000,32588,31872,34160,35508,28396,30878,50849,34668,24185,25988,38001
15588,24012,43435,61892,31986,32296,34028,35000,32588,31872,34160,35508,28396,30878,50849,34668,24185,25988,38001
23405,26972,39456,57861,33120,32296,34028,35000,32588,31872,34160,35508,28396,30878,50849,34668,24185,25988,38001
27636,29127,36562,54468,31140,32296,34028,35000,32588,31872,34160,35508,28396,30878,50849,34668,24185,25988,38001
30784,34581,34224,51604,27980,32296,34028,35000,32588,31872,34160,35508,28396,30878,50849,34668,24185,25988,38001
33064,37920,32698,49170,28474,32296,34028,35000,32588,31872,34160,35508,28396,30878,50849,34668,24185,25988,38001
34652,37931,30234,46968,29608,32296,34028,35000,32588,31872,34160,35508,28396,30878,50849,34668,24185,25988,38001
35809,32054,30797,45218,29389,32296,34028,35000,32588,31872,34160,35508,28396,30878,50849,34668,24185,25988,38001
36528,38944,27540,43600,31032,32296,34028,35000,32588,31872,34160,35508,28396,30878,50849,34668,24185,25988,38001
36948,39208,24223,42254,32020,32452,34220,34437,32384,31656,33418,35620,28632,31065,49024,31961,24176,27852,33820
37176,32708,31788,40982,31591,32452,34220,34437,32384,31656,33418,35620,28632,31065,49024,31961,24176,27852,33820
37228,29025,32762,31462,33241,32452,34220,34437,32384,31656,33418,35620,28632,31065,49024,31961,24176,27852,33820
37164,26085,32108,28473,36133,32452,34220,34437,32384,31656,33418,35620,28632,31065,49024,31961,24176,27852,33820
37044,27545,31516,26597,37355,32452,34220,34437,32384,31656,33418,35620,28632,31065,49024,31961,24176,27852,33820
36817,33843,31356,25352,36828,32452,34220,34437,32384,31656,33418,35620,28632,31065,49024,31961,24176,27852,33820
36590,44396,22268,24712,61484,32452,34220,34437,32384,31656,33418,35620,28632,31065,49024,31961,24176,27852,33820
36292,43094,14797,24268,4092,32452,34220,34437,32384,31656,33418,35620,28632,31065,49024,31961,24176,27852,33820
36049,37907,24723,24159,64814,32452,34220,34437,32384,31656,33418,35620,28632,31065,49024,31961,24176,27852,33820
36310,35714,32445,24201,29787,32452,34220,34437,32384,31656,33418,35620,28632,31065,49024,31961,24176,27852,33820
35429,35424,28763,24562,50288,32482,34184,33428,32358,31640,32304,35866,28906,32304,42456,28537,27411,30743,28508
35144,34649,33029,24862,58180,32482,34184,33428,32358,31640,32304,35866,28906,32304,42456,28537,27411,30743,28508
34944,33573,27772,25288,3906,32482,34184,33428,32358,31640,32304,35866,28906,32304,42456,28537,27411,30743,28508
34760,28743,42584,25718,28092,32482,34184,33428,32358,31640,32304,35866,28906,32304,42456,28537,27411,30743,28508
34556,25006,42464,26181,21271,32482,34184,33428,32358,31640,32304,35866,28906,32304,42456,28537,27411,30743,28508
34346,25262,39641,26738,32115,32482,34184,33428,32358,31640,32304,35866,28906,32304,42456,28537,27411,30743,28508
34204,21524,37434,27150,37056,32482,34184,33428,32358,31640,32304,35866,28906,32304,42456,28537,27411,30743,28508
34020,25114,35706,27650,43928,32482,34184,33428,32358,31640,32304,35866,28906,32304,42456,28537,27411,30743,28508
33884,34424,34500,28069,46127,32482,34184,33428,32358,31640,32304,35866,28906,32304,42456,28537,27411,30743,28508
33770,40044,28230,28494,35249,32482,34184,33428,32358,31640,32304,35866,28906,32304,42456,28537,27411,30743,28508
33700,39878,27750,28919,23111,31856,33128,33436,32332,31592,31632,36161,29152,33761,39620,27936,28240,36729,24991
33546,35360,30861,29296,19962,31856,33128,33436,32332,31592,31632,36161,29152,33761,39620,27936,28240,36729,24991
33478,42030,19112,29614,41080,31856,33128,33436,32332,31592,31632,36161,29152,33761,39620,27936,28240,36729,24991
33394,36413,20860,25438,41628,31856,33128,33436,32332,31592,31632,36161,29152,33761,39620,27936,28240,36729,24991
57032,33500,26586,3753,45668,31856,33128,33436,32332,31592,31632,36161,29152,33761,39620,27936,28240,36729,24991
57157,32356,28416,6042,39404,31856,33128,33436,32332,31592,31632,36161,29152,33761,39620,27936,28240,36729,24991
54146,31666,29833,9568,36281,31856,33128,33436,32332,31592,31632,36161,29152,33761,39620,27936,28240,36729,24991
51292,31024,30516,12742,23268,31856,33128,33436,32332,31592,31632,36161,29152,33761,39620,27936,28240,36729,24991
41032,30523,30844,15368,15998,31856,33128,33436,32332,31592,31632,36161,29152,33761,39620,27936,28240,36729,24991
35747,31162,31170,17716,9843,31856,33128,33436,32332,31592,31632,36161,29152,33761,39620,27936,28240,36729,24991
31972,34189,32052,19643,26738,31389,32092,33992,32352,31721,31349,36174,29352,36973,37600,26697,27205,39952,20492
28162,34938,32792,21430,19718,31389,32092,33992,32352,31721,31349,36174,29352,36973,37600,26697,27205,39952,20492
26256,33277,33772,22860,24136,31389,32092,33992,32352,31721,31349,36174,29352,36973,37600,26697,27205,39952,20492
26335,32405,34528,24204,30484,31389,32092,33992,32352,31721,31349,36174,29352,36973,37600,26697,27205,39952,20492
26277,32280,35184,25304,37908,31389,32092,33992,32352,31721,31349,36174,29352,36973,37600,26697,27205,39952,20492
25839,31818,35738,26277,38964,31389,32092,33992,32352,31721,31349,36174,29352,36973,37600,26697,27205,39952,20492
26487,31508,35547,27141,29300,31389,32092,33992,32352,31721,31349,36174,29352,36973,37600,26697,27205,39952,20492
27672,31485,34860,27854,21082,31389,32092,33992,32352,31721,31349,36174,29352,36973,37600,26697,27205,39952,20492
28744,31570,33647,28493,30792,31389,32092,33992,32352,31721,31349,36174,29352,36973,37600,26697,27205,39952,20492
28578,32326,32826,29056,33415,31389,32092,33992,32352,31721,31349,36174,29352,36973,37600,26697,27205,39952,20492
28428,32793,32304,29528,35711,31650,32067,33764,32448,31504,32338,32508,29453,38038,37328,23700,26149,44789,26581
28772,32421,32055,35832,38880,31650,32067,33764,32448,31504,32338,32508,29453,38038,37328,23700,26149,44789,26581
28381,31457,31886,40870,39720,31650,32067,33764,32448,31504,32338,32508,29453,38038,37328,23700,26149,44789,26581
27826,31254,32244,41166,39870,31650,32067,33764,32448,31504,32338,32508,29453,38038,37328,23700,26149,44789,26581
29732,31526,32766,40784,38917,31650,32067,33764,32448,31504,32338,32508,29453,38038,37328,23700,26149,44789,26581
31216,31234,33303,40583,38170,31650,32067,33764,32448,31504,32338,32508,29453,38038,37328,23700,26149,44789,26581
32444,31790,33816,41676,34002,31650,32067,33764,32448,31504,32338,32508,29453,38038,37328,23700,26149,44789,26581
32610,34178,33964,43270,31266,31650,32067,33764,32448,31504,32338,32508,29453,38038,37328,23700,26149,44789,26581
32046,33378,34000,43320,31332,31650,32067,33764,32448,31504,32338,32508,29453,38038,37328,23700,26149,44789,26581
31222,31926,34062,43285,31852,31650,32067,33764,32448,31504,32338,32508,29453,38038,37328,23700,26149,44789,26581
31485,31611,34355,42526,35050,31922,39304,29330,32288,36740,36034,20940,29656,36767,36754,18787,22424,54672,57418
32199,32551,34338,40403,37360,31922,39304,29330,32288,36740,36034,20940,29656,36767,36754,18787,22424,54672,57418
32937,32718,34361,38117,37470,31922,39304,29330,32288,36740,36034,20940,29656,36767,36754,18787,22424,54672,57418
33107,32216,33864,38996,34924,31922,39304,29330,32288,36740,36034,20940,29656,36767,36754,18787,22424,54672,57418
33421,31199,33240,38134,37093,31922,39304,29330,32288,36740,36034,20940,29656,36767,36754,18787,22424,54672,57418
33657,32103,32189,39415,34790,31922,39304,29330,32288,36740,36034,20940,29656,36767,36754,18787,22424,54672,57418
33257,32941,31725,40167,31568,31922,39304,29330,32288,36740,36034,20940,29656,36767,36754,18787,22424,54672,57418
32368,32741,31893,39382,33113,31922,39304,29330,32288,36740,36034,20940,29656,36767,36754,18787,22424,54672,57418
32471,32371,32597,38871,31471,31922,39304,29330,32288,36740,36034,20940,29656,36767,36754,18787,22424,54672,57418
33026,33281,33138,37563,32731,31922,39304,29330,32288,36740,36034,20940,29656,36767,36754,18787,22424,54672,57418
33112,34189,33308,35271,30529,24302,52856,16837,32177,35440,54872,34301,29380,23341,316,1860,35946,55820,63
32920,33413,33490,33498,31780,24302,52856,16837,32177,35440,54872,34301,29380,23341,316,1860,35946,55820,63
33536,33444,33974,32290,30795,24302,52856,16837,32177,35440,54872,34301,29380,23341,316,1860,35946,55820,63
33462,33960,34073,31913,32250,24302,52856,16837,32177,35440,54872,34301,29380,23341,316,1860,35946,55820,63
33082,34287,34525,32128,33577,24302,52856,16837,32177,35440,54872,34301,29380,23341,316,1860,35946,55820,63
32264,34815,34060,34640,31890,24302,52856,16837,32177,35440,54872,34301,29380,23341,316,1860,35946,55820,63
31169,32948,33544,38827,32042,24302,52856,16837,32177,35440,54872,34301,29380,23341,316,1860,35946,55820,63
30199,29608,33786,42300,32494,24302,52856,16837,32177,35440,54872,34301,29380,23341,316,1860,35946,55820,63
30212,30463,34202,35618,30899,24302,52856,16837,32177,35440,54872,34301,29380,23341,316,1860,35946,55820,63
30202,31911,34059,34436,33208,24302,52856,16837,32177,35440,54872,34301,29380,23341,316,1860,35946,55820,63
30926,32610,34175,36598,36255,27063,53345,26880,32384,45200,40176,35520,29056,28869,47532,22160,38005,47156,63
31924,32138,33856,34647,36403,27063,53345,26880,32384,45200,40176,35520,29056,28869,47532,22160,38005,47156,63
32585,34660,33799,33066,33362,27063,53345,26880,32384,45200,40176,35520,29056,28869,47532,22160,38005,47156,63
32535,32610,33879,32978,32968,27063,53345,26880,32384,45200,40176,35520,29056,28869,47532,22160,38005,47156,63
32301,30568,33479,30532,33244,27063,53345,26880,32384,45200,40176,35520,29056,28869,47532,22160,38005,47156,63
32292,29814,33212,27521,30019,27063,53345,26880,32384,45200,40176,35520,29056,28869,47532,22160,38005,47156,63
32436,30149,32903,28900,32998,27063,53345,26880,32384,45200,40176,35520,29056,28869,47532,22160,38005,47156,63
33120,31062,33232,32558,33698,27063,53345,26880,32384,45200,40176,35520,29056,28869,47532,22160,38005,47156,63
33626,31093,33990,32910,36326,27063,53345,26880,32384,45200,40176,35520,29056,28869,47532,22160,38005,47156,63
34152,33269,34022,34238,33575,27063,53345,26880,32384,45200,40176,35520,29056,28869,47532,22160,38005,47156,63
33151,36368,33028,43189,33396,40424,41228,33172,32320,39160,31682,35062,28708,65488,31741,97,34224,47976,64
32852,38569,32404,40455,33148,40424,41228,33172,32320,39160,31682,35062,28708,65488,31741,97,34224,47976,64
32998,33928,31570,32275,31080,40424,41228,33172,32320,39160,31682,35062,28708,65488,31741,97,34224,47976,64
32441,34252,32033,34906,26943,40424,41228,33172,32320,39160,31682,35062,28708,65488,31741,97,34224,47976,64
31780,33163,33001,36732,32612,40424,41228,33172,32320,39160,31682,35062,28708,65488,31741,97,34224,47976,64
20930,26952,40205,49864,31677,40424,41228,33172,32320,39160,31682,35062,28708,65488,31741,97,34224,47976,64
5628,15554,56392,58452,12966,40424,41228,33172,32320,39160,31682,35062,28708,65488,31741,97,34224,47976,64
8521,20013,49936,56089,29564,40424,41228,33172,32320,39160,31682,35062,28708,65488,31741,97,34224,47976,64
11838,24338,43769,53148,35400,40424,41228,33172,32320,39160,31682,35062,28708,65488,31741,97,34224,47976,64
14704,27905,39208,50452,30372,40424,41228,33172,32320,39160,31682,35062,28708,65488,31741,97,34224,47976,64
39473,30450,34442,48130,33064,46872,34434,33028,32126,38504,30856,34617,28594,60320,6535,98,28242,58156,11473
65516,50340,15,40,32416,46872,34434,33028,32126,38504,30856,34617,28594,60320,6535,98,28242,58156,11473
62484,44248,10745,14,34482,46872,34434,33028,32126,38504,30856,34617,28594,60320,6535,98,28242,58156,11473
26424,27032,43792,42084,37816,46872,34434,33028,32126,38504,30856,34617,28594,60320,6535,98,28242,58156,11473
37177,27033,44156,53560,30680,46872,34434,33028,32126,38504,30856,34617,28594,60320,6535,98,28242,58156,11473
43465,29292,39788,52157,40413,46872,34434,33028,32126,38504,30856,34617,28594,60320,6535,98,28242,58156,11473
40546,31088,34896,44875,41309,46872,34434,33028,32126,38504,30856,34617,28594,60320,6535,98,28242,58156,11473
29198,32428,35212,47344,35934,46872,34434,33028,32126,38504,30856,34617,28594,60320,6535,98,28242,58156,11473
30635,33314,33442,41552,33156,46872,34434,33028,32126,38504,30856,34617,28594,60320,6535,98,28242,58156,11473
21092,33922,32201,44487,33369,46872,34434,33028,32126,38504,30856,34617,28594,60320,6535,98,28242,58156,11473
38552,34501,31148,29428,37744,46240,27076,38676,31652,32424,36472,38736,28336,36408,122,101,24847,65408,53932
46538,34842,25796,16356,40224,46240,27076,38676,31652,32424,36472,38736,28336,36408,122,101,24847,65408,53932
50288,49848,1938,26,31041,46240,27076,38676,31652,32424,36472,38736,28336,36408,122,101,24847,65408,53932
40548,43876,9880,12,32608,46240,27076,38676,31652,32424,36472,38736,28336,36408,122,101,24847,65408,53932
39421,40340,19070,11,28238,46240,27076,38676,31652,32424,36472,38736,28336,36408,122,101,24847,65408,53932
38629,36722,23360,4371,28637,46240,27076,38676,31652,32424,36472,38736,28336,36408,122,101,24847,65408,53932
36956,35792,26249,8325,27156,46240,27076,38676,31652,32424,36472,38736,28336,36408,122,101,24847,65408,53932
33134,36048,28628,11669,32705,46240,27076,38676,31652,32424,36472,38736,28336,36408,122,101,24847,65408,53932
30335,38034,30870,14406,34380,46240,27076,38676,31652,32424,36472,38736,28336,36408,122,101,24847,65408,53932
28778,35493,32599,16873,36048,46240,27076,38676,31652,32424,36472,38736,28336,36408,122,101,24847,65408,53932
29971,35901,33896,19016,33993,39296,28550,38936,31581,29480,35061,39288,28112,31924,9752,22825,29025,58180,26154
31252,34258,34329,20759,34367,39296,28550,38936,31581,29480,35061,39288,28112,31924,9752,22825,29025,58180,26154
31874,29888,34694,22375,34439,39296,28550,38936,31581,29480,35061,39288,28112,31924,9752,22825,29025,58180,26154
32186,28533,34914,23774,30202,39296,28550,38936,31581,29480,35061,39288,28112,31924,9752,22825,29025,58180,26154
32427,31264,35264,30198,30185,39296,28550,38936,31581,29480,35061,39288,28112,31924,9752,22825,29025,58180,26154
31912,32737,35525,30055,26948,39296,28550,38936,31581,29480,35061,39288,28112,31924,9752,22825,29025,58180,26154
31517,33107,36186,32328,30727,39296,28550,38936,31581,29480,35061,39288,28112,31924,9752,22825,29025,58180,26154
31432,32343,36079,33276,27843,39296,28550,38936,31581,29480,35061,39288,28112,31924,9752,22825,29025,58180,26154
31419,29663,35688,33905,32290,39296,28550,38936,31581,29480,35061,39288,28112,31924,9752,22825,29025,58180,26154
31812,31945,35258,37568,32647,39296,28550,38936,31581,29480,35061,39288,28112,31924,9752,22825,29025,58180,26154
31751,31616,35120,37248,32726,35272,29508,35572,31705,32164,32292,40020,27892,25068,23692,65481,18560,59247,32820
31552,30726,35020,44556,34752,35272,29508,35572,31705,32164,32292,40020,27892,25068,23692,65481,18560,59247,32820
30696,30414,34552,47761,33376,35272,29508,35572,31705,32164,32292,40020,27892,25068,23692,65481,18560,59247,32820
30387,29198,34412,46895,32923,35272,29508,35572,31705,32164,32292,40020,27892,25068,23692,65481,18560,59247,32820
31105,30288,34666,40349,33957,35272,29508,35572,31705,32164,32292,40020,27892,25068,23692,65481,18560,59247,32820
31976,33764,34896,32093,34056,35272,29508,35572,31705,32164,32292,40020,27892,25068,23692,65481,18560,59247,32820
32144,36696,34764,32436,32233,35272,29508,35572,31705,32164,32292,40020,27892,25068,23692,65481,18560,59247,32820
32102,39738,34567,34861,33604,35272,29508,35572,31705,32164,32292,40020,27892,25068,23692,65481,18560,59247,32820
31364,35719,34676,40252,35625,35272,29508,35572,31705,32164,32292,40020,27892,25068,23692,65481,18560,59247,32820
31022,33872,34778,44964,35762,35272,29508,35572,31705,32164,32292,40020,27892,25068,23692,65481,18560,59247,32820
31543,33978,34139,44893,32554,34392,31850,37216,31928,31972,33744,39216,27684,19044,58008,65484,13965,61932,48316
31790,29833,33316,37120,32391,34392,31850,37216,31928,31972,33744,39216,27684,19044,58008,65484,13965,61932,48316
30793,28518,33008,35577,34578,34392,31850,37216,31928,31972,33744,39216,27684,19044,58008,65484,13965,61932,48316
30442,29556,32847,36569,32782,34392,31850,37216,31928,31972,33744,39216,27684,19044,58008,65484,13965,61932,48316
30744,29671,32720,36556,33941,34392,31850,37216,31928,31972,33744,39216,27684,19044,58008,65484,13965,61932,48316
32070,29282,32873,38551,33570,34392,31850,37216,31928,31972,33744,39216,27684,19044,58008,65484,13965,61932,48316
32372,34064,33318,39434,35507,34392,31850,37216,31928,31972,33744,39216,27684,19044,58008,65484,13965,61932,48316
31250,32652,33524,39524,28828,34392,31850,37216,31928,31972,33744,39216,27684,19044,58008,65484,13965,61932,48316
31264,30847,33506,38125,34614,34392,31850,37216,31928,31972,33744,39216,27684,19044,58008,65484,13965,61932,48316
32123,32009,33134,37772,35786,34392,31850,37216,31928,31972,33744,39216,27684,19044,58008,65484,13965,61932,48316
32822,32882,33174,32461,34352,33066,36944,37848,32208,32549,36448,35608,27532,22761,56092,65485,14758,59668,60024
33556,34142,33152,30821,33654,33066,36944,37848,32208,32549,36448,35608,27532,22761,56092,65485,14758,59668,60024
33876,34194,33220,34404,31201,33066,36944,37848,32208,32549,36448,35608,27532,22761,56092,65485,14758,59668,60024
34668,36998,33484,37143,32241,33066,36944,37848,32208,32549,36448,35608,27532,22761,56092,65485,14758,59668,60024
34668,34036,32952,38657,32485,33066,36944,37848,32208,32549,36448,35608,27532,22761,56092,65485,14758,59668,60024
33762,30656,32461,37293,29641,33066,36944,37848,32208,32549,36448,35608,27532,22761,56092,65485,14758,59668,60024
33186,29421,32349,35791,31455,33066,36944,37848,32208,32549,36448,35608,27532,22761,56092,65485,14758,59668,60024
32752,29368,33268,34733,27977,33066,36944,37848,32208,32549,36448,35608,27532,22761,56092,65485,14758,59668,60024
32803,32980,33088,31845,29321,33066,36944,37848,32208,32549,36448,35608,27532,22761,56092,65485,14758,59668,60024
32563,35202,32608,31677,28748,33066,36944,37848,32208,32549,36448,35608,27532,22761,56092,65485,14758,59668,60024
31881,36462,32484,29554,31151,31560,38526,38812,32540,30368,39920,35780,27406,23305,46368,65480,21724,52488,64108
32052,34701,32440,30395,31323,31560,38526,38812,32540,30368,39920,35780,27406,23305,46368,65480,21724,52488,64108
32584,33257,32651,33287,32574,31560,38526,38812,32540,30368,39920,35780,27406,23305,46368,65480,21724,52488,64108
32162,31653,32584,33700,34620,31560,38526,38812,32540,30368,39920,35780,27406,23305,46368,65480,21724,52488,64108
31698,30643,32463,33954,33472,31560,38526,38812,32540,30368,39920,35780,27406,23305,46368,65480,21724,52488,64108
31804,31728,32598,32079,32737,31560,38526,38812,32540,30368,39920,35780,27406,23305,46368,65480,21724,52488,64108
31509,32672,32445,31697,33968,31560,38526,38812,32540,30368,39920,35780,27406,23305,46368,65480,21724,52488,64108
32068,32552,32494,32102,34384,31560,38526,38812,32540,30368,39920,35780,27406,23305,46368,65480,21724,52488,64108
32777,33007,32409,30507,31837,31560,38526,38812,32540,30368,39920,35780,27406,23305,46368,65480,21724,52488,64108
33701,33671,32313,30564,32801,31560,38526,38812,32540,30368,39920,35780,27406,23305,46368,65480,21724,52488,64108
34764,31592,32296,30972,33332,31357,39788,39376,32774,29696,37184,37592,27362,26420,44468,65488,19092,55584,25728
35194,29321,32263,32866,30724,31357,39788,39376,32774,29696,37184,37592,27362,26420,44468,65488,19092,55584,25728
34892,28536,32231,37449,35709,31357,39788,39376,32774,29696,37184,37592,27362,26420,44468,65488,19092,55584,25728
34691,28523,32310,34176,34656,31357,39788,39376,32774,29696,37184,37592,27362,26420,44468,65488,19092,55584,25728
34252,29686,32374,33078,32731,31357,39788,39376,32774,29696,37184,37592,27362,26420,44468,65488,19092,55584,25728
33700,33186,32263,32084,32260,31357,39788,39376,32774,29696,37184,37592,27362,26420,44468,65488,19092,55584,25728
33065,35250,32281,33064,33827,31357,39788,39376,32774,29696,37184,37592,27362,26420,44468,65488,19092,55584,25728
32763,34006,32423,33664,31494,31357,39788,39376,32774,29696,37184,37592,27362,26420,44468,65488,19092,55584,25728
32036,36127,32498,31890,32258,31357,39788,39376,32774,29696,37184,37592,27362,26420,44468,65488,19092,55584,25728
31280,33977,32748,33386,35187,31357,39788,39376,32774,29696,37184,37592,27362,26420,44468,65488,19092,55584,25728
31285,31888,32919,32903,34611,33674,37036,37640,32800,31084,36662,38708,27032,28584,36679,45973,21924,49100,37152
31988,34298,33012,31996,33452,33674,37036,37640,32800,31084,36662,38708,27032,28584,36679,45973,21924,49100,37152
32682,33360,33065,31559,33304,33674,37036,37640,32800,31084,36662,38708,27032,28584,36679,45973,21924,49100,37152
32970,34213,32920,32618,34271,33674,37036,37640,32800,31084,36662,38708,27032,28584,36679,45973,21924,49100,37152
32937,33044,32935,33185,29913,33674,37036,37640,32800,31084,36662,38708,27032,28584,36679,45973,21924,49100,37152
32076,32843,33056,32958,33252,33674,37036,37640,32800,31084,36662,38708,27032,28584,36679,45973,21924,49100,37152
31988,32423,33333,32950,32732,33674,37036,37640,32800,31084,36662,38708,27032,28584,36679,45973,21924,49100,37152
32096,31971,33375,31484,33355,33674,37036,37640,32800,31084,36662,38708,27032,28584,36679,45973,21924,49100,37152
32464,32399,33334,31436,36305,33674,37036,37640,32800,31084,36662,38708,27032,28584,36679,45973,21924,49100,37152
33026,34150,33020,33792,28961,33674,37036,37640,32800,31084,36662,38708,27032,28584,36679,45973,21924,49100,37152
32909,33016,32593,36902,33172,32994,37906,35980,32896,32484,36293,37796,26968,31596,38928,43908,24926,42805,33806
32553,35150,32425,38756,31036,32994,37906,35980,32896,32484,36293,37796,26968,31596,38928,43908,24926,42805,33806
31862,35300,32453,39739,31575,32994,37906,35980,32896,32484,36293,37796,26968,31596,38928,43908,24926,42805,33806
31188,32442,32331,33704,32308,32994,37906,35980,32896,32484,36293,37796,26968,31596,38928,43908,24926,42805,33806
30920,27564,32492,30362,31724,32994,37906,35980,32896,32484,36293,37796,26968,31596,38928,43908,24926,42805,33806
31239,29545,32775,29184,33304,32994,37906,35980,32896,32484,36293,37796,26968,31596,38928,43908,24926,42805,33806
32176,38313,32744,28810,34340,32994,37906,35980,32896,32484,36293,37796,26968,31596,38928,43908,24926,42805,33806
33108,37066,32628,30604,30407,32994,37906,35980,32896,32484,36293,37796,26968,31596,38928,43908,24926,42805,33806
33926,32954,32662,32898,32069,32994,37906,35980,32896,32484,36293,37796,26968,31596,38928,43908,24926,42805,33806
33684,31487,32925,33584,31875,32994,37906,35980,32896,32484,36293,37796,26968,31596,38928,43908,24926,42805,33806
33676,30864,32848,33400,31745,33276,38828,36660,32900,32597,37706,37049,26800,34244,40812,35820,25190,45152,36656
33507,29484,32468,36588,33362,33276,38828,36660,32900,32597,37706,37049,26800,34244,40812,35820,25190,45152,36656
32710,28920,32214,35301,30709,33276,38828,36660,32900,32597,37706,37049,26800,34244,40812,35820,25190,45152,36656
32179,31558,32452,33352,30935,33276,38828,36660,32900,32597,37706,37049,26800,34244,40812,35820,25190,45152,36656
31777,35922,33105,36689,32794,33276,38828,36660,32900,32597,37706,37049,26800,34244,40812,35820,25190,45152,36656
31570,29312,33406,38232,32392,33276,38828,36660,32900,32597,37706,37049,26800,34244,40812,35820,25190,45152,36656
31680,27844,32936,56504,33970,33276,38828,36660,32900,32597,37706,37049,26800,34244,40812,35820,25190,45152,36656
16674,36420,33452,55405,34806,33276,38828,36660,32900,32597,37706,37049,26800,34244,40812,35820,25190,45152,36656
10718,37156,33126,52608,32980,33276,38828,36660,32900,32597,37706,37049,26800,34244,40812,35820,25190,45152,36656
21414,33804,32997,50028,33334,33276,38828,36660,32900,32597,37706,37049,26800,34244,40812,35820,25190,45152,36656
33674,33792,33695,47776,35704,32624,38896,36912,32900,32288,37992,37464,26776,37792,33041,33436,26201,46436,39840
35840,33344,32216,45800,31392,32624,38896,36912,32900,32288,37992,37464,26776,37792,33041,33436,26201,46436,39840
28196,33017,32080,44212,31300,32624,38896,36912,32900,32288,37992,37464,26776,37792,33041,33436,26201,46436,39840
15122,31940,32624,42700,35620,32624,38896,36912,32900,32288,37992,37464,26776,37792,33041,33436,26201,46436,39840
14530,33568,32020,41436,35952,32624,38896,36912,32900,32288,37992,37464,26776,37792,33041,33436,26201,46436,39840
16828,35071,32719,40343,34135,32624,38896,36912,32900,32288,37992,37464,26776,37792,33041,33436,26201,46436,39840
42344,32242,33116,39321,33164,32624,38896,36912,32900,32288,37992,37464,26776,37792,33041,33436,26201,46436,39840
64932,30393,32860,28512,34164,32624,38896,36912,32900,32288,37992,37464,26776,37792,33041,33436,26201,46436,39840
65464,34225,32764,14,32180,32624,38896,36912,32900,32288,37992,37464,26776,37792,33041,33436,26201,46436,39840
50781,34813,32880,9,31558,32624,38896,36912,32900,32288,37992,37464,26776,37792,33041,33436,26201,46436,39840
19317,29140,33048,40820,33472,33206,38924,36876,32844,31530,37420,37184,26828,37136,36160,27649,27659,39340,40010
12332,27429,33010,49620,33060,33206,38924,36876,32844,31530,37420,37184,26828,37136,36160,27649,27659,39340,40010
12449,28992,35756,48320,29172,33206,38924,36876,32844,31530,37420,37184,26828,37136,36160,27649,27659,39340,40010
26734,30196,30826,46301,35252,33206,38924,36876,32844,31530,37420,37184,26828,37136,36160,27649,27659,39340,40010
49800,34208,31922,27592,31904,33206,38924,36876,32844,31530,37420,37184,26828,37136,36160,27649,27659,39340,40010
65516,40170,31994,6,32434,33206,38924,36876,32844,31530,37420,37184,26828,37136,36160,27649,27659,39340,40010
36472,36136,32060,39812,33870,33206,38924,36876,32844,31530,37420,37184,26828,37136,36160,27649,27659,39340,40010
26468,33421,32396,48006,34288,33206,38924,36876,32844,31530,37420,37184,26828,37136,36160,27649,27659,39340,40010
24448,33204,32692,41312,30921,33206,38924,36876,32844,31530,37420,37184,26828,37136,36160,27649,27659,39340,40010
35710,33064,32836,24821,33744,33206,38924,36876,32844,31530,37420,37184,26828,37136,36160,27649,27659,39340,40010
60588,33546,32846,23,32521,33020,37272,37650,32784,30800,36800,38072,26762,39592,33344,18743,26277,37824,34336
48105,33100,32392,13,32150,33020,37272,37650,32784,30800,36800,38072,26762,39592,33344,18743,26277,37824,34336
41630,32965,32241,11,34389,33020,37272,37650,32784,30800,36800,38072,26762,39592,33344,18743,26277,37824,34336
37952,33751,32678,5142,31463,33020,37272,37650,32784,30800,36800,38072,26762,39592,33344,18743,26277,37824,34336
36057,33450,33349,8912,32197,33020,37272,37650,32784,30800,36800,38072,26762,39592,33344,18743,26277,37824,34336
34761,33662,33280,12094,33516,33020,37272,37650,32784,30800,36800,38072,26762,39592,33344,18743,26277,37824,34336
33936,31346,32892,14918,31736,33020,37272,37650,32784,30800,36800,38072,26762,39592,33344,18743,26277,37824,34336
33544,30235,33159,17235,32244,33020,37272,37650,32784,30800,36800,38072,26762,39592,33344,18743,26277,37824,34336
33252,29949,33103,19308,34319,33020,37272,37650,32784,30800,36800,38072,26762,39592,33344,18743,26277,37824,34336
32903,31751,33046,21063,31411,33020,37272,37650,32784,30800,36800,38072,26762,39592,33344,18743,26277,37824,34336
32652,32925,32922,22612,30620,33200,37188,37808,32710,30632,36746,38112,26696,38057,37588,21456,28078,40439,27799
32317,33862,32789,23937,32175,33200,37188,37808,32710,30632,36746,38112,26696,38057,37588,21456,28078,40439,27799
32244,33021,32724,25094,31529,33200,37188,37808,32710,30632,36746,38112,26696,38057,37588,21456,28078,40439,27799
32303,31980,32520,26109,33617,33200,37188,37808,32710,30632,36746,38112,26696,38057,37588,21456,28078,40439,27799
32036,34207,32654,26963,33818,33200,37188,37808,32710,30632,36746,38112,26696,38057,37588,21456,28078,40439,27799
31592,33102,32680,27717,31570,33200,37188,37808,32710,30632,36746,38112,26696,38057,37588,21456,28078,40439,27799
30846,31854,32634,28375,33500,33200,37188,37808,32710,30632,36746,38112,26696,38057,37588,21456,28078,40439,27799
30634,32379,32734,28942,34297,33200,37188,37808,32710,30632,36746,38112,26696,38057,37588,21456,28078,40439,27799
30606,32361,32869,33172,33170,33200,37188,37808,32710,30632,36746,38112,26696,38057,37588,21456,28078,40439,27799
30628,32271,32812,37383,33524,33200,37188,37808,32710,30632,36746,38112,26696,38057,37588,21456,28078,40439,27799
30835,32674,33029,39224,33852,33568,37837,37402,32664,31013,37548,38164,26834,38015,37149,20636,30810,35132,27340
31072,32470,32983,40136,33486,33568,37837,37402,32664,31013,37548,38164,26834,38015,37149,20636,30810,35132,27340
31372,34664,32786,41648,32476,33568,37837,37402,32664,31013,37548,38164,26834,38015,37149,20636,30810,35132,27340
31507,33830,32925,42442,33287,33568,37837,37402,32664,31013,37548,38164,26834,38015,37149,20636,30810,35132,27340
31716,32810,32928,43079,32079,33568,37837,37402,32664,31013,37548,38164,26834,38015,37149,20636,30810,35132,27340
31903,32774,33019,42781,33270,33568,37837,37402,32664,31013,37548,38164,26834,38015,37149,20636,30810,35132,27340
32220,32946,33184,41461,34699,33568,37837,37402,32664,31013,37548,38164,26834,38015,37149,20636,30810,35132,27340
32311,33154,33092,41533,33015,33568,37837,37402,32664,31013,37548,38164,26834,38015,37149,20636,30810,35132,27340
32376,33193,32810,41295,32814,33568,37837,37402,32664,31013,37548,38164,26834,38015,37149,20636,30810,35132,27340
31990,32996,32786,41368,32728,33568,37837,37402,32664,31013,37548,38164,26834,38015,37149,20636,30810,35132,27340
31284,32836,32708,40597,31945,34136,38601,37604,32561,31282,38244,37948,27020,37844,40729,25313,30216,32408,27044
30801,32897,32570,39937,32926,34136,38601,37604,32561,31282,38244,37948,27020,37844,40729,25313,30216,32408,27044
30800,32664,32557,40103,34334,34136,38601,37604,32561,31282,38244,37948,27020,37844,40729,25313,30216,32408,27044
31041,32671,32571,38720,31197,34136,38601,37604,32561,31282,38244,37948,27020,37844,40729,25313,30216,32408,27044
31259,32915,32592,37010,33739,34136,38601,37604,32561,31282,38244,37948,27020,37844,40729,25313,30216,32408,27044
31392,32588,32775,36922,32034,34136,38601,37604,32561,31282,38244,37948,27020,37844,40729,25313,30216,32408,27044
31562,32249,32680,33659,31441,34136,38601,37604,32561,31282,38244,37948,27020,37844,40729,25313,30216,32408,27044
31742,32369,32612,34197,33749,34136,38601,37604,32561,31282,38244,37948,27020,37844,40729,25313,30216,32408,27044
31808,32714,32848,36444,32684,34136,38601,37604,32561,31282,38244,37948,27020,37844,40729,25313,30216,32408,27044
31922,33119,32866,36842,32802,34136,38601,37604,32561,31282,38244,37948,27020,37844,40729,25313,30216,32408,27044
32158,33430,32860,35983,33906,34277,38900,37773,32512,31542,38344,38528,27012,36284,40262,29933,33804,34380,24572
32294,33206,33088,37565,32029,34277,38900,37773,32512,31542,38344,38528,27012,36284,40262,29933,33804,34380,24572
32325,33138,33253,36964,32808,34277,38900,37773,32512,31542,38344,38528,27012,36284,40262,29933,33804,34380,24572
32344,32805,33115,35066,34781,34277,38900,37773,32512,31542,38344,38528,27012,36284,40262,29933,33804,34380,24572
32425,32348,33086,35045,32183,34277,38900,37773,32512,31542,38344,38528,27012,36284,40262,29933,33804,34380,24572
32456,32684,32997,34586,32989,34277,38900,37773,32512,31542,38344,38528,27012,36284,40262,29933,33804,34380,24572
32366,32618,33142,35649,34126,34277,38900,37773,32512,31542,38344,38528,27012,36284,40262,29933,33804,34380,24572
32307,32870,33154,35664,31935,34277,38900,37773,32512,31542,38344,38528,27012,36284,40262,29933,33804,34380,24572
32246,33332,33039,34951,32892,34277,38900,37773,32512,31542,38344,38528,27012,36284,40262,29933,33804,34380,24572
32270,33526,32938,33447,33496,34277,38900,37773,32512,31542,38344,38528,27012,36284,40262,29933,33804,34380,24572
32275,32825,32847,33739,33655,34580,38889,37504,32460,31880,38202,38644,27128,37781,39680,28828,34508,31020,26696
32404,32263,32871,33968,32294,34580,38889,37504,32460,31880,38202,38644,27128,37781,39680,28828,34508,31020,26696
32613,32500,32772,34015,34415,34580,38889,37504,32460,31880,38202,38644,27128,37781,39680,28828,34508,31020,26696
32518,32773,32630,34064,31014,34580,38889,37504,32460,31880,38202,38644,27128,37781,39680,28828,34508,31020,26696
32453,32940,32739,33917,32265,34580,38889,37504,32460,31880,38202,38644,27128,37781,39680,28828,34508,31020,26696
32302,32957,32677,33892,31848,34580,38889,37504,32460,31880,38202,38644,27128,37781,39680,28828,34508,31020,26696
32197,33114,32514,33824,30417,34580,38889,37504,32460,31880,38202,38644,27128,37781,39680,28828,34508,31020,26696
32135,32905,32612,33877,32784,34580,38889,37504,32460,31880,38202,38644,27128,37781,39680,28828,34508,31020,26696
32158,33078,32649,33910,30806,34580,38889,37504,32460,31880,38202,38644,27128,37781,39680,28828,34508,31020,26696
32188,32411,32615,33512,32935,34580,38889,37504,32460,31880,38202,38644,27128,37781,39680,28828,34508,31020,26696
32224,31750,32560,33234,32164,35176,38436,37280,32432,32076,37952,39252,27298,36832,42080,26805,33836,31072,25497
32184,32190,32490,32822,31959,35176,38436,37280,32432,32076,37952,39252,27298,36832,42080,26805,33836,31072,25497
32284,32174,32459,32698,34397,35176,38436,37280,32432,32076,37952,39252,27298,36832,42080,26805,33836,31072,25497
32317,32568,32626,32711,34529,35176,38436,37280,32432,32076,37952,39252,27298,36832,42080,26805,33836,31072,25497
32575,32262,32916,32618,33017,35176,38436,37280,32432,32076,37952,39252,27298,36832,42080,26805,33836,31072,25497
32842,33944,33004,33700,32648,35176,38436,37280,32432,32076,37952,39252,27298,36832,42080,26805,33836,31072,25497
33089,33398,32832,33827,34823,35176,38436,37280,32432,32076,37952,39252,27298,36832,42080,26805,33836,31072,25497
33326,31958,32763,33058,31933,35176,38436,37280,32432,32076,37952,39252,27298,36832,42080,26805,33836,31072,25497
33505,31325,32549,32651,33136,35176,38436,37280,32432,32076,37952,39252,27298,36832,42080,26805,33836,31072,25497
33720,32611,32448,32481,34963,35176,38436,37280,32432,32076,37952,39252,27298,36832,42080,26805,33836,31072,25497
33636,33253,32505,33501,32802,35768,38204,37266,32372,32698,38360,39136,27424,36584,43672,31624,32624,28380,31892
33522,32926,32577,33616,31776,35768,38204,37266,32372,32698,38360,39136,27424,36584,43672,31624,32624,28380,31892
33426,32504,32456,33125,34127,35768,38204,37266,32372,32698,38360,39136,27424,36584,43672,31624,32624,28380,31892
33178,32693,32456,33692,30727,35768,38204,37266,32372,32698,38360,39136,27424,36584,43672,31624,32624,28380,31892
14270,21782,48736,54712,32910,35768,38204,37266,32372,32698,38360,39136,27424,36584,43672,31624,32624,28380,31892
7469,17305,56929,58012,32433,35768,38204,37266,32372,32698,38360,39136,27424,36584,43672,31624,32624,28380,31892
25013,22038,49993,55293,31312,35768,38204,37266,32372,32698,38360,39136,27424,36584,43672,31624,32624,28380,31892
32606,26028,43494,52338,33767,35768,38204,37266,32372,32698,38360,39136,27424,36584,43672,31624,32624,28380,31892
32500,29040,38908,49844,32136,35768,38204,37266,32372,32698,38360,39136,27424,36584,43672,31624,32624,28380,31892
33408,31254,35332,47602,31468,35768,38204,37266,32372,32698,38360,39136,27424,36584,43672,31624,32624,28380,31892
33578,32786,32905,45732,33594,36456,38972,37106,32320,33296,39168,38564,27694,36290,47690,36396,31844,29404,34396
30362,33911,31036,44024,31527,36456,38972,37106,32320,33296,39168,38564,27694,36290,47690,36396,31844,29404,34396
29028,34857,29754,42672,32840,36456,38972,37106,32320,33296,39168,38564,27694,36290,47690,36396,31844,29404,34396
38663,35394,28943,41338,33936,36456,38972,37106,32320,33296,39168,38564,27694,36290,47690,36396,31844,29404,34396
32813,35736,28484,40328,32702,36456,38972,37106,32320,33296,39168,38564,27694,36290,47690,36396,31844,29404,34396
23896,35786,28248,39292,32738,36456,38972,37106,32320,33296,39168,38564,27694,36290,47690,36396,31844,29404,34396
15726,35840,28138,38440,34588,36456,38972,37106,32320,33296,39168,38564,27694,36290,47690,36396,31844,29404,34396
17977,35703,28165,37822,31409,36456,38972,37106,32320,33296,39168,38564,27694,36290,47690,36396,31844,29404,34396
23396,35726,28326,37110,32669,36456,38972,37106,32320,33296,39168,38564,27694,36290,47690,36396,31844,29404,34396
28118,35643,28487,36603,33700,36456,38972,37106,32320,33296,39168,38564,27694,36290,47690,36396,31844,29404,34396
31671,35333,28772,36073,31460,36674,40304,35569,32253,34322,40168,37560,27848,34557,43816,43296,32820,28312,35296
34188,35060,29064,35700,33263,36674,40304,35569,32253,34322,40168,37560,27848,34557,43816,43296,32820,28312,35296
35988,35010,29323,35318,33569,36674,40304,35569,32253,34322,40168,37560,27848,34557,43816,43296,32820,28312,35296
37218,34876,29575,35102,31555,36674,40304,35569,32253,34322,40168,37560,27848,34557,43816,43296,32820,28312,35296
38028,34654,29910,34716,33479,36674,40304,35569,32253,34322,40168,37560,27848,34557,43816,43296,32820,28312,35296
38456,34427,30157,32592,32876,36674,40304,35569,32253,34322,40168,37560,27848,34557,43816,43296,32820,28312,35296
38593,34220,30350,19890,31474,36674,40304,35569,32253,34322,40168,37560,27848,34557,43816,43296,32820,28312,35296
38626,34170,30642,14981,33643,36674,40304,35569,32253,34322,40168,37560,27848,34557,43816,43296,32820,28312,35296
38487,34020,30888,13462,31705,36674,40304,35569,32253,34322,40168,37560,27848,34557,43816,43296,32820,28312,35296
38272,33776,31064,16788,32741,36674,40304,35569,32253,34322,40168,37560,27848,34557,43816,43296,32820,28312,35296
37972,33744,31190,18380,33662,36480,41452,33761,32306,34776,41274,36644,28008,33863,43720,48096,33540,26841,39460
37668,33664,31465,26542,31497,36480,41452,33761,32306,34776,41274,36644,28008,33863,43720,48096,33540,26841,39460
37336,33528,31595,29908,33960,36480,41452,33761,32306,34776,41274,36644,28008,33863,43720,48096,33540,26841,39460
36960,33384,31632,18930,34630,36480,41452,33761,32306,34776,41274,36644,28008,33863,43720,48096,33540,26841,39460
36603,33396,31812,19060,32882,36480,41452,33761,32306,34776,41274,36644,28008,33863,43720,48096,33540,26841,39460
36260,33352,31949,25146,36182,36480,41452,33761,32306,34776,41274,36644,28008,33863,43720,48096,33540,26841,39460
35956,33211,31993,29402,33049,36480,41452,33761,32306,34776,41274,36644,28008,33863,43720,48096,33540,26841,39460
35644,33115,32060,25231,35908,36480,41452,33761,32306,34776,41274,36644,28008,33863,43720,48096,33540,26841,39460
35400,33180,32258,18377,31258,36480,41452,33761,32306,34776,41274,36644,28008,33863,43720,48096,33540,26841,39460
42816,33060,32300,12332,30401,36480,41452,33761,32306,34776,41274,36644,28008,33863,43720,48096,33540,26841,39460
47936,33116,32366,10416,29321,35796,41572,32980,32246,35324,41440,36124,28236,35026,44453,43696,30178,27680,36548
47072,32944,32293,12215,27269,35796,41572,32980,32246,35324,41440,36124,28236,35026,44453,43696,30178,27680,36548
37736,33019,32467,22023,30617,35796,41572,32980,32246,35324,41440,36124,28236,35026,44453,43696,30178,27680,36548
23264,33024,32468,39943,34032,35796,41572,32980,32246,35324,41440,36124,28236,35026,44453,43696,30178,27680,36548
24690,32810,32485,39349,36780,35796,41572,32980,32246,35324,41440,36124,28236,35026,44453,43696,30178,27680,36548
30496,32960,32442,30644,36994,35796,41572,32980,32246,35324,41440,36124,28236,35026,44453,43696,30178,27680,36548
45994,32812,32592,19647,33806,35796,41572,32980,32246,35324,41440,36124,28236,35026,44453,43696,30178,27680,36548
51216,32890,32601,14098,30422,35796,41572,32980,32246,35324,41440,36124,28236,35026,44453,43696,30178,27680,36548
49752,32841,30661,14710,36204,35796,41572,32980,32246,35324,41440,36124,28236,35026,44453,43696,30178,27680,36548
45765,32823,28481,18093,36551,35796,41572,32980,32246,35324,41440,36124,28236,35026,44453,43696,30178,27680,36548
36930,32894,32496,26548,33120,34496,41236,32634,32324,35016,40976,35752,28460,36528,41998,39797,32036,28701,41654
28474,32938,34567,35075,29780,34496,41236,32634,32324,35016,40976,35752,28460,36528,41998,39797,32036,28701,41654
30551,32905,34292,34512,33232,34496,41236,32634,32324,35016,40976,35752,28460,36528,41998,39797,32036,28701,41654
37904,32858,29738,28895,30983,34496,41236,32634,32324,35016,40976,35752,28460,36528,41998,39797,32036,28701,41654
32205,32749,31341,32595,30851,34496,41236,32634,32324,35016,40976,35752,28460,36528,41998,39797,32036,28701,41654
29224,32874,33772,36380,32005,34496,41236,32634,32324,35016,40976,35752,28460,36528,41998,39797,32036,28701,41654
25196,32796,34972,40345,31344,34496,41236,32634,32324,35016,40976,35752,28460,36528,41998,39797,32036,28701,41654
24432,32654,34726,41979,33459,34496,41236,32634,32324,35016,40976,35752,28460,36528,41998,39797,32036,28701,41654
20933,32869,34162,45318,35090,34496,41236,32634,32324,35016,40976,35752,28460,36528,41998,39797,32036,28701,41654
21572,32713,33720,45023,32726,34496,41236,32634,32324,35016,40976,35752,28460,36528,41998,39797,32036,28701,41654
25389,32669,33430,41838,31428,33954,40616,32768,32144,34716,40464,34964,28640,36916,40096,38134,30748,28512,43692
26314,32766,33064,40680,31484,33954,40616,32768,32144,34716,40464,34964,28640,36916,40096,38134,30748,28512,43692
25828,32856,32864,41572,30686,33954,40616,32768,32144,34716,40464,34964,28640,36916,40096,38134,30748,28512,43692
12252,32740,32876,52044,32722,33954,40616,32768,32144,34716,40464,34964,28640,36916,40096,38134,30748,28512,43692
26388,32740,32735,42284,31687,33954,40616,32768,32144,34716,40464,34964,28640,36916,40096,38134,30748,28512,43692
37341,32856,32729,31660,31094,33954,40616,32768,32144,34716,40464,34964,28640,36916,40096,38134,30748,28512,43692
44438,32768,32676,24167,32833,33954,40616,32768,32144,34716,40464,34964,28640,36916,40096,38134,30748,28512,43692
42929,32870,32656,23701,31507,33954,40616,32768,32144,34716,40464,34964,28640,36916,40096,38134,30748,28512,43692
44022,32775,32592,22561,32676,33954,40616,32768,32144,34716,40464,34964,28640,36916,40096,38134,30748,28512,43692
45922,32742,26644,19988,36024,33954,40616,32768,32144,34716,40464,34964,28640,36916,40096,38134,30748,28512,43692
53224,35506,15931,12206,38024,33524,40332,32865,32192,34235,40226,33808,28858,37900,38208,33692,33044,31758,43044
40314,34039,26446,22180,37860,33524,40332,32865,32192,34235,40226,33808,28858,37900,38208,33692,33044,31758,43044
40920,30881,26064,23212,37449,33524,40332,32865,32192,34235,40226,33808,28858,37900,38208,33692,33044,31758,43044
37384,41112,20033,14733,31724,33524,40332,32865,32192,34235,40226,33808,28858,37900,38208,33692,33044,31758,43044
34036,35990,28334,16567,32519,33524,40332,32865,32192,34235,40226,33808,28858,37900,38208,33692,33044,31758,43044
19978,28172,45674,42928,29656,33524,40332,32865,32192,34235,40226,33808,28858,37900,38208,33692,33044,31758,43044
12275,25882,51500,65496,31610,33524,40332,32865,32192,34235,40226,33808,28858,37900,38208,33692,33044,31758,43044
12,27548,47734,65518,28971,33524,40332,32865,32192,34235,40226,33808,28858,37900,38208,33692,33044,31758,43044
7221,28822,43493,64056,31560,33524,40332,32865,32192,34235,40226,33808,28858,37900,38208,33692,33044,31758,43044
12473,30138,40528,59665,32154,33524,40332,32865,32192,34235,40226,33808,28858,37900,38208,33692,33044,31758,43044
24630,30912,38002,55993,33263,33236,39780,32640,32002,33584,39768,33222,29000,37975,36780,35297,31732,31988,41408
30922,31648,36005,51742,33599,33236,39780,32640,32002,33584,39768,33222,29000,37975,36780,35297,31732,31988,41408
31844,32108,34742,42774,33944,33236,39780,32640,32002,33584,39768,33222,29000,37975,36780,35297,31732,31988,41408
23520,32512,33714,48400,31740,33236,39780,32640,32002,33584,39768,33222,29000,37975,36780,35297,31732,31988,41408
26640,32633,32886,46955,34268,33236,39780,32640,32002,33584,39768,33222,29000,37975,36780,35297,31732,31988,41408
29938,32912,32374,39932,33042,33236,39780,32640,32002,33584,39768,33222,29000,37975,36780,35297,31732,31988,41408
32408,33028,32101,28952,35749,33236,39780,32640,32002,33584,39768,33222,29000,37975,36780,35297,31732,31988,41408
47996,33016,31824,16308,35974,33236,39780,32640,32002,33584,39768,33222,29000,37975,36780,35297,31732,31988,41408
55698,32956,31624,8428,34187,33236,39780,32640,32002,33584,39768,33222,29000,37975,36780,35297,31732,31988,41408
58024,33063,31408,4985,32651,33236,39780,32640,32002,33584,39768,33222,29000,37975,36780,35297,31732,31988,41408
57366,33069,24316,4594,31851,32926,39437,32114,32096,33400,39256,32498,29233,36316,35876,36524,35361,32189,37445
57888,33657,17622,2236,27760,32926,39437,32114,32096,33400,39256,32498,29233,36316,35876,36524,35361,32189,37445
54892,45562,7780,5552,32436,32926,39437,32114,32096,33400,39256,32498,29233,36316,35876,36524,35361,32189,37445
42852,38253,21367,9266,34650,32926,39437,32114,32096,33400,39256,32498,29233,36316,35876,36524,35361,32189,37445
38508,36552,26208,12352,32092,32926,39437,32114,32096,33400,39256,32498,29233,36316,35876,36524,35361,32189,37445
35529,35267,28982,15131,32814,32926,39437,32114,32096,33400,39256,32498,29233,36316,35876,36524,35361,32189,37445
33236,34412,31232,17477,35335,32926,39437,32114,32096,33400,39256,32498,29233,36316,35876,36524,35361,32189,37445
31551,33937,33262,19486,34584,32926,39437,32114,32096,33400,39256,32498,29233,36316,35876,36524,35361,32189,37445
30294,33402,34660,21262,33162,32926,39437,32114,32096,33400,39256,32498,29233,36316,35876,36524,35361,32189,37445
29456,32933,35368,22759,29340,32926,39437,32114,32096,33400,39256,32498,29233,36316,35876,36524,35361,32189,37445
28908,32717,35413,24080,31906,32676,38960,31012,31953,33924,38732,31792,29396,36528,33769,38949,32066,31290,37240
28644,32410,35278,25220,27806,32676,38960,31012,31953,33924,38732,31792,29396,36528,33769,38949,32066,31290,37240
28548,32327,35222,26207,30004,32676,38960,31012,31953,33924,38732,31792,29396,36528,33769,38949,32066,31290,37240
28567,32071,35175,27054,35847,32676,38960,31012,31953,33924,38732,31792,29396,36528,33769,38949,32066,31290,37240
28652,32079,35172,27783,29562,32676,38960,31012,31953,33924,38732,31792,29396,36528,33769,38949,32066,31290,37240
28841,31824,34950,34904,31050,32676,38960,31012,31953,33924,38732,31792,29396,36528,33769,38949,32066,31290,37240
29089,31874,34937,37424,34785,32676,38960,31012,31953,33924,38732,31792,29396,36528,33769,38949,32066,31290,37240
29328,32064,35068,38942,36892,32676,38960,31012,31953,33924,38732,31792,29396,36528,33769,38949,32066,31290,37240
29509,31986,34936,40015,37109,32676,38960,31012,31953,33924,38732,31792,29396,36528,33769,38949,32066,31290,37240
29526,31856,34815,40673,36187,32676,38960,31012,31953,33924,38732,31792,29396,36528,33769,38949,32066,31290,37240
29458,31740,34797,40872,35193,32370,38488,29765,32112,34288,37768,31010,29504,35816,34000,39104,34407,30669,35193
29424,31802,34835,40946,32512,32370,38488,29765,32112,34288,37768,31010,29504,35816,34000,39104,34407,30669,35193
29540,31844,34640,40746,31418,32370,38488,29765,32112,34288,37768,31010,29504,35816,34000,39104,34407,30669,35193
29868,32064,34414,40460,32034,32370,38488,29765,32112,34288,37768,31010,29504,35816,34000,39104,34407,30669,35193
30200,32189,34226,40132,27913,32370,38488,29765,32112,34288,37768,31010,29504,35816,34000,39104,34407,30669,35193
30627,32127,34110,39666,31227,32370,38488,29765,32112,34288,37768,31010,29504,35816,34000,39104,34407,30669,35193
30960,31944,33929,39374,27408,32370,38488,29765,32112,34288,37768,31010,29504,35816,34000,39104,34407,30669,35193
31334,31928,33761,38890,30801,32370,38488,29765,32112,34288,37768,31010,29504,35816,34000,39104,34407,30669,35193
31597,32141,33542,38509,30189,32370,38488,29765,32112,34288,37768,31010,29504,35816,34000,39104,34407,30669,35193
31886,32096,33664,37992,33460,32370,38488,29765,32112,34288,37768,31010,29504,35816,34000,39104,34407,30669,35193
32192,31966,33587,37519,35810,32400,38224,28772,31912,34656,36844,30225,29652,36039,31164,41420,31538,34640,38472
32502,31647,33683,37208,34126,32400,38224,28772,31912,34656,36844,30225,29652,36039,31164,41420,31538,34640,38472
32808,31720,33647,36828,31174,32400,38224,28772,31912,34656,36844,30225,29652,36039,31164,41420,31538,34640,38472
32600,32056,33762,36758,34348,32400,38224,28772,31912,34656,36844,30225,29652,36039,31164,41420,31538,34640,38472
32108,32644,33349,36761,37345,32400,38224,28772,31912,34656,36844,30225,29652,36039,31164,41420,31538,34640,38472
31896,33262,33205,36801,36685,32400,38224,28772,31912,34656,36844,30225,29652,36039,31164,41420,31538,34640,38472
31841,33780,33068,36405,37951,32400,38224,28772,31912,34656,36844,30225,29652,36039,31164,41420,31538,34640,38472
31851,33303,32896,35784,39431,32400,38224,28772,31912,34656,36844,30225,29652,36039,31164,41420,31538,34640,38472
31864,32647,32922,35271,33336,32400,38224,28772,31912,34656,36844,30225,29652,36039,31164,41420,31538,34640,38472
32000,32614,32897,35045,30693,32400,38224,28772,31912,34656,36844,30225,29652,36039,31164,41420,31538,34640,38472
32258,32584,33116,34896,33673,32484,37537,28120,31932,34732,36036,28925,29794,34304,27977,41401,34048,40022,42664
32480,32845,33269,34700,33728,32484,37537,28120,31932,34732,36036,28925,29794,34304,27977,41401,34048,40022,42664
32639,32711,33129,34638,35083,32484,37537,28120,31932,34732,36036,28925,29794,34304,27977,41401,34048,40022,42664
32674,32306,33268,34415,34060,32484,37537,28120,31932,34732,36036,28925,29794,34304,27977,41401,34048,40022,42664
32693,32176,33437,34373,27919,32484,37537,28120,31932,34732,36036,28925,29794,34304,27977,41401,34048,40022,42664
32683,32210,33351,34358,32623,32484,37537,28120,31932,34732,36036,28925,29794,34304,27977,41401,34048,40022,42664
32647,31925,33364,34114,27911,32484,37537,28120,31932,34732,36036,28925,29794,34304,27977,41401,34048,40022,42664
32759,31700,33395,34055,31192,32484,37537,28120,31932,34732,36036,28925,29794,34304,27977,41401,34048,40022,42664
32736,32441,33358,34105,34549,32484,37537,28120,31932,34732,36036,28925,29794,34304,27977,41401,34048,40022,42664
32315,33003,33042,34178,36444,32484,37537,28120,31932,34732,36036,28925,29794,34304,27977,41401,34048,40022,42664
32525,32914,32973,34207,32893,32118,37072,27714,31930,34218,35448,28344,29852,32630,25424,41509,30233,39504,45166
32586,32856,32868,53244,29786,32118,37072,27714,31930,34218,35448,28344,29852,32630,25424,41509,30233,39504,45166
23412,32545,32676,60828,29994,32118,37072,27714,31930,34218,35448,28344,29852,32630,25424,41509,30233,39504,45166
35579,32576,32798,58022,30757,32118,37072,27714,31930,34218,35448,28344,29852,32630,25424,41509,30233,39504,45166
33032,32696,32680,3536,30752,32118,37072,27714,31930,34218,35448,28344,29852,32630,25424,41509,30233,39504,45166
32858,32808,32824,24292,29444,32118,37072,27714,31930,34218,35448,28344,29852,32630,25424,41509,30233,39504,45166
32848,32515,32980,57196,31832,32118,37072,27714,31930,34218,35448,28344,29852,32630,25424,41509,30233,39504,45166
33882,32876,32782,57453,34691,32118,37072,27714,31930,34218,35448,28344,29852,32630,25424,41509,30233,39504,45166
16354,33236,34554,50336,37516,32118,37072,27714,31930,34218,35448,28344,29852,32630,25424,41509,30233,39504,45166
6623,32511,39920,53014,37251,32118,37072,27714,31930,34218,35448,28344,29852,32630,25424,41509,30233,39504,45166
9617,32804,39252,50853,33538,31612,36697,27937,31944,33530,34904,28564,29666,30821,22512,44784,33088,45812,46376
12781,31556,48250,48498,31622,31612,36697,27937,31944,33530,34904,28564,29666,30821,22512,44784,33088,45812,46376
15517,23619,51928,46480,31260,31612,36697,27937,31944,33530,34904,28564,29666,30821,22512,44784,33088,45812,46376
17845,16869,49053,44713,31396,31612,36697,27937,31944,33530,34904,28564,29666,30821,22512,44784,33088,45812,46376
25930,21356,43364,43168,33482,31612,36697,27937,31944,33530,34904,28564,29666,30821,22512,44784,33088,45812,46376
31800,25428,38508,41912,31692,31612,36697,27937,31944,33530,34904,28564,29666,30821,22512,44784,33088,45812,46376
34784,28530,35134,40701,31489,31612,36697,27937,31944,33530,34904,28564,29666,30821,22512,44784,33088,45812,46376
36828,30876,32409,39678,36168,31612,36697,27937,31944,33530,34904,28564,29666,30821,22512,44784,33088,45812,46376
38220,32571,30719,38919,42514,31612,36697,27937,31944,33530,34904,28564,29666,30821,22512,44784,33088,45812,46376
39076,33744,29401,38032,36086,31612,36697,27937,31944,33530,34904,28564,29666,30821,22512,44784,33088,45812,46376
39539,34523,28552,37432,34916,31210,36324,28568,32162,33024,35085,28864,29586,29484,18844,47749,29070,49952,45972
39788,35142,28106,36816,28873,31210,36324,28568,32162,33024,35085,28864,29586,29484,18844,47749,29070,49952,45972
39764,35439,27881,27780,31986,31210,36324,28568,32162,33024,35085,28864,29586,29484,18844,47749,29070,49952,45972
39582,39476,27924,25324,29104,31210,36324,28568,32162,33024,35085,28864,29586,29484,18844,47749,29070,49952,45972
39360,38023,27897,23952,29028,31210,36324,28568,32162,33024,35085,28864,29586,29484,18844,47749,29070,49952,45972
38985,41764,27992,23092,31776,31210,36324,28568,32162,33024,35085,28864,29586,29484,18844,47749,29070,49952,45972
38596,51988,13526,22739,34496,31210,36324,28568,32162,33024,35085,28864,29586,29484,18844,47749,29070,49952,45972
38168,43546,12600,22612,30511,31210,36324,28568,32162,33024,35085,28864,29586,29484,18844,47749,29070,49952,45972
37785,40343,13221,22768,32355,31210,36324,28568,32162,33024,35085,28864,29586,29484,18844,47749,29070,49952,45972
44472,38002,19520,9674,33306,31210,36324,28568,32162,33024,35085,28864,29586,29484,18844,47749,29070,49952,45972
34676,37236,24893,24052,37440,31028,35904,29327,32125,32413,35436,29708,29508,28932,16828,45620,29428,45941,43048
54688,35188,27848,33,39958,31028,35904,29327,32125,32413,35436,29708,29508,28932,16828,45620,29428,45941,43048
59196,33944,31652,12,31908,31028,35904,29327,32125,32413,35436,29708,29508,28932,16828,45620,29428,45941,43048
23644,34525,28621,41930,23700,31028,35904,29327,32125,32413,35436,29708,29508,28932,16828,45620,29428,45941,43048
42722,33264,31664,13061,27400,31028,35904,29327,32125,32413,35436,29708,29508,28932,16828,45620,29428,45941,43048
57032,31734,32870,2889,28303,31028,35904,29327,32125,32413,35436,29708,29508,28932,16828,45620,29428,45941,43048
19955,30976,33318,45352,36183,31028,35904,29327,32125,32413,35436,29708,29508,28932,16828,45620,29428,45941,43048
15046,29515,33456,52422,33788,31028,35904,29327,32125,32413,35436,29708,29508,28932,16828,45620,29428,45941,43048
22996,28772,34736,37353,30320,31028,35904,29327,32125,32413,35436,29708,29508,28932,16828,45620,29428,45941,43048
22800,29178,42302,44878,31124,31028,35904,29327,32125,32413,35436,29708,29508,28932,16828,45620,29428,45941,43048
25708,30238,43527,41692,35048,30738,35720,29982,32200,31912,35596,31080,29332,27824,15845,45964,29680,53060,37314
28128,31484,40676,38378,30981,30738,35720,29982,32200,31912,35596,31080,29332,27824,15845,45964,29680,53060,37314
29980,32420,34656,35888,40491,30738,35720,29982,32200,31912,35596,31080,29332,27824,15845,45964,29680,53060,37314
31358,32109,26281,33987,38969,30738,35720,29982,32200,31912,35596,31080,29332,27824,15845,45964,29680,53060,37314
32338,33580,28244,32233,32368,30738,35720,29982,32200,31912,35596,31080,29332,27824,15845,45964,29680,53060,37314
35325,32770,36184,26946,26064,30738,35720,29982,32200,31912,35596,31080,29332,27824,15845,45964,29680,53060,37314
32712,35477,33099,33268,28301,30738,35720,29982,32200,31912,35596,31080,29332,27824,15845,45964,29680,53060,37314
33120,33555,36419,32570,27330,30738,35720,29982,32200,31912,35596,31080,29332,27824,15845,45964,29680,53060,37314
33525,31261,36566,31781,35701,30738,35720,29982,32200,31912,35596,31080,29332,27824,15845,45964,29680,53060,37314
33797,30273,37858,31235,40139,30738,35720,29982,32200,31912,35596,31080,29332,27824,15845,45964,29680,53060,37314
34021,31620,33760,30808,37286,30426,35112,30264,32262,32461,35608,30740,29064,27356,13652,44908,28452,49693,34660
34072,30751,35821,30610,39431,30426,35112,30264,32262,32461,35608,30740,29064,27356,13652,44908,28452,49693,34660
34110,26638,40220,30504,32176,30426,35112,30264,32262,32461,35608,30740,29064,27356,13652,44908,28452,49693,34660
34092,17296,49719,30482,30149,30426,35112,30264,32262,32461,35608,30740,29064,27356,13652,44908,28452,49693,34660
34081,23044,42605,30496,34759,30426,35112,30264,32262,32461,35608,30740,29064,27356,13652,44908,28452,49693,34660
34020,28800,35922,30564,35664,30426,35112,30264,32262,32461,35608,30740,29064,27356,13652,44908,28452,49693,34660
33940,34813,29594,30668,28704,30426,35112,30264,32262,32461,35608,30740,29064,27356,13652,44908,28452,49693,34660
33850,38281,25993,30822,32012,30426,35112,30264,32262,32461,35608,30740,29064,27356,13652,44908,28452,49693,34660
33797,37097,27492,30901,33567,30426,35112,30264,32262,32461,35608,30740,29064,27356,13652,44908,28452,49693,34660
33707,38044,26326,31043,27709,30426,35112,30264,32262,32461,35608,30740,29064,27356,13652,44908,28452,49693,34660
33620,35312,29627,31141,33226,30688,34616,31172,32258,32976,36097,30659,28724,28461,9953,39184,30855,51492,33728
33539,33956,31031,31282,28985,30688,34616,31172,32258,32976,36097,30659,28724,28461,9953,39184,30855,51492,33728
33464,37373,26744,31456,34374,30688,34616,31172,32258,32976,36097,30659,28724,28461,9953,39184,30855,51492,33728
33388,38900,16919,29364,34576,30688,34616,31172,32258,32976,36097,30659,28724,28461,9953,39184,30855,51492,33728
33344,35780,21222,28200,35310,30688,34616,31172,32258,32976,36097,30659,28724,28461,9953,39184,30855,51492,33728
33292,34294,31440,32217,32352,30688,34616,31172,32258,32976,36097,30659,28724,28461,9953,39184,30855,51492,33728
33211,32980,34984,33722,31360,30688,34616,31172,32258,32976,36097,30659,28724,28461,9953,39184,30855,51492,33728
33145,33206,36997,33469,34113,30688,34616,31172,32258,32976,36097,30659,28724,28461,9953,39184,30855,51492,33728
33116,31544,37641,33196,29538,30688,34616,31172,32258,32976,36097,30659,28724,28461,9953,39184,30855,51492,33728
33063,33186,33980,32968,29976,30688,34616,31172,32258,32976,36097,30659,28724,28461,9953,39184,30855,51492,33728
33054,32594,30692,32878,34172,30872,34594,32449,32457,32088,37224,31612,28424,27680,13497,37942,28648,51384,31956
33008,31835,28804,32816,32348,30872,34594,32449,32457,32088,37224,31612,28424,27680,13497,37942,28648,51384,31956
32976,28592,38416,32612,34288,30872,34594,32449,32457,32088,37224,31612,28424,27680,13497,37942,28648,51384,31956
32944,23432,47368,32496,33572,30872,34594,32449,32457,32088,37224,31612,28424,27680,13497,37942,28648,51384,31956
32925,29288,38474,32539,32004,30872,34594,32449,32457,32088,37224,31612,28424,27680,13497,37942,28648,51384,31956
32903,38407,28144,32572,32046,30872,34594,32449,32457,32088,37224,31612,28424,27680,13497,37942,28648,51384,31956
32881,35936,23067,32556,37806,30872,34594,32449,32457,32088,37224,31612,28424,27680,13497,37942,28648,51384,31956
34026,34122,20784,22626,35873,30872,34594,32449,32457,32088,37224,31612,28424,27680,13497,37942,28648,51384,31956
54376,34154,28235,7860,32938,30872,34594,32449,32457,32088,37224,31612,28424,27680,13497,37942,28648,51384,31956
57010,33742,30123,8630,30128,30872,34594,32449,32457,32088,37224,31612,28424,27680,13497,37942,28648,51384,31956
54245,33221,30956,11682,32363,31288,36136,33947,32480,31760,38404,31498,28148,27098,20377,40169,27856,51968,35632
51408,33203,31504,14469,36541,31288,36136,33947,32480,31760,38404,31498,28148,27098,20377,40169,27856,51968,35632
45352,33246,31994,16873,36560,31288,36136,33947,32480,31760,38404,31498,28148,27098,20377,40169,27856,51968,35632
37424,33009,32253,18973,33284,31288,36136,33947,32480,31760,38404,31498,28148,27098,20377,40169,27856,51968,35632
34076,32279,32775,20798,29529,31288,36136,33947,32480,31760,38404,31498,28148,27098,20377,40169,27856,51968,35632
31655,32005,32973,22381,34743,31288,36136,33947,32480,31760,38404,31498,28148,27098,20377,40169,27856,51968,35632
29868,32239,33310,23750,33139,31288,36136,33947,32480,31760,38404,31498,28148,27098,20377,40169,27856,51968,35632
28525,32276,33356,24930,30484,31288,36136,33947,32480,31760,38404,31498,28148,27098,20377,40169,27856,51968,35632
27769,31868,33120,25953,30194,31288,36136,33947,32480,31760,38404,31498,28148,27098,20377,40169,27856,51968,35632
27386,31883,33112,26829,33053,31288,36136,33947,32480,31760,38404,31498,28148,27098,20377,40169,27856,51968,35632
27237,32108,33337,27601,29387,30876,38556,34512,32692,32224,39736,31788,27752,25748,26624,37112,29610,50920,33156
27280,32189,33514,28278,33140,30876,38556,34512,32692,32224,39736,31788,27752,25748,26624,37112,29610,50920,33156
27484,32488,33703,28858,34705,30876,38556,34512,32692,32224,39736,31788,27752,25748,26624,37112,29610,50920,33156
27868,32845,34224,65456,29860,30876,38556,34512,32692,32224,39736,31788,27752,25748,26624,37112,29610,50920,33156
28212,33073,34464,65512,30112,30876,38556,34512,32692,32224,39736,31788,27752,25748,26624,37112,29610,50920,33156
28561,32656,34400,48153,35088,30876,38556,34512,32692,32224,39736,31788,27752,25748,26624,37112,29610,50920,33156
28938,32784,34473,17864,36592,30876,38556,34512,32692,32224,39736,31788,27752,25748,26624,37112,29610,50920,33156
29325,33734,34631,18186,40331,30876,38556,34512,32692,32224,39736,31788,27752,25748,26624,37112,29610,50920,33156
29794,34130,34626,20136,27878,30876,38556,34512,32692,32224,39736,31788,27752,25748,26624,37112,29610,50920,33156
30327,33200,34410,21896,25496,30876,38556,34512,32692,32224,39736,31788,27752,25748,26624,37112,29610,50920,33156
31097,32225,33846,23421,30105,32124,40698,37384,32824,31732,41064,33410,27367,24064,23124,37976,28796,48348,26561
31973,32370,33502,24713,30318,32124,40698,37384,32824,31732,41064,33410,27367,24064,23124,37976,28796,48348,26561
32372,32470,33332,25815,34574,32124,40698,37384,32824,31732,41064,33410,27367,24064,23124,37976,28796,48348,26561
32077,32388,33428,26783,36708,32124,40698,37384,32824,31732,41064,33410,27367,24064,23124,37976,28796,48348,26561
31744,32380,33609,33418,35173,32124,40698,37384,32824,31732,41064,33410,27367,24064,23124,37976,28796,48348,26561
31236,31844,33516,36839,35518,32124,40698,37384,32824,31732,41064,33410,27367,24064,23124,37976,28796,48348,26561
30994,32021,33349,38696,37122,32124,40698,37384,32824,31732,41064,33410,27367,24064,23124,37976,28796,48348,26561
30882,32442,33213,40068,37628,32124,40698,37384,32824,31732,41064,33410,27367,24064,23124,37976,28796,48348,26561
30794,33024,32873,40933,38241,32124,40698,37384,32824,31732,41064,33410,27367,24064,23124,37976,28796,48348,26561
30758,33218,32700,41360,33320,32124,40698,37384,32824,31732,41064,33410,27367,24064,23124,37976,28796,48348,26561
30662,33214,31964,41340,28623,32160,40536,35484,33042,32584,40274,33180,26962,24624,12753,19141,30672,51496,24842
30808,32964,31149,41263,24560,32160,40536,35484,33042,32584,40274,33180,26962,24624,12753,19141,30672,51496,24842
30909,33131,30777,41184,33019,32160,40536,35484,33042,32584,40274,33180,26962,24624,12753,19141,30672,51496,24842
31060,33568,31272,40952,36321,32160,40536,35484,33042,32584,40274,33180,26962,24624,12753,19141,30672,51496,24842
31202,32791,31730,40661,33232,32160,40536,35484,33042,32584,40274,33180,26962,24624,12753,19141,30672,51496,24842
31307,31542,32243,40189,31004,32160,40536,35484,33042,32584,40274,33180,26962,24624,12753,19141,30672,51496,24842
31393,31684,32699,39624,31532,32160,40536,35484,33042,32584,40274,33180,26962,24624,12753,19141,30672,51496,24842
31440,31441,32683,39008,28976,32160,40536,35484,33042,32584,40274,33180,26962,24624,12753,19141,30672,51496,24842
31600,31229,32763,38664,30658,32160,40536,35484,33042,32584,40274,33180,26962,24624,12753,19141,30672,51496,24842
31652,31443,32786,38415,34430,32160,40536,35484,33042,32584,40274,33180,26962,24624,12753,19141,30672,51496,24842
31721,31742,33083,38224,32490,33088,39208,33404,33264,32530,39100,33436,26472,23677,5949,11848,32352,47912,19981
31744,32427,33284,37816,33099,33088,39208,33404,33264,32530,39100,33436,26472,23677,5949,11848,32352,47912,19981
31832,33229,33196,37448,31954,33088,39208,33404,33264,32530,39100,33436,26472,23677,5949,11848,32352,47912,19981
15426,24052,49256,58348,36008,33088,39208,33404,33264,32530,39100,33436,26472,23677,5949,11848,32352,47912,19981
5953,16718,58716,63528,34020,33088,39208,33404,33264,32530,39100,33436,26472,23677,5949,11848,32352,47912,19981
9052,21368,56188,60169,33462,33088,39208,33404,33264,32530,39100,33436,26472,23677,5949,11848,32352,47912,19981
12290,25435,52957,56548,38137,33088,39208,33404,33264,32530,39100,33436,26472,23677,5949,11848,32352,47912,19981
33713,28790,43088,53394,34753,33088,39208,33404,33264,32530,39100,33436,26472,23677,5949,11848,32352,47912,19981
38930,31161,37364,50726,29103,33088,39208,33404,33264,32530,39100,33436,26472,23677,5949,11848,32352,47912,19981
35305,32980,33952,48404,26944,33088,39208,33404,33264,32530,39100,33436,26472,23677,5949,11848,32352,47912,19981
42316,34106,31599,46384,34180,34060,37704,33486,33476,32709,38200,34160,26046,24144,2195,1377,34836,47600,18387
43196,34942,29888,44672,35176,34060,37704,33486,33476,32709,38200,34160,26046,24144,2195,1377,34836,47600,18387
47762,35570,28624,43150,27634,34060,37704,33486,33476,32709,38200,34160,26046,24144,2195,1377,34836,47600,18387
62456,48208,8870,18602,30596,34060,37704,33486,33476,32709,38200,34160,26046,24144,2195,1377,34836,47600,18387
47376,51312,5780,10494,35576,34060,37704,33486,33476,32709,38200,34160,26046,24144,2195,1377,34836,47600,18387
39752,30686,26688,27671,35508,34060,37704,33486,33476,32709,38200,34160,26046,24144,2195,1377,34836,47600,18387
35540,28272,32742,31997,34280,34060,37704,33486,33476,32709,38200,34160,26046,24144,2195,1377,34836,47600,18387
32163,29964,34299,32198,32424,34060,37704,33486,33476,32709,38200,34160,26046,24144,2195,1377,34836,47600,18387
31960,31230,33584,30482,34295,34060,37704,33486,33476,32709,38200,34160,26046,24144,2195,1377,34836,47600,18387
32357,32284,33564,27904,31666,34060,37704,33486,33476,32709,38200,34160,26046,24144,2195,1377,34836,47600,18387
32718,33055,32696,26207,31332,34328,37849,34136,33664,33190,38708,34916,25448,23853,4742,101,31252,39344,18496
32510,33544,32144,25871,32620,34328,37849,34136,33664,33190,38708,34916,25448,23853,4742,101,31252,39344,18496
26018,33856,34980,32084,28256,34328,37849,34136,33664,33190,38708,34916,25448,23853,4742,101,31252,39344,18496
13162,33990,38672,42387,32412,34328,37849,34136,33664,33190,38708,34916,25448,23853,4742,101,31252,39344,18496
25884,34212,36654,34936,32731,34328,37849,34136,33664,33190,38708,34916,25448,23853,4742,101,31252,39344,18496
37467,34200,33232,24542,31323,34328,37849,34136,33664,33190,38708,34916,25448,23853,4742,101,31252,39344,18496
53684,47496,10640,5256,33472,34328,37849,34136,33664,33190,38708,34916,25448,23853,4742,101,31252,39344,18496
39594,47770,7883,15,34372,34328,37849,34136,33664,33190,38708,34916,25448,23853,4742,101,31252,39344,18496
36208,41373,19374,2026,36656,34328,37849,34136,33664,33190,38708,34916,25448,23853,4742,101,31252,39344,18496
34774,38994,23929,6233,34340,34328,37849,34136,33664,33190,38708,34916,25448,23853,4742,101,31252,39344,18496
33687,37082,27299,9866,34525,35878,38296,34980,33846,32932,37796,37844,25060,23660,7545,4529,34605,38336,9184
32988,34880,30023,13009,37056,35878,38296,34980,33846,32932,37796,37844,25060,23660,7545,4529,34605,38336,9184
32450,33728,31513,15593,38237,35878,38296,34980,33846,32932,37796,37844,25060,23660,7545,4529,34605,38336,9184
32060,33748,32257,17920,36489,35878,38296,34980,33846,32932,37796,37844,25060,23660,7545,4529,34605,38336,9184
31757,33201,33369,19814,31355,35878,38296,34980,33846,32932,37796,37844,25060,23660,7545,4529,34605,38336,9184
31509,32896,34500,21548,30094,35878,38296,34980,33846,32932,37796,37844,25060,23660,7545,4529,34605,38336,9184
31393,32317,35142,23019,27700,35878,38296,34980,33846,32932,37796,37844,25060,23660,7545,4529,34605,38336,9184
31335,31677,35134,24319,30646,35878,38296,34980,33846,32932,37796,37844,25060,23660,7545,4529,34605,38336,9184
31296,31358,34666,25423,29362,35878,38296,34980,33846,32932,37796,37844,25060,23660,7545,4529,34605,38336,9184
31296,31183,33680,33306,31567,35878,38296,34980,33846,32932,37796,37844,25060,23660,7545,4529,34605,38336,9184
31188,30642,33399,36248,33147,37317,38720,34688,34004,32602,36552,38664,24564,23649,7098,8340,28210,32584,67
31340,30559,33881,37965,34764,37317,38720,34688,34004,32602,36552,38664,24564,23649,7098,8340,28210,32584,67
31493,31126,34596,39032,33191,37317,38720,34688,34004,32602,36552,38664,24564,23649,7098,8340,28210,32584,67
31532,31301,35153,39962,28378,37317,38720,34688,34004,32602,36552,38664,24564,23649,7098,8340,28210,32584,67
31576,31358,35124,40551,33469,37317,38720,34688,34004,32602,36552,38664,24564,23649,7098,8340,28210,32584,67
31628,31470,34420,40674,35908,37317,38720,34688,34004,32602,36552,38664,24564,23649,7098,8340,28210,32584,67
31652,31880,34148,40711,35094,37317,38720,34688,34004,32602,36552,38664,24564,23649,7098,8340,28210,32584,67
31781,32236,34324,40315,31574,37317,38720,34688,34004,32602,36552,38664,24564,23649,7098,8340,28210,32584,67
31906,32247,34433,39976,33572,37317,38720,34688,34004,32602,36552,38664,24564,23649,7098,8340,28210,32584,67
32085,31563,34520,39702,35823,37317,38720,34688,34004,32602,36552,38664,24564,23649,7098,8340,28210,32584,67
32164,31268,35198,39345,35230,38488,39296,34320,34184,33124,37340,39684,24188,23188,5822,9915,26273,34976,4731
32236,30916,34694,39320,30739,38488,39296,34320,34184,33124,37340,39684,24188,23188,5822,9915,26273,34976,4731
32324,30606,33430,38994,31259,38488,39296,34320,34184,33124,37340,39684,24188,23188,5822,9915,26273,34976,4731
32436,30213,32837,38597,27776,38488,39296,34320,34184,33124,37340,39684,24188,23188,5822,9915,26273,34976,4731
32346,31146,33234,38070,29344,38488,39296,34320,34184,33124,37340,39684,24188,23188,5822,9915,26273,34976,4731
32355,31420,33099,37373,29379,38488,39296,34320,34184,33124,37340,39684,24188,23188,5822,9915,26273,34976,4731
32394,31706,32978,37213,33894,38488,39296,34320,34184,33124,37340,39684,24188,23188,5822,9915,26273,34976,4731
32396,32099,32905,36786,33992,38488,39296,34320,34184,33124,37340,39684,24188,23188,5822,9915,26273,34976,4731
32534,32532,33540,36594,34566,38488,39296,34320,34184,33124,37340,39684,24188,23188,5822,9915,26273,34976,4731
32683,33322,34191,36231,34473,38488,39296,34320,34184,33124,37340,39684,24188,23188,5822,9915,26273,34976,4731
32694,34215,33972,35999,36155,39416,40292,34316,34262,35152,38170,38402,23897,22181,4068,15794,20892,30024,22117
32700,33281,33414,35503,36562,39416,40292,34316,34262,35152,38170,38402,23897,22181,4068,15794,20892,30024,22117
32654,32895,33552,35277,36170,39416,40292,34316,34262,35152,38170,38402,23897,22181,4068,15794,20892,30024,22117
32522,32952,33026,35132,32173,39416,40292,34316,34262,35152,38170,38402,23897,22181,4068,15794,20892,30024,22117
32507,32965,32875,35081,31717,39416,40292,34316,34262,35152,38170,38402,23897,22181,4068,15794,20892,30024,22117
32552,32613,33172,34857,30889,39416,40292,34316,34262,35152,38170,38402,23897,22181,4068,15794,20892,30024,22117
32658,32276,32920,34793,30842,39416,40292,34316,34262,35152,38170,38402,23897,22181,4068,15794,20892,30024,22117
32808,32013,32674,34542,34555,39416,40292,34316,34262,35152,38170,38402,23897,22181,4068,15794,20892,30024,22117
32988,32329,33659,34496,32970,39416,40292,34316,34262,35152,38170,38402,23897,22181,4068,15794,20892,30024,22117
33076,32659,33650,34269,31972,39416,40292,34316,34262,35152,38170,38402,23897,22181,4068,15794,20892,30024,22117
33020,33090,33917,34155,32200,38954,40584,34774,34581,35028,38644,38072,23509,19698,6601,25377,20823,28644,34800
32938,32470,34514,33901,30556,38954,40584,34774,34581,35028,38644,38072,23509,19698,6601,25377,20823,28644,34800
32909,32224,33911,33836,32412,38954,40584,34774,34581,35028,38644,38072,23509,19698,6601,25377,20823,28644,34800
32898,32414,32967,33818,31270,38954,40584,34774,34581,35028,38644,38072,23509,19698,6601,25377,20823,28644,34800
32925,32598,32298,33567,34735,38954,40584,34774,34581,35028,38644,38072,23509,19698,6601,25377,20823,28644,34800
32908,32412,32479,33578,35053,38954,40584,34774,34581,35028,38644,38072,23509,19698,6601,25377,20823,28644,34800
32860,32445,32746,33383,31394,38954,40584,34774,34581,35028,38644,38072,23509,19698,6601,25377,20823,28644,34800
32870,32515,33072,33442,32640,38954,40584,34774,34581,35028,38644,38072,23509,19698,6601,25377,20823,28644,34800
32912,32851,33460,33384,5460,38954,40584,34774,34581,35028,38644,38072,23509,19698,6601,25377,20823,28644,34800
32912,32808,33218,33420,34394,38954,40584,34774,34581,35028,38644,38072,23509,19698,6601,25377,20823,28644,34800
32961,32855,33007,33385,30780,38600,40832,34928,34712,34024,38336,37800,23173,18689,9349,33004,20924,24444,38268
32890,32460,32439,33257,37219,38600,40832,34928,34712,34024,38336,37800,23173,18689,9349,33004,20924,24444,38268
32902,32310,31725,33398,34469,38600,40832,34928,34712,34024,38336,37800,23173,18689,9349,33004,20924,24444,38268
32869,32537,32482,33381,32472,38600,40832,34928,34712,34024,38336,37800,23173,18689,9349,33004,20924,24444,38268
32797,32374,32205,33492,30335,38600,40832,34928,34712,34024,38336,37800,23173,18689,9349,33004,20924,24444,38268
32775,32516,31228,33333,33122,38600,40832,34928,34712,34024,38336,37800,23173,18689,9349,33004,20924,24444,38268
32694,31943,31362,33142,31574,38600,40832,34928,34712,34024,38336,37800,23173,18689,9349,33004,20924,24444,38268
32696,32399,31744,33266,32780,38600,40832,34928,34712,34024,38336,37800,23173,18689,9349,33004,20924,24444,38268
32681,33094,32676,33323,35199,38600,40832,34928,34712,34024,38336,37800,23173,18689,9349,33004,20924,24444,38268
32752,33586,34589,33324,33232,38600,40832,34928,34712,34024,38336,37800,23173,18689,9349,33004,20924,24444,38268
32796,32917,34788,33287,32099,38234,40690,35036,34857,33525,37280,38330,22824,17629,9211,35180,22948,20016,42328
32824,32362,33415,33287,32796,38234,40690,35036,34857,33525,37280,38330,22824,17629,9211,35180,22948,20016,42328
32826,32800,33054,33127,31589,38234,40690,35036,34857,33525,37280,38330,22824,17629,9211,35180,22948,20016,42328
32713,33119,33047,33189,32816,38234,40690,35036,34857,33525,37280,38330,22824,17629,9211,35180,22948,20016,42328
32721,32528,32722,33076,31948,38234,40690,35036,34857,33525,37280,38330,22824,17629,9211,35180,22948,20016,42328
32747,32402,32019,33084,32672,38234,40690,35036,34857,33525,37280,38330,22824,17629,9211,35180,22948,20016,42328
32822,33073,32405,33095,33654,38234,40690,35036,34857,33525,37280,38330,22824,17629,9211,35180,22948,20016,42328
32802,33069,33295,32940,29523,38234,40690,35036,34857,33525,37280,38330,22824,17629,9211,35180,22948,20016,42328
32668,31797,32920,32754,32863,38234,40690,35036,34857,33525,37280,38330,22824,17629,9211,35180,22948,20016,42328
32644,31689,33073,32877,30882,38234,40690,35036,34857,33525,37280,38330,22824,17629,9211,35180,22948,20016,42328
32568,33186,32965,32911,31712,37972,40312,35032,35228,33440,36392,38644,22558,17452,10735,35468,22160,13818,33284
32489,34020,31850,32956,33619,37972,40312,35032,35228,33440,36392,38644,22558,17452,10735,35468,22160,13818,33284
32492,33152,30866,32834,32171,37972,40312,35032,35228,33440,36392,38644,22558,17452,10735,35468,22160,13818,33284
32172,31064,32282,43756,32540,37972,40312,35032,35228,33440,36392,38644,22558,17452,10735,35468,22160,13818,33284
7160,13744,57716,58288,31106,37972,40312,35032,35228,33440,36392,38644,22558,17452,10735,35468,22160,13818,33284
21632,17848,56813,56520,30380,37972,40312,35032,35228,33440,36392,38644,22558,17452,10735,35468,22160,13818,33284
30131,22922,53785,53548,27409,37972,40312,35032,35228,33440,36392,38644,22558,17452,10735,35468,22160,13818,33284
35751,26857,50936,50820,35434,37972,40312,35032,35228,33440,36392,38644,22558,17452,10735,35468,22160,13818,33284
38077,29834,36812,48484,34970,37972,40312,35032,35228,33440,36392,38644,22558,17452,10735,35468,22160,13818,33284
38224,32048,31029,46461,35312,37972,40312,35032,35228,33440,36392,38644,22558,17452,10735,35468,22160,13818,33284
32020,33605,33334,44706,36450,37652,40124,35140,35453,33516,35960,38760,22252,17586,13153,33852,22333,10341,31293
37374,34605,28716,43182,35300,37652,40124,35140,35453,33516,35960,38760,22252,17586,13153,33852,22333,10341,31293
50285,45026,10325,39368,32880,37652,40124,35140,35453,33516,35960,38760,22252,17586,13153,33852,22333,10341,31293
42793,51724,13,17,28376,37652,40124,35140,35453,33516,35960,38760,22252,17586,13153,33852,22333,10341,31293
37545,46316,6484,11,36922,37652,40124,35140,35453,33516,35960,38760,22252,17586,13153,33852,22333,10341,31293
36157,43060,15980,12,17100,37652,40124,35140,35453,33516,35960,38760,22252,17586,13153,33852,22333,10341,31293
35296,40174,23353,2148,31999,37652,40124,35140,35453,33516,35960,38760,22252,17586,13153,33852,22333,10341,31293
34428,37877,26443,6419,32352,37652,40124,35140,35453,33516,35960,38760,22252,17586,13153,33852,22333,10341,31293
33716,35884,28510,10033,33637,37652,40124,35140,35453,33516,35960,38760,22252,17586,13153,33852,22333,10341,31293
33168,33978,29678,13082,31046,37652,40124,35140,35453,33516,35960,38760,22252,17586,13153,33852,22333,10341,31293
32742,33142,30802,15672,33040,37484,40168,35488,35564,33570,35904,39252,22060,17038,14669,36864,24306,7670,28524
32397,33432,33482,17956,32944,37484,40168,35488,35564,33570,35904,39252,22060,17038,14669,36864,24306,7670,28524
32133,33698,34569,19941,31106,37484,40168,35488,35564,33570,35904,39252,22060,17038,14669,36864,24306,7670,28524
31972,33531,35182,27920,33522,37484,40168,35488,35564,33570,35904,39252,22060,17038,14669,36864,24306,7670,28524
31900,32669,35706,32137,33822,37484,40168,35488,35564,33570,35904,39252,22060,17038,14669,36864,24306,7670,28524
31842,32160,35410,34612,32677,37484,40168,35488,35564,33570,35904,39252,22060,17038,14669,36864,24306,7670,28524
31854,32590,34879,36445,33042,37484,40168,35488,35564,33570,35904,39252,22060,17038,14669,36864,24306,7670,28524
31820,32869,33852,37700,34356,37484,40168,35488,35564,33570,35904,39252,22060,17038,14669,36864,24306,7670,28524
31815,32350,32873,38528,32231,37484,40168,35488,35564,33570,35904,39252,22060,17038,14669,36864,24306,7670,28524
31936,31900,32430,38983,31922,37484,40168,35488,35564,33570,35904,39252,22060,17038,14669,36864,24306,7670,28524
32132,31953,33488,39371,33180,36928,40137,35908,35584,33672,35610,39192,22126,16509,16786,37616,23216,4055,33589
32256,32090,34180,39470,30767,36928,40137,35908,35584,33672,35610,39192,22126,16509,16786,37616,23216,4055,33589
32250,32082,37248,39325,32633,36928,40137,35908,35584,33672,35610,39192,22126,16509,16786,37616,23216,4055,33589
32232,32279,35505,39032,35299,36928,40137,35908,35584,33672,35610,39192,22126,16509,16786,37616,23216,4055,33589
32282,32048,33332,38711,35265,36928,40137,35908,35584,33672,35610,39192,22126,16509,16786,37616,23216,4055,33589
32249,31802,33700,38401,33765,36928,40137,35908,35584,33672,35610,39192,22126,16509,16786,37616,23216,4055,33589
32445,31826,34674,38137,32681,36928,40137,35908,35584,33672,35610,39192,22126,16509,16786,37616,23216,4055,33589
32492,31551,34965,38039,34042,36928,40137,35908,35584,33672,35610,39192,22126,16509,16786,37616,23216,4055,33589
32454,31737,34106,37912,31598,36928,40137,35908,35584,33672,35610,39192,22126,16509,16786,37616,23216,4055,33589
32333,31664,32154,37700,31346,36928,40137,35908,35584,33672,35610,39192,22126,16509,16786,37616,23216,4055,33589
32256,31659,31492,37220,33899,36592,40080,36232,35788,33472,35560,39384,22078,16861,18057,35405,24142,1519,34202
32308,31751,32471,36576,31912,36592,40080,36232,35788,33472,35560,39384,22078,16861,18057,35405,24142,1519,34202
32371,32615,33225,36250,31774,36592,40080,36232,35788,33472,35560,39384,22078,16861,18057,35405,24142,1519,34202
32284,32647,33040,35733,33885,36592,40080,36232,35788,33472,35560,39384,22078,16861,18057,35405,24142,1519,34202
32263,32678,32986,35509,31751,36592,40080,36232,35788,33472,35560,39384,22078,16861,18057,35405,24142,1519,34202
32366,33088,32550,35435,32096,36592,40080,36232,35788,33472,35560,39384,22078,16861,18057,35405,24142,1519,34202
32501,32661,33230,35184,33617,36592,40080,36232,35788,33472,35560,39384,22078,16861,18057,35405,24142,1519,34202
32708,32423,34389,34950,31378,36592,40080,36232,35788,33472,35560,39384,22078,16861,18057,35405,24142,1519,34202
32702,32423,34179,34902,32444,36592,40080,36232,35788,33472,35560,39384,22078,16861,18057,35405,24142,1519,34202
32644,32400,34332,34681,32476,36592,40080,36232,35788,33472,35560,39384,22078,16861,18057,35405,24142,1519,34202
32663,32292,34560,34520,30299,36402,39920,36484,35736,33306,35504,39244,22072,17340,18825,32932,24032,64,34773
32712,32486,35214,34341,32733,36402,39920,36484,35736,33306,35504,39244,22072,17340,18825,32932,24032,64,34773
18166,31908,40268,57856,32294,36402,39920,36484,35736,33306,35504,39244,22072,17340,18825,32932,24032,64,34773
7081,31647,52948,59638,31696,36402,39920,36484,35736,33306,35504,39244,22072,17340,18825,32932,24032,64,34773
9956,32900,42684,56512,34006,36402,39920,36484,35736,33306,35504,39244,22072,17340,18825,32932,24032,64,34773
13080,32592,33348,53420,33562,36402,39920,36484,35736,33306,35504,39244,22072,17340,18825,32932,24032,64,34773
15756,32868,25960,50720,31861,36402,39920,36484,35736,33306,35504,39244,22072,17340,18825,32932,24032,64,34773
22550,33125,15940,48394,33498,36402,39920,36484,35736,33306,35504,39244,22072,17340,18825,32932,24032,64,34773
51669,32537,25904,46385,34216,36402,39920,36484,35736,33306,35504,39244,22072,17340,18825,32932,24032,64,34773
65510,31780,27949,44626,32216,36402,39920,36484,35736,33306,35504,39244,22072,17340,18825,32932,24032,64,34773
65521,32680,28658,48,33640,36485,39464,36600,35602,33040,35314,38920,22094,18225,20644,30913,25317,65,38460
53192,32644,29933,12,34492,36485,39464,36600,35602,33040,35314,38920,22094,18225,20644,30913,25317,65,38460
47300,32627,30218,11,33369,36485,39464,36600,35602,33040,35314,38920,22094,18225,20644,30913,25317,65,38460
42828,32650,31068,1416,31680,36485,39464,36600,35602,33040,35314,38920,22094,18225,20644,30913,25317,65,38460
39333,32714,32000,5840,34108,36485,39464,36600,35602,33040,35314,38920,22094,18225,20644,30913,25317,65,38460
36740,32919,32324,9542,32046,36485,39464,36600,35602,33040,35314,38920,22094,18225,20644,30913,25317,65,38460
34856,32842,32579,12676,31110,36485,39464,36600,35602,33040,35314,38920,22094,18225,20644,30913,25317,65,38460
33448,32506,32121,15326,33773,36485,39464,36600,35602,33040,35314,38920,22094,18225,20644,30913,25317,65,38460
32344,32689,33818,17673,33106,36485,39464,36600,35602,33040,35314,38920,22094,18225,20644,30913,25317,65,38460
31448,32433,35435,19695,31792,36485,39464,36600,35602,33040,35314,38920,22094,18225,20644,30913,25317,65,38460
30773,32535,35384,21366,34240,36552,38920,37032,35606,32816,35137,39000,22161,19092,21720,29933,26769,63,33972
30460,32976,34658,22923,32320,36552,38920,37032,35606,32816,35137,39000,22161,19092,21720,29933,26769,63,33972
30436,33079,33663,24207,32452,36552,38920,37032,35606,32816,35137,39000,22161,19092,21720,29933,26769,63,33972
30336,32976,31810,39496,33484,36552,38920,37032,35606,32816,35137,39000,22161,19092,21720,29933,26769,63,33972
3036,32734,33148,65492,30948,36552,38920,37032,35606,32816,35137,39000,22161,19092,21720,29933,26769,63,33972
5008,32697,31940,65501,33816,36552,38920,37032,35606,32816,35137,39000,22161,19092,21720,29933,26769,63,33972
23266,32712,33382,65516,33014,36552,38920,37032,35606,32816,35137,39000,22161,19092,21720,29933,26769,63,33972
49596,32755,33744,64296,31212,36552,38920,37032,35606,32816,35137,39000,22161,19092,21720,29933,26769,63,33972
50112,32840,33602,59978,34204,36552,38920,37032,35606,32816,35137,39000,22161,19092,21720,29933,26769,63,33972
42584,32861,33392,5476,32923,36552,38920,37032,35606,32816,35137,39000,22161,19092,21720,29933,26769,63,33972
39804,32926,34237,4589,32757,36440,38212,37296,35516,32504,34924,39300,22266,19709,22002,28692,28292,62,33060
37769,32809,34396,8300,34815,36440,38212,37296,35516,32504,34924,39300,22266,19709,22002,28692,28292,62,33060
36056,32704,33512,56433,32982,36440,38212,37296,35516,32504,34924,39300,22266,19709,22002,28692,28292,62,33060
34788,32450,33716,12162,31522,36440,38212,37296,35516,32504,34924,39300,22266,19709,22002,28692,28292,62,33060
33898,32692,33952,12481,33260,36440,38212,37296,35516,32504,34924,39300,22266,19709,22002,28692,28292,62,33060
33400,32788,34128,15059,32754,36440,38212,37296,35516,32504,34924,39300,22266,19709,22002,28692,28292,62,33060
32928,32751,32670,17468,30646,36440,38212,37296,35516,32504,34924,39300,22266,19709,22002,28692,28292,62,33060
26803,32880,30496,65472,34377,36440,38212,37296,35516,32504,34924,39300,22266,19709,22002,28692,28292,62,33060
16644,32609,30400,65520,33364,36440,38212,37296,35516,32504,34924,39300,22266,19709,22002,28692,28292,62,33060
23917,32317,30870,65526,31247,36440,38212,37296,35516,32504,34924,39300,22266,19709,22002,28692,28292,62,33060
32428,32362,32600,61120,33693,36322,37608,37456,35300,32412,34584,39088,22450,20213,23492,27753,26148,63,32797
32940,33670,34904,57204,34184,36322,37608,37456,35300,32412,34584,39088,22450,20213,23492,27753,26148,63,32797
21925,32360,39590,53916,32036,36322,37608,37456,35300,32412,34584,39088,22450,20213,23492,27753,26148,63,32797
7618,32699,43610,51149,32120,36322,37608,37456,35300,32412,34584,39088,22450,20213,23492,27753,26148,63,32797
10256,32362,36815,48754,34621,36322,37608,37456,35300,32412,34584,39088,22450,20213,23492,27753,26148,63,32797
13324,33016,29149,46684,33246,36322,37608,37456,35300,32412,34584,39088,22450,20213,23492,27753,26148,63,32797
15966,33998,24892,44882,31160,36322,37608,37456,35300,32412,34584,39088,22450,20213,23492,27753,26148,63,32797
29449,33280,30770,43324,33769,36322,37608,37456,35300,32412,34584,39088,22450,20213,23492,27753,26148,63,32797
60538,32225,31480,20794,32248,36322,37608,37456,35300,32412,34584,39088,22450,20213,23492,27753,26148,63,32797
65512,32080,30359,15,30708,36322,37608,37456,35300,32412,34584,39088,22450,20213,23492,27753,26148,63,32797
65513,32425,29691,11,33894,36060,36764,37524,35188,32408,34224,38198,22688,21007,25418,26396,26556,62,34704
52645,32608,30521,11,34370,36060,36764,37524,35188,32408,34224,38198,22688,21007,25418,26396,26556,62,34704
46224,32903,32075,3013,33372,36060,36764,37524,35188,32408,34224,38198,22688,21007,25418,26396,26556,62,34704
41540,32794,32770,7141,31327,36060,36764,37524,35188,32408,34224,38198,22688,21007,25418,26396,26556,62,34704
37632,32855,32842,10640,33916,36060,36764,37524,35188,32408,34224,38198,22688,21007,25418,26396,26556,62,34704
34884,32856,32619,13607,34009,36060,36764,37524,35188,32408,34224,38198,22688,21007,25418,26396,26556,62,34704
33303,32731,33162,16146,31209,36060,36764,37524,35188,32408,34224,38198,22688,21007,25418,26396,26556,62,34704
32326,32623,32467,18377,34217,36060,36764,37524,35188,32408,34224,38198,22688,21007,25418,26396,26556,62,34704
31973,32628,32566,20295,34461,36060,36764,37524,35188,32408,34224,38198,22688,21007,25418,26396,26556,62,34704
31551,32694,35023,21933,31330,36060,36764,37524,35188,32408,34224,38198,22688,21007,25418,26396,26556,62,34704
31132,32921,35108,23361,31448,35920,35848,37512,34888,32240,34148,37948,22944,21827,26528,24428,27820,62,35116
30793,33230,33764,24593,33277,35920,35848,37512,34888,32240,34148,37948,22944,21827,26528,24428,27820,62,35116
30642,33095,32600,25664,32170,35920,35848,37512,34888,32240,34148,37948,22944,21827,26528,24428,27820,62,35116
30568,32952,31968,26589,31847,35920,35848,37512,34888,32240,34148,37948,22944,21827,26528,24428,27820,62,35116
30477,32891,32656,27381,34664,35920,35848,37512,34888,32240,34148,37948,22944,21827,26528,24428,27820,62,35116
30596,33006,32808,30417,32038,35920,35848,37512,34888,32240,34148,37948,22944,21827,26528,24428,27820,62,35116
30637,33120,32534,36773,32189,35920,35848,37512,34888,32240,34148,37948,22944,21827,26528,24428,27820,62,35116
30613,33240,32802,38681,33876,35920,35848,37512,34888,32240,34148,37948,22944,21827,26528,24428,27820,62,35116
30904,32775,32806,40018,32589,35920,35848,37512,34888,32240,34148,37948,22944,21827,26528,24428,27820,62,35116
31251,32457,32492,40892,32507,35920,35848,37512,34888,32240,34148,37948,22944,21827,26528,24428,27820,62,35116
30968,32386,32547,41106,33672,35952,34756,37232,34604,32128,33892,38066,23264,22724,26871,22272,26022,62,27233
30848,32226,32804,41417,31229,35952,34756,37232,34604,32128,33892,38066,23264,22724,26871,22272,26022,62,27233
30984,32007,32551,41602,33261,35952,34756,37232,34604,32128,33892,38066,23264,22724,26871,22272,26022,62,27233
30856,32068,32540,41478,32450,35952,34756,37232,34604,32128,33892,38066,23264,22724,26871,22272,26022,62,27233
30716,31815,32163,41403,30964,35952,34756,37232,34604,32128,33892,38066,23264,22724,26871,22272,26022,62,27233
30868,32026,32484,41067,33698,35952,34756,37232,34604,32128,33892,38066,23264,22724,26871,22272,26022,62,27233
31332,32374,33132,40528,33004,35952,34756,37232,34604,32128,33892,38066,23264,22724,26871,22272,26022,62,27233
31856,32416,32753,40050,31948,35952,34756,37232,34604,32128,33892,38066,23264,22724,26871,22272,26022,62,27233
32068,33251,31698,39800,34581,35952,34756,37232,34604,32128,33892,38066,23264,22724,26871,22272,26022,62,27233
32292,33754,31928,39267,33667,35952,34756,37232,34604,32128,33892,38066,23264,22724,26871,22272,26022,62,27233
31844,33659,31649,38768,32400,35844,34030,36898,34264,32260,34000,38806,23648,23117,29197,23706,26582,61,27474
31712,33224,31655,38348,34112,35844,34030,36898,34264,32260,34000,38806,23648,23117,29197,23706,26582,61,27474
31612,33235,32788,38104,32399,35844,34030,36898,34264,32260,34000,38806,23648,23117,29197,23706,26582,61,27474
31916,33636,32340,37601,31012,35844,34030,36898,34264,32260,34000,38806,23648,23117,29197,23706,26582,61,27474
32580,33977,32464,36908,33987,35844,34030,36898,34264,32260,34000,38806,23648,23117,29197,23706,26582,61,27474
32831,33636,33712,36588,31694,35844,34030,36898,34264,32260,34000,38806,23648,23117,29197,23706,26582,61,27474
33036,32483,32996,36043,33332,35844,34030,36898,34264,32260,34000,38806,23648,23117,29197,23706,26582,61,27474
20086,22700,45634,56544,31282,35844,34030,36898,34264,32260,34000,38806,23648,23117,29197,23706,26582,61,27474
6598,13989,57024,62350,31230,35844,34030,36898,34264,32260,34000,38806,23648,23117,29197,23706,26582,61,27474
9438,19256,51742,59129,33982,35844,34030,36898,34264,32260,34000,38806,23648,23117,29197,23706,26582,61,27474
12632,24092,44160,55664,32128,35252,33530,37004,33914,32212,34052,39212,24032,22809,31093,27585,27010,62,27080
15396,27793,39460,52712,32704,35252,33530,37004,33914,32212,34052,39212,24032,22809,31093,27585,27010,62,27080
17752,30484,35704,50049,35128,35252,33530,37004,33914,32212,34052,39212,24032,22809,31093,27585,27010,62,27080
19759,32225,33069,47798,33255,35252,33530,37004,33914,32212,34052,39212,24032,22809,31093,27585,27010,62,27080
30016,33962,31093,45916,32393,35252,33530,37004,33914,32212,34052,39212,24032,22809,31093,27585,27010,62,27080
33733,34907,29795,44162,34453,35252,33530,37004,33914,32212,34052,39212,24032,22809,31093,27585,27010,62,27080
36208,35588,28940,42704,33298,35252,33530,37004,33914,32212,34052,39212,24032,22809,31093,27585,27010,62,27080
37924,35884,28394,41449,31513,35252,33530,37004,33914,32212,34052,39212,24032,22809,31093,27585,27010,62,27080
39035,36241,28132,40317,33808,35252,33530,37004,33914,32212,34052,39212,24032,22809,31093,27585,27010,62,27080
39662,36255,28013,39405,32288,35252,33530,37004,33914,32212,34052,39212,24032,22809,31093,27585,27010,62,27080
40004,36174,28050,38558,30672,35128,33140,37076,33632,32044,34164,39706,24476,22868,32913,25612,29480,62,27424
40080,36106,28206,37828,33794,35128,33140,37076,33632,32044,34164,39706,24476,22868,32913,25612,29480,62,27424
39948,36012,28384,36010,32331,35128,33140,37076,33632,32044,34164,39706,24476,22868,32913,25612,29480,62,27424
39732,35804,28662,11590,32092,35128,33140,37076,33632,32044,34164,39706,24476,22868,32913,25612,29480,62,27424
39368,35506,28894,10293,34297,35128,33140,37076,33632,32044,34164,39706,24476,22868,32913,25612,29480,62,27424
38992,35292,29184,18314,32784,35128,33140,37076,33632,32044,34164,39706,24476,22868,32913,25612,29480,62,27424
38596,35194,29486,35404,31694,35128,33140,37076,33632,32044,34164,39706,24476,22868,32913,25612,29480,62,27424
38172,34980,29800,42370,32050,35128,33140,37076,33632,32044,34164,39706,24476,22868,32913,25612,29480,62,27424
37744,34644,30068,43472,34037,35128,33140,37076,33632,32044,34164,39706,24476,22868,32913,25612,29480,62,27424
37322,34559,30273,42260,31616,35128,33140,37076,33632,32044,34164,39706,24476,22868,32913,25612,29480,62,27424
36922,34432,30504,32633,31200,34194,33004,37424,33360,32184,34392,39878,24856,23553,34605,24084,33064,63,31532
36531,34241,30804,28970,33565,34194,33004,37424,33360,32184,34392,39878,24856,23553,34605,24084,33064,63,31532
36154,33978,31001,36092,31808,34194,33004,37424,33360,32184,34392,39878,24856,23553,34605,24084,33064,63,31532
35864,33987,31210,40896,31672,34194,33004,37424,33360,32184,34392,39878,24856,23553,34605,24084,33064,63,31532
35516,33799,31378,40258,34217,34194,33004,37424,33360,32184,34392,39878,24856,23553,34605,24084,33064,63,31532
35212,33591,31418,33802,32452,34194,33004,37424,33360,32184,34392,39878,24856,23553,34605,24084,33064,63,31532
34944,33522,31608,24952,32148,34194,33004,37424,33360,32184,34392,39878,24856,23553,34605,24084,33064,63,31532
34716,33577,31804,18081,34234,34194,33004,37424,33360,32184,34392,39878,24856,23553,34605,24084,33064,63,31532
34496,33411,31913,16200,32664,34194,33004,37424,33360,32184,34392,39878,24856,23553,34605,24084,33064,63,31532
34304,33227,32036,23702,31916,34194,33004,37424,33360,32184,34392,39878,24856,23553,34605,24084,33064,63,31532
34081,33329,32057,25089,33916,33688,32708,37204,33136,31954,34576,39848,25331,22982,36180,27616,31437,62,30256
33968,33247,32083,31016,32466,33688,32708,37204,33136,31954,34576,39848,25331,22982,36180,27616,31437,62,30256
33826,33092,32208,23728,31796,33688,32708,37204,33136,31954,34576,39848,25331,22982,36180,27616,31437,62,30256
33671,33090,32320,8449,33332,33688,32708,37204,33136,31954,34576,39848,25331,22982,36180,27616,31437,62,30256
33577,33120,32367,7688,33230,33688,32708,37204,33136,31954,34576,39848,25331,22982,36180,27616,31437,62,30256
33492,33082,32448,14855,32632,33688,32708,37204,33136,31954,34576,39848,25331,22982,36180,27616,31437,62,30256
33374,32922,32431,27027,34094,33688,32708,37204,33136,31954,34576,39848,25331,22982,36180,27616,31437,62,30256
33316,32920,32509,33016,34149,33688,32708,37204,33136,31954,34576,39848,25331,22982,36180,27616,31437,62,30256
33247,32999,32566,22530,32356,33688,32708,37204,33136,31954,34576,39848,25331,22982,36180,27616,31437,62,30256
33188,32976,32459,5091,33368,33688,32708,37204,33136,31954,34576,39848,25331,22982,36180,27616,31437,62,30256
49405,32896,32608,7092,33480,32772,32846,36674,32976,31708,34593,39568,25849,24600,43834,20313,32140,63,32993
50914,32868,32623,10438,33506,32772,32846,36674,32976,31708,34593,39568,25849,24600,43834,20313,32140,63,32993
55506,40560,7052,13496,34828,32772,32846,36674,32976,31708,34593,39568,25849,24600,43834,20313,32140,63,32993
53124,38154,8760,16152,33728,32772,32846,36674,32976,31708,34593,39568,25849,24600,43834,20313,32140,63,32993
50488,36553,17121,18276,31695,32772,32846,36674,32976,31708,34593,39568,25849,24600,43834,20313,32140,63,32993
48134,35697,25195,20154,33334,32772,32846,36674,32976,31708,34593,39568,25849,24600,43834,20313,32140,63,32993
40713,34676,30232,21818,35997,32772,32846,36674,32976,31708,34593,39568,25849,24600,43834,20313,32140,63,32993
34249,32850,32530,23236,32636,32772,32846,36674,32976,31708,34593,39568,25849,24600,43834,20313,32140,63,32993
31862,30832,33787,24475,32807,32772,32846,36674,32976,31708,34593,39568,25849,24600,43834,20313,32140,63,32993
30164,30828,34770,25580,34882,32772,32846,36674,32976,31708,34593,39568,25849,24600,43834,20313,32140,63,32993
28804,32576,35956,26458,32472,32392,33194,36144,32896,31584,34948,39324,26260,25662,46904,18484,32888,63,31640
27861,34061,36518,27314,32620,32392,33194,36144,32896,31584,34948,39324,26260,25662,46904,18484,32888,63,31640
27114,36261,36188,28016,34834,32392,33194,36144,32896,31584,34948,39324,26260,25662,46904,18484,32888,63,31640
26674,35903,35641,28624,33001,32392,33194,36144,32896,31584,34948,39324,26260,25662,46904,18484,32888,63,31640
26408,35228,35983,29167,31890,32392,33194,36144,32896,31584,34948,39324,26260,25662,46904,18484,32888,63,31640
26484,35158,36788,29626,33278,32392,33194,36144,32896,31584,34948,39324,26260,25662,46904,18484,32888,63,31640
26732,34298,37628,30156,30478,32392,33194,36144,32896,31584,34948,39324,26260,25662,46904,18484,32888,63,31640
26796,31589,37556,37540,32272,32392,33194,36144,32896,31584,34948,39324,26260,25662,46904,18484,32888,63,31640
27116,30393,36487,39476,31720,32392,33194,36144,32896,31584,34948,39324,26260,25662,46904,18484,32888,63,31640
27780,29720,36591,40568,31868,32392,33194,36144,32896,31584,34948,39324,26260,25662,46904,18484,32888,63,31640
27963,29370,35814,41160,34904,32208,33994,35272,32930,31668,35464,38558,26874,26040,50189,17654,35584,63,30602
28082,29590,35660,40855,35847,32208,33994,35272,32930,31668,35464,38558,26874,26040,50189,17654,35584,63,30602
28444,30592,35459,40950,36828,32208,33994,35272,32930,31668,35464,38558,26874,26040,50189,17654,35584,63,30602
28118,33184,34697,41070,35399,32208,33994,35272,32930,31668,35464,38558,26874,26040,50189,17654,35584,63,30602
28229,34586,34196,43732,36188,32208,33994,35272,32930,31668,35464,38558,26874,26040,50189,17654,35584,63,30602
2818,31120,58496,65504,38996,32208,33994,35272,32930,31668,35464,38558,26874,26040,50189,17654,35584,63,30602
4502,30650,59450,65520,37528,32208,33994,35272,32930,31668,35464,38558,26874,26040,50189,17654,35584,63,30602
8397,34985,43622,65515,36200,32208,33994,35272,32930,31668,35464,38558,26874,26040,50189,17654,35584,63,30602
11781,33140,30644,62240,32670,32208,33994,35272,32930,31668,35464,38558,26874,26040,50189,17654,35584,63,30602
39160,32724,7632,58096,31706,32208,33994,35272,32930,31668,35464,38558,26874,26040,50189,17654,35584,63,30602
65500,32024,22724,6308,26738,32098,34264,34536,32888,31784,35952,37244,27445,27028,48276,19412,33317,64,33432
65518,30960,26696,1927,22480,32098,34264,34536,32888,31784,35952,37244,27445,27028,48276,19412,33317,64,33432
52520,29167,29128,5897,20524,32098,34264,34536,32888,31784,35952,37244,27445,27028,48276,19412,33317,64,33432
47384,29016,31214,9626,21530,32098,34264,34536,32888,31784,35952,37244,27445,27028,48276,19412,33317,64,33432
44036,29992,31384,12809,22712,32098,34264,34536,32888,31784,35952,37244,27445,27028,48276,19412,33317,64,33432
40772,30903,32608,15429,24007,32098,34264,34536,32888,31784,35952,37244,27445,27028,48276,19412,33317,64,33432
38392,32023,35584,17764,32340,32098,34264,34536,32888,31784,35952,37244,27445,27028,48276,19412,33317,64,33432
35504,33748,37191,19806,35671,32098,34264,34536,32888,31784,35952,37244,27445,27028,48276,19412,33317,64,33432
32248,34079,36180,21521,39042,32098,34264,34536,32888,31784,35952,37244,27445,27028,48276,19412,33317,64,33432
29689,33280,35248,23012,36167,32098,34264,34536,32888,31784,35952,37244,27445,27028,48276,19412,33317,64,33432
27901,32223,34254,24356,37553,32197,34776,33540,33026,32230,35776,36028,27980,28632,48548,20140,35364,1980,30748
141,17734,53956,65480,37253,32197,34776,33540,33026,32230,35776,36028,27980,28632,48548,20140,35364,1980,30748
2199,20052,50626,65512,31238,32197,34776,33540,33026,32230,35776,36028,27980,28632,48548,20140,35364,1980,30748
6570,24189,44560,65530,30059,32197,34776,33540,33026,32230,35776,36028,27980,28632,48548,20140,35364,1980,30748
10282,27354,39780,65532,31734,32197,34776,33540,33026,32230,35776,36028,27980,28632,48548,20140,35364,1980,30748
55200,29985,24828,60824,41940,32197,34776,33540,33026,32230,35776,36028,27980,28632,48548,20140,35364,1980,30748
61737,48146,5067,36392,48252,32197,34776,33540,33026,32230,35776,36028,27980,28632,48548,20140,35364,1980,30748
52424,46768,10555,1960,45146,32197,34776,33540,33026,32230,35776,36028,27980,28632,48548,20140,35364,1980,30748
41819,42228,19538,4431,39608,32197,34776,33540,33026,32230,35776,36028,27980,28632,48548,20140,35364,1980,30748
37458,40151,24548,8265,34032,32197,34776,33540,33026,32230,35776,36028,27980,28632,48548,20140,35364,1980,30748
35079,38265,27559,11617,29415,32388,35664,32000,33052,32786,35324,34948,28472,31050,48289,15709,32289,7612,28380
33699,36857,28638,14522,23429,32388,35664,32000,33052,32786,35324,34948,28472,31050,48289,15709,32289,7612,28380
32704,35716,28032,16916,25090,32388,35664,32000,33052,32786,35324,34948,28472,31050,48289,15709,32289,7612,28380
31672,35408,26548,19110,27011,32388,35664,32000,33052,32786,35324,34948,28472,31050,48289,15709,32289,7612,28380
30530,35626,27025,20937,24014,32388,35664,32000,33052,32786,35324,34948,28472,31050,48289,15709,32289,7612,28380
30660,34604,28585,22511,30696,32388,35664,32000,33052,32786,35324,34948,28472,31050,48289,15709,32289,7612,28380
30984,33572,30192,23894,36253,32388,35664,32000,33052,32786,35324,34948,28472,31050,48289,15709,32289,7612,28380
31588,32788,33076,30528,30623,32388,35664,32000,33052,32786,35324,34948,28472,31050,48289,15709,32289,7612,28380
31952,31796,34645,34480,35974,32388,35664,32000,33052,32786,35324,34948,28472,31050,48289,15709,32289,7612,28380
30473,30911,34416,36592,36326,32388,35664,32000,33052,32786,35324,34948,28472,31050,48289,15709,32289,7612,28380
28773,29679,35052,37860,39005,32304,36228,30280,33060,32952,34498,35784,28837,33764,46925,6952,28597,13326,25635
29056,29686,36041,38728,35495,32304,36228,30280,33060,32952,34498,35784,28837,33764,46925,6952,28597,13326,25635
30274,30290,35840,54590,26106,32304,36228,30280,33060,32952,34498,35784,28837,33764,46925,6952,28597,13326,25635
7138,24234,60024,65497,23137,32304,36228,30280,33060,32952,34498,35784,28837,33764,46925,6952,28597,13326,25635
8977,14692,60516,65512,30306,32304,36228,30280,33060,32952,34498,35784,28837,33764,46925,6952,28597,13326,25635
12194,19309,56775,65520,30404,32304,36228,30280,33060,32952,34498,35784,28837,33764,46925,6952,28597,13326,25635
15010,23861,47816,61595,32481,32304,36228,30280,33060,32952,34498,35784,28837,33764,46925,6952,28597,13326,25635
23585,27326,41159,57557,32994,32304,36228,30280,33060,32952,34498,35784,28837,33764,46925,6952,28597,13326,25635
29728,29964,36996,54240,31415,32304,36228,30280,33060,32952,34498,35784,28837,33764,46925,6952,28597,13326,25635
32993,31857,33864,51432,35075,32304,36228,30280,33060,32952,34498,35784,28837,33764,46925,6952,28597,13326,25635
35325,33106,31745,48996,35662,32333,36734,28457,32924,33088,32948,35920,29212,34652,37476,8023,27638,19469,25374
36878,34068,30168,46920,35988,32333,36734,28457,32924,33088,32948,35920,29212,34652,37476,8023,27638,19469,25374
37969,34849,29170,45088,30888,32333,36734,28457,32924,33088,32948,35920,29212,34652,37476,8023,27638,19469,25374
38593,35256,28519,43554,28122,32333,36734,28457,32924,33088,32948,35920,29212,34652,37476,8023,27638,19469,25374
38886,35506,28188,42160,25568,32333,36734,28457,32924,33088,32948,35920,29212,34652,37476,8023,27638,19469,25374
39014,35563,28025,41004,22759,32333,36734,28457,32924,33088,32948,35920,29212,34652,37476,8023,27638,19469,25374
38944,35521,27996,39912,27581,32333,36734,28457,32924,33088,32948,35920,29212,34652,37476,8023,27638,19469,25374
38749,35428,28112,34692,29838,32333,36734,28457,32924,33088,32948,35920,29212,34652,37476,8023,27638,19469,25374
38472,35417,28311,28818,33280,32333,36734,28457,32924,33088,32948,35920,29212,34652,37476,8023,27638,19469,25374
38154,35298,28565,26530,36895,32333,36734,28457,32924,33088,32948,35920,29212,34652,37476,8023,27638,19469,25374
37818,35170,28789,25122,37333,32196,36424,26856,32764,33082,31571,35418,29522,33916,30684,12517,29313,26581,29192
37432,35780,29074,24194,38144,32196,36424,26856,32764,33082,31571,35418,29522,33916,30684,12517,29313,26581,29192
37064,55202,6710,23753,38316,32196,36424,26856,32764,33082,31571,35418,29522,33916,30684,12517,29313,26581,29192
36701,40017,28267,23570,35908,32196,36424,26856,32764,33082,31571,35418,29522,33916,30684,12517,29313,26581,29192
36352,40136,28950,23653,35335,32196,36424,26856,32764,33082,31571,35418,29522,33916,30684,12517,29313,26581,29192
36016,30888,36016,23888,61728,32196,36424,26856,32764,33082,31571,35418,29522,33916,30684,12517,29313,26581,29192
35716,24188,37314,24216,61977,32196,36424,26856,32764,33082,31571,35418,29522,33916,30684,12517,29313,26581,29192
35406,27069,35896,24676,61508,32196,36424,26856,32764,33082,31571,35418,29522,33916,30684,12517,29313,26581,29192
35148,27353,34814,25095,2386,32196,36424,26856,32764,33082,31571,35418,29522,33916,30684,12517,29313,26581,29192
34869,29006,33868,25622,61353,32196,36424,26856,32764,33082,31571,35418,29522,33916,30684,12517,29313,26581,29192
34658,30317,33106,26130,38774,31836,35244,26714,32580,32596,31120,35762,29757,36383,22676,14892,25777,31453,26272
34407,31323,32775,26665,2417,31836,35244,26714,32580,32596,31120,35762,29757,36383,22676,14892,25777,31453,26272
34264,32032,32387,27174,20668,31836,35244,26714,32580,32596,31120,35762,29757,36383,22676,14892,25777,31453,26272
34031,32450,32228,27643,6151,31836,35244,26714,32580,32596,31120,35762,29757,36383,22676,14892,25777,31453,26272
33951,32899,31959,28102,9506,31836,35244,26714,32580,32596,31120,35762,29757,36383,22676,14892,25777,31453,26272
33815,33253,31876,28501,19528,31836,35244,26714,32580,32596,31120,35762,29757,36383,22676,14892,25777,31453,26272
33652,33416,31931,28923,65520,31836,35244,26714,32580,32596,31120,35762,29757,36383,22676,14892,25777,31453,26272
33545,33394,31904,29310,64007,31836,35244,26714,32580,32596,31120,35762,29757,36383,22676,14892,25777,31453,26272
33470,33415,31913,29625,59450,31836,35244,26714,32580,32596,31120,35762,29757,36383,22676,14892,25777,31453,26272
33389,33662,31894,29993,49108,31836,35244,26714,32580,32596,31120,35762,29757,36383,22676,14892,25777,31453,26272
33281,33590,31945,30264,23158,32004,32808,27873,32484,32036,31240,35808,29904,37652,23892,26874,24608,37101,31649
33248,33431,31990,30528,28088,32004,32808,27873,32484,32036,31240,35808,29904,37652,23892,26874,24608,37101,31649
33149,39252,29824,30792,12,32004,32808,27873,32484,32036,31240,35808,29904,37652,23892,26874,24608,37101,31649
33150,55360,9129,18932,3865,32004,32808,27873,32484,32036,31240,35808,29904,37652,23892,26874,24608,37101,31649
36361,46460,19436,15165,8063,32004,32808,27873,32484,32036,31240,35808,29904,37652,23892,26874,24608,37101,31649
57612,42482,24413,6255,11566,32004,32808,27873,32484,32036,31240,35808,29904,37652,23892,26874,24608,37101,31649
56398,38165,29540,9162,14468,32004,32808,27873,32484,32036,31240,35808,29904,37652,23892,26874,24608,37101,31649
53382,33967,32612,12298,18692,32004,32808,27873,32484,32036,31240,35808,29904,37652,23892,26874,24608,37101,31649
50644,32620,34181,15012,46565,32004,32808,27873,32484,32036,31240,35808,29904,37652,23892,26874,24608,37101,31649
37415,31456,34752,17388,62862,32004,32808,27873,32484,32036,31240,35808,29904,37652,23892,26874,24608,37101,31649
32805,29977,33964,19358,63360,32692,30456,31698,32416,31200,31202,35040,30084,35972,26994,35852,27952,43448,32864
31346,29504,33884,21156,65527,32692,30456,31698,32416,31200,31202,35040,30084,35972,26994,35852,27952,43448,32864
30318,28833,34608,22707,47176,32692,30456,31698,32416,31200,31202,35040,30084,35972,26994,35852,27952,43448,32864
26190,29416,35576,60080,46888,32692,30456,31698,32416,31200,31202,35040,30084,35972,26994,35852,27952,43448,32864
28644,29804,35852,65508,41117,32692,30456,31698,32416,31200,31202,35040,30084,35972,26994,35852,27952,43448,32864
27492,33176,34320,22378,13398,32692,30456,31698,32416,31200,31202,35040,30084,35972,26994,35852,27952,43448,32864
27172,31600,33432,16686,4604,32692,30456,31698,32416,31200,31202,35040,30084,35972,26994,35852,27952,43448,32864
27588,28371,32304,18530,9277,32692,30456,31698,32416,31200,31202,35040,30084,35972,26994,35852,27952,43448,32864
28212,28279,32177,20436,11683,32692,30456,31698,32416,31200,31202,35040,30084,35972,26994,35852,27952,43448,32864
28775,30080,32300,22194,13218,32692,30456,31698,32416,31200,31202,35040,30084,35972,26994,35852,27952,43448,32864
29432,31744,32260,23584,22940,32331,29172,34429,32254,30760,31864,33633,30172,36129,43196,39821,24620,52407,33176
29418,32214,33351,24844,36402,32331,29172,34429,32254,30760,31864,33633,30172,36129,43196,39821,24620,52407,33176
8961,19160,48280,54828,45628,32331,29172,34429,32254,30760,31864,33633,30172,36129,43196,39821,24620,52407,33176
1196,13222,54702,65504,48160,32331,29172,34429,32254,30760,31864,33633,30172,36129,43196,39821,24620,52407,33176
5180,18556,48882,65520,43878,32331,29172,34429,32254,30760,31864,33633,30172,36129,43196,39821,24620,52407,33176
12709,23352,43608,65504,47880,32331,29172,34429,32254,30760,31864,33633,30172,36129,43196,39821,24620,52407,33176
57272,26977,39570,63524,44962,32331,29172,34429,32254,30760,31864,33633,30172,36129,43196,39821,24620,52407,33176
63152,47452,18482,42404,41258,32331,29172,34429,32254,30760,31864,33633,30172,36129,43196,39821,24620,52407,33176
50176,47288,16573,4895,40476,32331,29172,34429,32254,30760,31864,33633,30172,36129,43196,39821,24620,52407,33176
44196,40386,22496,5677,39303,32331,29172,34429,32254,30760,31864,33633,30172,36129,43196,39821,24620,52407,33176
40432,38275,24772,9277,38880,32184,36172,34008,32062,35092,34396,20375,30096,31760,49499,44521,25344,59456,49305
37884,36844,26670,14276,41880,32184,36172,34008,32062,35092,34396,20375,30096,31760,49499,44521,25344,59456,49305
34837,35016,28424,16584,39020,32184,36172,34008,32062,35092,34396,20375,30096,31760,49499,44521,25344,59456,49305
32272,33927,29869,16581,38933,32184,36172,34008,32062,35092,34396,20375,30096,31760,49499,44521,25344,59456,49305
31128,35878,30736,18610,32610,32184,36172,34008,32062,35092,34396,20375,30096,31760,49499,44521,25344,59456,49305
31269,35362,31888,20525,34288,32184,36172,34008,32062,35092,34396,20375,30096,31760,49499,44521,25344,59456,49305
30974,33757,32843,22138,29062,32184,36172,34008,32062,35092,34396,20375,30096,31760,49499,44521,25344,59456,49305
30618,32459,33532,23588,38216,32184,36172,34008,32062,35092,34396,20375,30096,31760,49499,44521,25344,59456,49305
30540,31542,33600,24773,25624,32184,36172,34008,32062,35092,34396,20375,30096,31760,49499,44521,25344,59456,49305
30940,31763,33582,25869,13484,32184,36172,34008,32062,35092,34396,20375,30096,31760,49499,44521,25344,59456,49305
31526,30793,33263,28964,31420,31024,54476,21228,31896,30945,53872,26538,29880,22700,304,23917,8244,65408,28292
31320,29884,33449,35685,31953,31024,54476,21228,31896,30945,53872,26538,29880,22700,304,23917,8244,65408,28292
31448,33216,33878,42096,34272,31024,54476,21228,31896,30945,53872,26538,29880,22700,304,23917,8244,65408,28292
31884,33444,33440,51816,29109,31024,54476,21228,31896,30945,53872,26538,29880,22700,304,23917,8244,65408,28292
32786,33476,33138,65510,31698,31024,54476,21228,31896,30945,53872,26538,29880,22700,304,23917,8244,65408,28292
33320,32176,34062,24030,34212,31024,54476,21228,31896,30945,53872,26538,29880,22700,304,23917,8244,65408,28292
32620,30824,35173,32579,35911,31024,54476,21228,31896,30945,53872,26538,29880,22700,304,23917,8244,65408,28292
31136,32115,34438,34026,42369,31024,54476,21228,31896,30945,53872,26538,29880,22700,304,23917,8244,65408,28292
30184,33418,34557,35055,38858,31024,54476,21228,31896,30945,53872,26538,29880,22700,304,23917,8244,65408,28292
30068,33389,33621,36623,35247,31024,54476,21228,31896,30945,53872,26538,29880,22700,304,23917,8244,65408,28292
30338,33446,31831,35954,31049,25208,54796,23576,31880,38306,42724,36284,29464,2378,65488,44820,50368,25466,62
30812,34468,31220,37740,32719,25208,54796,23576,31880,38306,42724,36284,29464,2378,65488,44820,50368,25466,62
31655,33983,32314,38882,29877,25208,54796,23576,31880,38306,42724,36284,29464,2378,65488,44820,50368,25466,62
33100,33338,33115,39082,31140,25208,54796,23576,31880,38306,42724,36284,29464,2378,65488,44820,50368,25466,62
34112,32493,34542,38965,26693,25208,54796,23576,31880,38306,42724,36284,29464,2378,65488,44820,50368,25466,62
30993,30642,34898,36870,27545,25208,54796,23576,31880,38306,42724,36284,29464,2378,65488,44820,50368,25466,62
27846,28828,34108,36698,28612,25208,54796,23576,31880,38306,42724,36284,29464,2378,65488,44820,50368,25466,62
26388,30144,34867,37523,27236,25208,54796,23576,31880,38306,42724,36284,29464,2378,65488,44820,50368,25466,62
27150,30397,34852,37253,28637,25208,54796,23576,31880,38306,42724,36284,29464,2378,65488,44820,50368,25466,62
28364,30193,34772,36245,25223,25208,54796,23576,31880,38306,42724,36284,29464,2378,65488,44820,50368,25466,62
29808,31165,35321,34378,31749,38936,46012,33604,32346,39560,28152,37256,29114,50096,32744,95,32154,61424,63
30970,33120,35834,34278,34625,38936,46012,33604,32346,39560,28152,37256,29114,50096,32744,95,32154,61424,63
31484,33618,36022,34485,28409,38936,46012,33604,32346,39560,28152,37256,29114,50096,32744,95,32154,61424,63
31365,31559,36253,35248,34244,38936,46012,33604,32346,39560,28152,37256,29114,50096,32744,95,32154,61424,63
31272,30916,36174,37048,30948,38936,46012,33604,32346,39560,28152,37256,29114,50096,32744,95,32154,61424,63
31222,33636,35270,38971,38002,38936,46012,33604,32346,39560,28152,37256,29114,50096,32744,95,32154,61424,63
31728,34405,33559,39572,33080,38936,46012,33604,32346,39560,28152,37256,29114,50096,32744,95,32154,61424,63
32464,33449,32051,36280,37911,38936,46012,33604,32346,39560,28152,37256,29114,50096,32744,95,32154,61424,63
29816,29004,34882,49712,45336,38936,46012,33604,32346,39560,28152,37256,29114,50096,32744,95,32154,61424,63
8454,16081,52908,60060,39008,38936,46012,33604,32346,39560,28152,37256,29114,50096,32744,95,32154,61424,63
10526,20210,47881,57712,35314,38880,37668,30617,32334,37368,32194,35506,28802,49596,102,97,29198,64349,65
13504,24717,42365,54468,31860,38880,37668,30617,32334,37368,32194,35506,28802,49596,102,97,29198,64349,65
16124,27987,37974,51625,26036,38880,37668,30617,32334,37368,32194,35506,28802,49596,102,97,29198,64349,65
18370,30684,35074,49176,28807,38880,37668,30617,32334,37368,32194,35506,28802,49596,102,97,29198,64349,65
23240,32452,32744,47026,33162,38880,37668,30617,32334,37368,32194,35506,28802,49596,102,97,29198,64349,65
40058,33768,31008,45240,33628,38880,37668,30617,32334,37368,32194,35506,28802,49596,102,97,29198,64349,65
62436,34580,29964,43589,36074,38880,37668,30617,32334,37368,32194,35506,28802,49596,102,97,29198,64349,65
65508,35728,21520,19017,36896,38880,37668,30617,32334,37368,32194,35506,28802,49596,102,97,29198,64349,65
65512,58476,18,23,29754,38880,37668,30617,32334,37368,32194,35506,28802,49596,102,97,29198,64349,65
56258,45780,8036,11,28296,38880,37668,30617,32334,37368,32194,35506,28802,49596,102,97,29198,64349,65
39384,27858,41252,34096,34120,43268,23212,38186,31874,32712,34856,40464,28300,33748,250,105,17260,65420,58556
21646,26242,45380,53280,41094,43268,23212,38186,31874,32712,34856,40464,28300,33748,250,105,17260,65420,58556
6868,28348,41912,52588,39888,43268,23212,38186,31874,32712,34856,40464,28300,33748,250,105,17260,65420,58556
6881,30296,38642,50144,34788,43268,23212,38186,31874,32712,34856,40464,28300,33748,250,105,17260,65420,58556
14693,31524,36155,47800,33353,43268,23212,38186,31874,32712,34856,40464,28300,33748,250,105,17260,65420,58556
23248,32314,34440,45780,24768,43268,23212,38186,31874,32712,34856,40464,28300,33748,250,105,17260,65420,58556
47516,33168,33130,27144,26616,43268,23212,38186,31874,32712,34856,40464,28300,33748,250,105,17260,65420,58556
57572,33587,32105,11572,30496,43268,23212,38186,31874,32712,34856,40464,28300,33748,250,105,17260,65420,58556
62452,33880,22916,2740,34532,43268,23212,38186,31874,32712,34856,40464,28300,33748,250,105,17260,65420,58556
55918,33992,21547,6698,35540,43268,23212,38186,31874,32712,34856,40464,28300,33748,250,105,17260,65420,58556
55308,42620,16422,3634,34816,40746,22869,42858,31620,28432,34760,41672,27960,37332,194,25357,26015,61856,45792
43296,52314,7622,2681,32998,40746,22869,42858,31620,28432,34760,41672,27960,37332,194,25357,26015,61856,45792
37909,37792,16322,6588,26755,40746,22869,42858,31620,28432,34760,41672,27960,37332,194,25357,26015,61856,45792
33840,36186,23944,10085,27705,40746,22869,42858,31620,28432,34760,41672,27960,37332,194,25357,26015,61856,45792
31532,36000,27574,13152,28536,40746,22869,42858,31620,28432,34760,41672,27960,37332,194,25357,26015,61856,45792
29568,35199,31197,15784,34551,40746,22869,42858,31620,28432,34760,41672,27960,37332,194,25357,26015,61856,45792
28320,35613,32349,17972,33350,40746,22869,42858,31620,28432,34760,41672,27960,37332,194,25357,26015,61856,45792
28069,35360,33029,19953,34203,40746,22869,42858,31620,28432,34760,41672,27960,37332,194,25357,26015,61856,45792
28968,35362,33996,21657,31004,40746,22869,42858,31620,28432,34760,41672,27960,37332,194,25357,26015,61856,45792
29438,33811,35426,23110,25972,40746,22869,42858,31620,28432,34760,41672,27960,37332,194,25357,26015,61856,45792
29076,31818,36473,24389,26028,33406,26624,43944,31736,29028,30970,40816,27632,38912,15613,52828,22208,62700,41719
30190,30667,36964,25466,30889,33406,26624,43944,31736,29028,30970,40816,27632,38912,15613,52828,22208,62700,41719
31438,30899,36674,26448,32064,33406,26624,43944,31736,29028,30970,40816,27632,38912,15613,52828,22208,62700,41719
32574,33847,35893,27257,32868,33406,26624,43944,31736,29028,30970,40816,27632,38912,15613,52828,22208,62700,41719
32736,35808,35140,37401,32768,33406,26624,43944,31736,29028,30970,40816,27632,38912,15613,52828,22208,62700,41719
32134,36192,34371,39640,34724,33406,26624,43944,31736,29028,30970,40816,27632,38912,15613,52828,22208,62700,41719
32352,33792,34900,41204,37588,33406,26624,43944,31736,29028,30970,40816,27632,38912,15613,52828,22208,62700,41719
31568,29440,36035,40137,34862,33406,26624,43944,31736,29028,30970,40816,27632,38912,15613,52828,22208,62700,41719
30261,29213,37202,40277,34706,33406,26624,43944,31736,29028,30970,40816,27632,38912,15613,52828,22208,62700,41719
30292,30298,38701,40169,32749,33406,26624,43944,31736,29028,30970,40816,27632,38912,15613,52828,22208,62700,41719
30540,30129,38226,37476,33314,29474,32064,37256,32034,29745,32440,39628,27436,14836,65480,65480,18761,65407,43304
30658,26830,36181,37059,36552,29474,32064,37256,32034,29745,32440,39628,27436,14836,65480,65480,18761,65407,43304
30544,27414,35200,38133,36752,29474,32064,37256,32034,29745,32440,39628,27436,14836,65480,65480,18761,65407,43304
30396,28720,34867,39599,38200,29474,32064,37256,32034,29745,32440,39628,27436,14836,65480,65480,18761,65407,43304
30362,29445,34731,40818,35655,29474,32064,37256,32034,29745,32440,39628,27436,14836,65480,65480,18761,65407,43304
30912,31309,34643,40581,31694,29474,32064,37256,32034,29745,32440,39628,27436,14836,65480,65480,18761,65407,43304
31350,30292,34631,41319,32378,29474,32064,37256,32034,29745,32440,39628,27436,14836,65480,65480,18761,65407,43304
30714,31744,33199,41062,31141,29474,32064,37256,32034,29745,32440,39628,27436,14836,65480,65480,18761,65407,43304
30725,34910,31684,42952,33127,29474,32064,37256,32034,29745,32440,39628,27436,14836,65480,65480,18761,65407,43304
31149,35896,31501,40515,35492,29474,32064,37256,32034,29745,32440,39628,27436,14836,65480,65480,18761,65407,43304
31564,35856,29852,40896,31103,28037,38432,37040,32506,29386,38456,35472,27328,16153,65484,65488,18251,65412,54812
31773,34411,29456,39347,32467,28037,38432,37040,32506,29386,38456,35472,27328,16153,65484,65488,18251,65412,54812
31465,34694,30324,34076,30186,28037,38432,37040,32506,29386,38456,35472,27328,16153,65484,65488,18251,65412,54812
31464,39842,31405,31712,32835,28037,38432,37040,32506,29386,38456,35472,27328,16153,65484,65488,18251,65412,54812
32134,37052,32363,34111,31796,28037,38432,37040,32506,29386,38456,35472,27328,16153,65484,65488,18251,65412,54812
32472,33056,33338,34804,31455,28037,38432,37040,32506,29386,38456,35472,27328,16153,65484,65488,18251,65412,54812
32997,31533,34196,35215,32911,28037,38432,37040,32506,29386,38456,35472,27328,16153,65484,65488,18251,65412,54812
13771,14510,54356,60444,33689,28037,38432,37040,32506,29386,38456,35472,27328,16153,65484,65488,18251,65412,54812
25141,14456,58656,61672,34572,28037,38432,37040,32506,29386,38456,35472,27328,16153,65484,65488,18251,65412,54812
39283,19811,53076,58184,35699,28037,38432,37040,32506,29386,38456,35472,27328,16153,65484,65488,18251,65412,54812
39900,24326,39370,54870,34901,27632,42876,42176,33080,27732,42348,34348,27104,21286,55050,65488,28348,59417,29096
41520,28384,32056,51922,31868,27632,42876,42176,33080,27732,42348,34348,27104,21286,55050,65488,28348,59417,29096
36848,58984,1223,17128,33325,27632,42876,42176,33080,27732,42348,34348,27104,21286,55050,65488,28348,59417,29096
34388,43288,17503,18,30696,27632,42876,42176,33080,27732,42348,34348,27104,21286,55050,65488,28348,59417,29096
33178,38348,22170,9,30980,27632,42876,42176,33080,27732,42348,34348,27104,21286,55050,65488,28348,59417,29096
32596,35072,25074,3982,30508,27632,42876,42176,33080,27732,42348,34348,27104,21286,55050,65488,28348,59417,29096
32744,34557,27500,8046,29607,27632,42876,42176,33080,27732,42348,34348,27104,21286,55050,65488,28348,59417,29096
33173,36760,30112,34484,29698,27632,42876,42176,33080,27732,42348,34348,27104,21286,55050,65488,28348,59417,29096
32996,28786,37572,64100,27896,27632,42876,42176,33080,27732,42348,34348,27104,21286,55050,65488,28348,59417,29096
27184,22088,50940,63312,29712,27632,42876,42176,33080,27732,42348,34348,27104,21286,55050,65488,28348,59417,29096
45480,34557,19558,59232,31193,32352,39476,39819,33358,28681,37738,38130,26924,21716,28768,41328,32156,44700,67
35810,31972,30774,55608,34868,32352,39476,39819,33358,28681,37738,38130,26924,21716,28768,41328,32156,44700,67
15416,24636,50694,52608,30960,32352,39476,39819,33358,28681,37738,38130,26924,21716,28768,41328,32156,44700,67
37284,24029,47001,50048,33258,32352,39476,39819,33358,28681,37738,38130,26924,21716,28768,41328,32156,44700,67
40328,30708,33888,47780,41653,32352,39476,39819,33358,28681,37738,38130,26924,21716,28768,41328,32156,44700,67
35688,33167,29916,45890,30544,32352,39476,39819,33358,28681,37738,38130,26924,21716,28768,41328,32156,44700,67
34812,50216,12218,24464,34248,32352,39476,39819,33358,28681,37738,38130,26924,21716,28768,41328,32156,44700,67
34015,40136,22437,138,35768,32352,39476,39819,33358,28681,37738,38130,26924,21716,28768,41328,32156,44700,67
33604,39296,27516,15,32318,32352,39476,39819,33358,28681,37738,38130,26924,21716,28768,41328,32156,44700,67
33090,36408,30239,11,37052,32352,39476,39819,33358,28681,37738,38130,26924,21716,28768,41328,32156,44700,67
31590,34607,31430,2585,28436,32652,41010,36629,33336,33044,34810,40176,26889,39717,40080,101,29966,40465,3839
29252,35039,31874,6849,33044,32652,41010,36629,33336,33044,34810,40176,26889,39717,40080,101,29966,40465,3839
29036,34524,32494,10402,32250,32652,41010,36629,33336,33044,34810,40176,26889,39717,40080,101,29966,40465,3839
30507,32792,33870,13440,34226,32652,41010,36629,33336,33044,34810,40176,26889,39717,40080,101,29966,40465,3839
31632,32750,35504,15973,33753,32652,41010,36629,33336,33044,34810,40176,26889,39717,40080,101,29966,40465,3839
32445,33488,35776,18237,32754,32652,41010,36629,33336,33044,34810,40176,26889,39717,40080,101,29966,40465,3839
33614,32367,34409,20108,33996,32652,41010,36629,33336,33044,34810,40176,26889,39717,40080,101,29966,40465,3839
34845,31088,34016,21836,33513,32652,41010,36629,33336,33044,34810,40176,26889,39717,40080,101,29966,40465,3839
35430,28499,33670,30141,32176,32652,41010,36629,33336,33044,34810,40176,26889,39717,40080,101,29966,40465,3839
35132,29619,33314,33146,33622,32652,41010,36629,33336,33044,34810,40176,26889,39717,40080,101,29966,40465,3839
35020,31527,33061,33856,28414,34856,38794,36604,33064,35364,36772,39896,26688,42261,31108,100,29392,43920,21432
35586,33252,33185,36573,33191,34856,38794,36604,33064,35364,36772,39896,26688,42261,31108,100,29392,43920,21432
35506,32898,33040,38944,34385,34856,38794,36604,33064,35364,36772,39896,26688,42261,31108,100,29392,43920,21432
7045,17838,55344,65488,32880,34856,38794,36604,33064,35364,36772,39896,26688,42261,31108,100,29392,43920,21432
5612,17955,57876,65520,31368,34856,38794,36604,33064,35364,36772,39896,26688,42261,31108,100,29392,43920,21432
9196,22609,49465,65516,34256,34856,38794,36604,33064,35364,36772,39896,26688,42261,31108,100,29392,43920,21432
12458,26372,43360,62668,33538,34856,38794,36604,33064,35364,36772,39896,26688,42261,31108,100,29392,43920,21432
25284,29079,38724,58520,31847,34856,38794,36604,33064,35364,36772,39896,26688,42261,31108,100,29392,43920,21432
37636,31188,35250,55015,32756,34856,38794,36604,33064,35364,36772,39896,26688,42261,31108,100,29392,43920,21432
37595,32713,32888,52069,32706,34856,38794,36604,33064,35364,36772,39896,26688,42261,31108,100,29392,43920,21432
25102,33701,31057,49545,33949,36636,38564,36030,32976,34456,38664,38390,26616,41000,31800,4179,30289,46304,30528
36630,34520,29803,47316,31982,36636,38564,36030,32976,34456,38664,38390,26616,41000,31800,4179,30289,46304,30528
61728,34848,24523,34180,32234,36636,38564,36030,32976,34456,38664,38390,26616,41000,31800,4179,30289,46304,30528
54776,35144,23655,26468,33040,36636,38564,36030,32976,34456,38664,38390,26616,41000,31800,4179,30289,46304,30528
62576,52376,1903,236,30122,36636,38564,36030,32976,34456,38664,38390,26616,41000,31800,4179,30289,46304,30528
49866,45625,8956,12,34458,36636,38564,36030,32976,34456,38664,38390,26616,41000,31800,4179,30289,46304,30528
36452,32196,32880,22168,35664,36636,38564,36030,32976,34456,38664,38390,26616,41000,31800,4179,30289,46304,30528
33085,27776,39216,47050,30559,36636,38564,36030,32976,34456,38664,38390,26616,41000,31800,4179,30289,46304,30528
38378,29361,32584,39618,32110,36636,38564,36030,32976,34456,38664,38390,26616,41000,31800,4179,30289,46304,30528
42400,38136,26676,30898,33888,36636,38564,36030,32976,34456,38664,38390,26616,41000,31800,4179,30289,46304,30528
34884,47284,17925,1710,32386,35485,37920,35782,32900,32840,37232,37272,26512,41777,32836,2162,29456,46724,26405
33263,41581,27339,3051,33898,35485,37920,35782,32900,32840,37232,37272,26512,41777,32836,2162,29456,46724,26405
13637,24706,49508,38120,33122,35485,37920,35782,32900,32840,37232,37272,26512,41777,32836,2162,29456,46724,26405
29116,22834,44880,60488,29910,35485,37920,35782,32900,32840,37232,37272,26512,41777,32836,2162,29456,46724,26405
27461,25526,42011,59152,35052,35485,37920,35782,32900,32840,37232,37272,26512,41777,32836,2162,29456,46724,26405
43788,43952,14362,25274,31016,35485,37920,35782,32900,32840,37232,37272,26512,41777,32836,2162,29456,46724,26405
32956,37696,22188,2364,31056,35485,37920,35782,32900,32840,37232,37272,26512,41777,32836,2162,29456,46724,26405
31584,37689,26421,4883,33120,35485,37920,35782,32900,32840,37232,37272,26512,41777,32836,2162,29456,46724,26405
30851,36705,28546,8618,36480,35485,37920,35782,32900,32840,37232,37272,26512,41777,32836,2162,29456,46724,26405
30190,34836,31247,11843,33533,35485,37920,35782,32900,32840,37232,37272,26512,41777,32836,2162,29456,46724,26405
29676,32181,31760,14640,32835,35802,36846,36588,32904,32232,37386,37293,26480,37618,31180,15805,32466,44676,20057
29458,30632,31714,17062,32452,35802,36846,36588,32904,32232,37386,37293,26480,37618,31180,15805,32466,44676,20057
29412,31069,32169,19161,31183,35802,36846,36588,32904,32232,37386,37293,26480,37618,31180,15805,32466,44676,20057
29422,33068,32750,20912,31614,35802,36846,36588,32904,32232,37386,37293,26480,37618,31180,15805,32466,44676,20057
29661,34285,33147,22531,34653,35802,36846,36588,32904,32232,37386,37293,26480,37618,31180,15805,32466,44676,20057
29972,35629,33831,23873,35194,35802,36846,36588,32904,32232,37386,37293,26480,37618,31180,15805,32466,44676,20057
30196,33637,34103,25038,32139,35802,36846,36588,32904,32232,37386,37293,26480,37618,31180,15805,32466,44676,20057
30561,32031,34497,35104,32180,35802,36846,36588,32904,32232,37386,37293,26480,37618,31180,15805,32466,44676,20057
30887,32120,36012,35191,30190,35802,36846,36588,32904,32232,37386,37293,26480,37618,31180,15805,32466,44676,20057
31308,33382,36928,37528,31049,35802,36846,36588,32904,32232,37386,37293,26480,37618,31180,15805,32466,44676,20057
31597,33624,35047,41376,33058,35812,35964,36112,32758,32512,36572,38355,26485,37160,38284,14954,32993,41172,20416
31826,32029,34409,42746,33527,35812,35964,36112,32758,32512,36572,38355,26485,37160,38284,14954,32993,41172,20416
32160,31142,34922,41215,34682,35812,35964,36112,32758,32512,36572,38355,26485,37160,38284,14954,32993,41172,20416
32438,33126,35831,39870,29906,35812,35964,36112,32758,32512,36572,38355,26485,37160,38284,14954,32993,41172,20416
32715,35419,34416,40184,31727,35812,35964,36112,32758,32512,36572,38355,26485,37160,38284,14954,32993,41172,20416
32900,35870,33575,40210,30700,35812,35964,36112,32758,32512,36572,38355,26485,37160,38284,14954,32993,41172,20416
33315,32420,33431,39729,32472,35812,35964,36112,32758,32512,36572,38355,26485,37160,38284,14954,32993,41172,20416
33765,31358,33087,38082,34598,35812,35964,36112,32758,32512,36572,38355,26485,37160,38284,14954,32993,41172,20416
34090,29760,33004,37972,31970,35812,35964,36112,32758,32512,36572,38355,26485,37160,38284,14954,32993,41172,20416
34266,29284,32998,38223,32066,35812,35964,36112,32758,32512,36572,38355,26485,37160,38284,14954,32993,41172,20416
34316,29646,33058,38491,30512,35920,37134,36424,32607,32582,36664,38440,26560,37792,40448,22175,29560,35936,23856
34079,28775,33334,37528,30551,35920,37134,36424,32607,32582,36664,38440,26560,37792,40448,22175,29560,35936,23856
33882,30492,33917,36656,30660,35920,37134,36424,32607,32582,36664,38440,26560,37792,40448,22175,29560,35936,23856
22642,31074,33920,59992,40200,35920,37134,36424,32607,32582,36664,38440,26560,37792,40448,22175,29560,35936,23856
6542,32756,32776,64940,36964,35920,37134,36424,32607,32582,36664,38440,26560,37792,40448,22175,29560,35936,23856
10988,35252,33124,61532,34676,35920,37134,36424,32607,32582,36664,38440,26560,37792,40448,22175,29560,35936,23856
58976,33352,33277,57660,31068,35920,37134,36424,32607,32582,36664,38440,26560,37792,40448,22175,29560,35936,23856
45884,32444,33095,54328,29526,35920,37134,36424,32607,32582,36664,38440,26560,37792,40448,22175,29560,35936,23856
42273,32456,33018,8399,32672,35920,37134,36424,32607,32582,36664,38440,26560,37792,40448,22175,29560,35936,23856
39981,32413,32850,14,34406,35920,37134,36424,32607,32582,36664,38440,26560,37792,40448,22175,29560,35936,23856
38244,32680,32740,49969,33996,35316,37660,36276,32634,32428,37036,37912,26648,36704,41813,27404,28984,35296,25197
36848,33388,32810,25976,33292,35316,37660,36276,32634,32428,37036,37912,26648,36704,41813,27404,28984,35296,25197
35672,32729,33128,1053,34249,35316,37660,36276,32634,32428,37036,37912,26648,36704,41813,27404,28984,35296,25197
34895,32308,33056,4036,31577,35316,37660,36276,32634,32428,37036,37912,26648,36704,41813,27404,28984,35296,25197
34072,32355,32695,7982,32032,35316,37660,36276,32634,32428,37036,37912,26648,36704,41813,27404,28984,35296,25197
33136,32372,32473,11339,34982,35316,37660,36276,32634,32428,37036,37912,26648,36704,41813,27404,28984,35296,25197
32263,32638,32932,14240,34287,35316,37660,36276,32634,32428,37036,37912,26648,36704,41813,27404,28984,35296,25197
31566,33093,31742,16711,31163,35316,37660,36276,32634,32428,37036,37912,26648,36704,41813,27404,28984,35296,25197
31190,32999,31005,18861,33362,35316,37660,36276,32634,32428,37036,37912,26648,36704,41813,27404,28984,35296,25197
31088,32838,32783,20699,31901,35316,37660,36276,32634,32428,37036,37912,26648,36704,41813,27404,28984,35296,25197
31138,32613,33780,22306,31795,35172,37964,35985,32534,32864,37680,37640,26690,34816,43457,32556,29376,33816,29991
31217,32311,33445,23700,33799,35172,37964,35985,32534,32864,37680,37640,26690,34816,43457,32556,29376,33816,29991
31348,32715,33651,32401,32112,35172,37964,35985,32534,32864,37680,37640,26690,34816,43457,32556,29376,33816,29991
31488,33269,34277,35288,31811,35172,37964,35985,32534,32864,37680,37640,26690,34816,43457,32556,29376,33816,29991
31553,33634,33671,36974,33825,35172,37964,35985,32534,32864,37680,37640,26690,34816,43457,32556,29376,33816,29991
31757,32973,33242,38172,33298,35172,37964,35985,32534,32864,37680,37640,26690,34816,43457,32556,29376,33816,29991
31840,31990,32658,39367,31041,35172,37964,35985,32534,32864,37680,37640,26690,34816,43457,32556,29376,33816,29991
31988,32173,32450,39928,33506,35172,37964,35985,32534,32864,37680,37640,26690,34816,43457,32556,29376,33816,29991
32094,32504,32514,40235,33006,35172,37964,35985,32534,32864,37680,37640,26690,34816,43457,32556,29376,33816,29991
32219,32339,32535,40199,31482,35172,37964,35985,32534,32864,37680,37640,26690,34816,43457,32556,29376,33816,29991
32333,32466,32501,40022,33330,35200,38166,35506,32556,32692,37970,36956,26824,33677,43944,39076,28446,34384,32396
32426,32649,32457,39796,34196,35200,38166,35506,32556,32692,37970,36956,26824,33677,43944,39076,28446,34384,32396
32304,32669,32496,39503,31450,35200,38166,35506,32556,32692,37970,36956,26824,33677,43944,39076,28446,34384,32396
32301,32595,32668,39352,31952,35200,38166,35506,32556,32692,37970,36956,26824,33677,43944,39076,28446,34384,32396
32256,32634,32699,39155,30396,35200,38166,35506,32556,32692,37970,36956,26824,33677,43944,39076,28446,34384,32396
32292,32793,32626,38781,30966,35200,38166,35506,32556,32692,37970,36956,26824,33677,43944,39076,28446,34384,32396
32258,32604,32753,38464,33286,35200,38166,35506,32556,32692,37970,36956,26824,33677,43944,39076,28446,34384,32396
32276,32701,32804,38038,32327,35200,38166,35506,32556,32692,37970,36956,26824,33677,43944,39076,28446,34384,32396
32346,32742,32788,37578,31705,35200,38166,35506,32556,32692,37970,36956,26824,33677,43944,39076,28446,34384,32396
32400,32681,32704,37050,34542,35200,38166,35506,32556,32692,37970,36956,26824,33677,43944,39076,28446,34384,32396
32408,32745,32640,36578,35143,34988,38316,35541,32600,32880,37732,37100,26914,33333,45214,41188,31239,34959,34184
32506,32764,32619,36284,34433,34988,38316,35541,32600,32880,37732,37100,26914,33333,45214,41188,31239,34959,34184
32512,32651,32685,35975,33617,34988,38316,35541,32600,32880,37732,37100,26914,33333,45214,41188,31239,34959,34184
32484,32914,32849,35692,30851,34988,38316,35541,32600,32880,37732,37100,26914,33333,45214,41188,31239,34959,34184
32418,32866,32860,35454,32247,34988,38316,35541,32600,32880,37732,37100,26914,33333,45214,41188,31239,34959,34184
32356,32649,32989,35202,32422,34988,38316,35541,32600,32880,37732,37100,26914,33333,45214,41188,31239,34959,34184
32435,32677,33069,35037,33985,34988,38316,35541,32600,32880,37732,37100,26914,33333,45214,41188,31239,34959,34184
32554,32780,32997,34871,33376,34988,38316,35541,32600,32880,37732,37100,26914,33333,45214,41188,31239,34959,34184
32630,32794,32914,34787,31790,34988,38316,35541,32600,32880,37732,37100,26914,33333,45214,41188,31239,34959,34184
32752,32659,32992,34564,33133,34988,38316,35541,32600,32880,37732,37100,26914,33333,45214,41188,31239,34959,34184
32716,32615,32839,34418,30655,35232,38008,35584,32592,33048,37560,37344,27069,33995,42480,37854,29305,36800,34609
32760,32715,33039,34303,31340,35232,38008,35584,32592,33048,37560,37344,27069,33995,42480,37854,29305,36800,34609
32840,32761,33009,34213,34813,35232,38008,35584,32592,33048,37560,37344,27069,33995,42480,37854,29305,36800,34609
32880,32757,33057,34116,33472,35232,38008,35584,32592,33048,37560,37344,27069,33995,42480,37854,29305,36800,34609
32880,32567,33039,33975,31181,35232,38008,35584,32592,33048,37560,37344,27069,33995,42480,37854,29305,36800,34609
32834,32659,33053,33944,32405,35232,38008,35584,32592,33048,37560,37344,27069,33995,42480,37854,29305,36800,34609
32746,32821,33152,33748,30007,35232,38008,35584,32592,33048,37560,37344,27069,33995,42480,37854,29305,36800,34609
32771,32876,33046,33745,33440,35232,38008,35584,32592,33048,37560,37344,27069,33995,42480,37854,29305,36800,34609
32604,32930,33083,33574,32886,35232,38008,35584,32592,33048,37560,37344,27069,33995,42480,37854,29305,36800,34609
32558,32873,33123,33589,32407,35232,38008,35584,32592,33048,37560,37344,27069,33995,42480,37854,29305,36800,34609
32520,32785,32916,33424,34535,35516,37880,35224,32553,33256,37734,37453,27060,34160,44379,41336,28088,31372,35780
32474,32951,32587,33405,31964,35516,37880,35224,32553,33256,37734,37453,27060,34160,44379,41336,28088,31372,35780
32485,32979,32509,33337,32868,35516,37880,35224,32553,33256,37734,37453,27060,34160,44379,41336,28088,31372,35780
32613,33035,32485,33272,34247,35516,37880,35224,32553,33256,37734,37453,27060,34160,44379,41336,28088,31372,35780
32706,33008,32324,33186,34418,35516,37880,35224,32553,33256,37734,37453,27060,34160,44379,41336,28088,31372,35780
32742,33056,32288,33199,32249,35516,37880,35224,32553,33256,37734,37453,27060,34160,44379,41336,28088,31372,35780
32708,33095,32245,33243,33778,35516,37880,35224,32553,33256,37734,37453,27060,34160,44379,41336,28088,31372,35780
32729,33079,32199,33109,32734,35516,37880,35224,32553,33256,37734,37453,27060,34160,44379,41336,28088,31372,35780
32779,32805,32147,33002,31154,35516,37880,35224,32553,33256,37734,37453,27060,34160,44379,41336,28088,31372,35780
32788,32724,32159,33102,33906,35516,37880,35224,32553,33256,37734,37453,27060,34160,44379,41336,28088,31372,35780
32873,32853,32218,33117,33071,35280,38369,35436,32536,33594,38128,37528,27232,34382,44900,43818,28216,30916,37780
32824,32729,32247,33153,33035,35280,38369,35436,32536,33594,38128,37528,27232,34382,44900,43818,28216,30916,37780
32937,32464,32471,33004,34589,35280,38369,35436,32536,33594,38128,37528,27232,34382,44900,43818,28216,30916,37780
32963,32507,32428,33062,31396,35280,38369,35436,32536,33594,38128,37528,27232,34382,44900,43818,28216,30916,37780
32952,32663,32548,33069,32288,35280,38369,35436,32536,33594,38128,37528,27232,34382,44900,43818,28216,30916,37780
33255,32816,32647,33284,34106,35280,38369,35436,32536,33594,38128,37528,27232,34382,44900,43818,28216,30916,37780
33561,33198,32608,33260,32263,35280,38369,35436,32536,33594,38128,37528,27232,34382,44900,43818,28216,30916,37780
33755,33246,32775,33226,33101,35280,38369,35436,32536,33594,38128,37528,27232,34382,44900,43818,28216,30916,37780
33999,32821,32776,32925,35255,35280,38369,35436,32536,33594,38128,37528,27232,34382,44900,43818,28216,30916,37780
34212,32133,32791,32772,30473,35280,38369,35436,32536,33594,38128,37528,27232,34382,44900,43818,28216,30916,37780
34054,31493,32479,32800,29898,35108,39472,35324,32396,33728,38930,36968,27244,34156,42836,45312,28092,30804,40289
33576,31723,32613,32830,33961,35108,39472,35324,32396,33728,38930,36968,27244,34156,42836,45312,28092,30804,40289
33092,31754,32694,33001,34452,35108,39472,35324,32396,33728,38930,36968,27244,34156,42836,45312,28092,30804,40289
32966,32111,32873,32886,32998,35108,39472,35324,32396,33728,38930,36968,27244,34156,42836,45312,28092,30804,40289
32935,32447,33331,32932,33952,35108,39472,35324,32396,33728,38930,36968,27244,34156,42836,45312,28092,30804,40289
32804,31945,33657,33033,35449,35108,39472,35324,32396,33728,38930,36968,27244,34156,42836,45312,28092,30804,40289
32708,32524,33690,33159,31694,35108,39472,35324,32396,33728,38930,36968,27244,34156,42836,45312,28092,30804,40289
32554,33263,33565,33380,33793,35108,39472,35324,32396,33728,38930,36968,27244,34156,42836,45312,28092,30804,40289
32470,34336,33530,33144,34192,35108,39472,35324,32396,33728,38930,36968,27244,34156,42836,45312,28092,30804,40289
32525,34553,33239,32985,31876,35108,39472,35324,32396,33728,38930,36968,27244,34156,42836,45312,28092,30804,40289
32862,33633,33101,32683,33027,34792,40218,34776,32384,33933,39512,36182,27380,33876,42860,43148,27924,30363,36788
33058,32639,32800,32759,31910,34792,40218,34776,32384,33933,39512,36182,27380,33876,42860,43148,27924,30363,36788
32950,32385,32397,32673,31522,34792,40218,34776,32384,33933,39512,36182,27380,33876,42860,43148,27924,30363,36788
32934,33497,31676,32692,33296,34792,40218,34776,32384,33933,39512,36182,27380,33876,42860,43148,27924,30363,36788
32908,34354,31492,32863,30899,34792,40218,34776,32384,33933,39512,36182,27380,33876,42860,43148,27924,30363,36788
32812,33808,31429,33224,32178,34792,40218,34776,32384,33933,39512,36182,27380,33876,42860,43148,27924,30363,36788
32764,33616,31591,33320,32211,34792,40218,34776,32384,33933,39512,36182,27380,33876,42860,43148,27924,30363,36788
32626,33730,32238,33524,30245,34792,40218,34776,32384,33933,39512,36182,27380,33876,42860,43148,27924,30363,36788
32438,32620,32956,33190,33626,34792,40218,34776,32384,33933,39512,36182,27380,33876,42860,43148,27924,30363,36788
32398,31389,33155,33132,32043,34792,40218,34776,32384,33933,39512,36182,27380,33876,42860,43148,27924,30363,36788
32330,30599,33810,32926,32136,34536,40386,34128,32384,34264,39580,36068,27628,34808,38656,40500,31453,33488,34439
32384,31615,34108,32745,34340,34536,40386,34128,32384,34264,39580,36068,27628,34808,38656,40500,31453,33488,34439
32410,33015,33663,32781,32438,34536,40386,34128,32384,34264,39580,36068,27628,34808,38656,40500,31453,33488,34439
32329,34252,33172,39784,32504,34536,40386,34128,32384,34264,39580,36068,27628,34808,38656,40500,31453,33488,34439
18390,20060,50980,57644,34364,34536,40386,34128,32384,34264,39580,36068,27628,34808,38656,40500,31453,33488,34439
13604,16454,57272,56224,32242,34536,40386,34128,32384,34264,39580,36068,27628,34808,38656,40500,31453,33488,34439
9361,21331,54549,53352,32168,34536,40386,34128,32384,34264,39580,36068,27628,34808,38656,40500,31453,33488,34439
11873,25499,44696,50654,34616,34536,40386,34128,32384,34264,39580,36068,27628,34808,38656,40500,31453,33488,34439
14692,28728,39348,48327,33245,34536,40386,34128,32384,34264,39580,36068,27628,34808,38656,40500,31453,33488,34439
17140,30791,35644,46333,32341,34536,40386,34128,32384,34264,39580,36068,27628,34808,38656,40500,31453,33488,34439
19246,32712,32830,44540,34172,34328,39848,33456,32481,34412,39232,35832,27812,35532,36280,35908,29216,33381,35556
21050,33852,30794,43140,32190,34328,39848,33456,32481,34412,39232,35832,27812,35532,36280,35908,29216,33381,35556
30384,34882,29524,41765,33238,34328,39848,33456,32481,34412,39232,35832,27812,35532,36280,35908,29216,33381,35556
34604,35270,28612,40647,34788,34328,39848,33456,32481,34412,39232,35832,27812,35532,36280,35908,29216,33381,35556
37030,35717,28089,39592,33794,34328,39848,33456,32481,34412,39232,35832,27812,35532,36280,35908,29216,33381,35556
38658,35897,27813,38708,31444,34328,39848,33456,32481,34412,39232,35832,27812,35532,36280,35908,29216,33381,35556
50172,35846,27709,26411,32509,34328,39848,33456,32481,34412,39232,35832,27812,35532,36280,35908,29216,33381,35556
54148,35836,27784,17396,29788,34328,39848,33456,32481,34412,39232,35832,27812,35532,36280,35908,29216,33381,35556
55732,35604,27960,12627,33382,34328,39848,33456,32481,34412,39232,35832,27812,35532,36280,35908,29216,33381,35556
47224,35594,28167,16460,34448,34328,39848,33456,32481,34412,39232,35832,27812,35532,36280,35908,29216,33381,35556
44946,35453,28420,17823,33060,34296,39264,33032,32384,34350,38936,35456,27936,37423,35605,33188,29752,30989,39739
42973,35265,28711,19017,34003,34296,39264,33032,32384,34350,38936,35456,27936,37423,35605,33188,29752,30989,39739
54136,34948,29028,9687,34308,34296,39264,33032,32384,34350,38936,35456,27936,37423,35605,33188,29752,30989,39739
46248,34857,29312,14605,33320,34296,39264,33032,32384,34350,38936,35456,27936,37423,35605,33188,29752,30989,39739
36248,34730,29570,24024,32914,34296,39264,33032,32384,34350,38936,35456,27936,37423,35605,33188,29752,30989,39739
23642,34258,29888,35837,34512,34296,39264,33032,32384,34350,38936,35456,27936,37423,35605,33188,29752,30989,39739
13209,34228,30230,48444,32263,34296,39264,33032,32384,34350,38936,35456,27936,37423,35605,33188,29752,30989,39739
16424,34311,30434,52856,32018,34296,39264,33032,32384,34350,38936,35456,27936,37423,35605,33188,29752,30989,39739
21649,33941,30652,50870,34204,34296,39264,33032,32384,34350,38936,35456,27936,37423,35605,33188,29752,30989,39739
25694,33964,30864,40134,32046,34296,39264,33032,32384,34350,38936,35456,27936,37423,35605,33188,29752,30989,39739
28765,33740,31116,34158,33226,34348,38756,32814,32424,34100,38672,35104,28100,37392,34253,33208,31524,34134,37023
31114,33732,31278,27134,33284,34348,38756,32814,32424,34100,38672,35104,28100,37392,34253,33208,31524,34134,37023
32780,33458,31418,41942,30669,34348,38756,32814,32424,34100,38672,35104,28100,37392,34253,33208,31524,34134,37023
34001,33528,31560,37794,31728,34348,38756,32814,32424,34100,38672,35104,28100,37392,34253,33208,31524,34134,37023
34804,33449,31768,30214,29000,34348,38756,32814,32424,34100,38672,35104,28100,37392,34253,33208,31524,34134,37023
35349,33340,31912,22518,32308,34348,38756,32814,32424,34100,38672,35104,28100,37392,34253,33208,31524,34134,37023
35680,33170,31950,18247,35140,34348,38756,32814,32424,34100,38672,35104,28100,37392,34253,33208,31524,34134,37023
44306,33204,32067,13696,34440,34348,38756,32814,32424,34100,38672,35104,28100,37392,34253,33208,31524,34134,37023
48892,33074,32080,11040,34525,34348,38756,32814,32424,34100,38672,35104,28100,37392,34253,33208,31524,34134,37023
46121,33078,32269,12919,33421,34348,38756,32814,32424,34100,38672,35104,28100,37392,34253,33208,31524,34134,37023
49342,32974,32283,11204,32757,34424,38380,32896,32290,33832,38648,34712,28261,36273,33829,36766,29640,31652,37608
47062,33084,32262,12915,32510,34424,38380,32896,32290,33832,38648,34712,28261,36273,33829,36766,29640,31652,37608
54936,32768,20792,7991,32884,34424,38380,32896,32290,33832,38648,34712,28261,36273,33829,36766,29640,31652,37608
53265,35796,19014,10700,33680,34424,38380,32896,32290,33832,38648,34712,28261,36273,33829,36766,29640,31652,37608
50648,37894,23433,13614,33937,34424,38380,32896,32290,33832,38648,34712,28261,36273,33829,36766,29640,31652,37608
34412,30226,33408,25116,33084,34424,38380,32896,32290,33832,38648,34712,28261,36273,33829,36766,29640,31652,37608
29382,30398,37343,34269,32352,34424,38380,32896,32290,33832,38648,34712,28261,36273,33829,36766,29640,31652,37608
25542,30910,40148,39301,32054,34424,38380,32896,32290,33832,38648,34712,28261,36273,33829,36766,29640,31652,37608
31904,31598,33682,34525,32733,34424,38380,32896,32290,33832,38648,34712,28261,36273,33829,36766,29640,31652,37608
40072,31908,25414,27236,33327,34424,38380,32896,32290,33832,38648,34712,28261,36273,33829,36766,29640,31652,37608
36414,42861,12714,17660,33245,34138,38272,32828,32268,33638,38500,34444,28300,36001,34108,42538,31032,36116,37974
30798,38508,25991,18908,33789,34138,38272,32828,32268,33638,38500,34444,28300,36001,34108,42538,31032,36116,37974
29340,37617,28966,20651,33361,34138,38272,32828,32268,33638,38500,34444,28300,36001,34108,42538,31032,36116,37974
28360,38133,30740,22276,30275,34138,38272,32828,32268,33638,38500,34444,28300,36001,34108,42538,31032,36116,37974
27715,37319,32167,23604,36240,34138,38272,32828,32268,33638,38500,34444,28300,36001,34108,42538,31032,36116,37974
27460,34802,33764,24836,26885,34138,38272,32828,32268,33638,38500,34444,28300,36001,34108,42538,31032,36116,37974
27540,31482,34823,25879,29599,34138,38272,32828,32268,33638,38500,34444,28300,36001,34108,42538,31032,36116,37974
27564,28767,35511,26765,27289,34138,38272,32828,32268,33638,38500,34444,28300,36001,34108,42538,31032,36116,37974
27684,29554,35668,27565,35264,34138,38272,32828,32268,33638,38500,34444,28300,36001,34108,42538,31032,36116,37974
28047,31448,35356,28221,33615,34138,38272,32828,32268,33638,38500,34444,28300,36001,34108,42538,31032,36116,37974
28461,32516,35651,28818,31113,33773,38284,32493,32272,33506,38396,34064,28438,34680,34591,45524,31240,36153,41160
28914,31691,35870,29315,32352,33773,38284,32493,32272,33506,38396,34064,28438,34680,34591,45524,31240,36153,41160
29251,31025,35022,34668,35745,33773,38284,32493,32272,33506,38396,34064,28438,34680,34591,45524,31240,36153,41160
29604,32784,34694,38318,35527,33773,38284,32493,32272,33506,38396,34064,28438,34680,34591,45524,31240,36153,41160
29976,34998,35315,39418,34128,33773,38284,32493,32272,33506,38396,34064,28438,34680,34591,45524,31240,36153,41160
30136,36132,36156,40368,33388,33773,38284,32493,32272,33506,38396,34064,28438,34680,34591,45524,31240,36153,41160
30357,34324,36927,40855,33858,33773,38284,32493,32272,33506,38396,34064,28438,34680,34591,45524,31240,36153,41160
30598,32079,35907,41153,32821,33773,38284,32493,32272,33506,38396,34064,28438,34680,34591,45524,31240,36153,41160
30901,31039,35236,41218,33575,33773,38284,32493,32272,33506,38396,34064,28438,34680,34591,45524,31240,36153,41160
31150,30460,35002,41187,33178,33773,38284,32493,32272,33506,38396,34064,28438,34680,34591,45524,31240,36153,41160
31507,30288,34540,40857,33608,33184,38232,32088,32089,33562,38156,33409,28506,34268,34229,49345,28497,33513,43716
32011,30732,34241,40598,30767,33184,38232,32088,32089,33562,38156,33409,28506,34268,34229,49345,28497,33513,43716
32401,31785,33638,40555,29576,33184,38232,32088,32089,33562,38156,33409,28506,34268,34229,49345,28497,33513,43716
31626,31808,33129,40343,28880,33184,38232,32088,32089,33562,38156,33409,28506,34268,34229,49345,28497,33513,43716
30889,31910,32647,40275,28269,33184,38232,32088,32089,33562,38156,33409,28506,34268,34229,49345,28497,33513,43716
30641,31935,32476,39830,30110,33184,38232,32088,32089,33562,38156,33409,28506,34268,34229,49345,28497,33513,43716
30569,30514,32182,38981,32374,33184,38232,32088,32089,33562,38156,33409,28506,34268,34229,49345,28497,33513,43716
30756,29661,32187,38460,33030,33184,38232,32088,32089,33562,38156,33409,28506,34268,34229,49345,28497,33513,43716
30954,30127,31544,37992,35858,33184,38232,32088,32089,33562,38156,33409,28506,34268,34229,49345,28497,33513,43716
31114,31308,32131,37670,37181,33184,38232,32088,32089,33562,38156,33409,28506,34268,34229,49345,28497,33513,43716
31400,32644,33482,49388,38668,32776,38072,31536,32116,33716,37784,32428,28616,33468,33129,48457,28672,34775,50060
14368,17014,58720,65464,39801,32776,38072,31536,32116,33716,37784,32428,28616,33468,33129,48457,28672,34775,50060
45312,40584,18610,63080,36142,32776,38072,31536,32116,33716,37784,32428,28616,33468,33129,48457,28672,34775,50060
34254,36866,27124,59052,30542,32776,38072,31536,32116,33716,37784,32428,28616,33468,33129,48457,28672,34775,50060
33344,35545,30780,44724,30884,32776,38072,31536,32116,33716,37784,32428,28616,33468,33129,48457,28672,34775,50060
32959,35121,31304,36818,29866,32776,38072,31536,32116,33716,37784,32428,28616,33468,33129,48457,28672,34775,50060
32670,35166,31552,39901,34709,32776,38072,31536,32116,33716,37784,32428,28616,33468,33129,48457,28672,34775,50060
31752,27626,40764,50793,39100,32776,38072,31536,32116,33716,37784,32428,28616,33468,33129,48457,28672,34775,50060
32758,40257,30442,49723,42936,32776,38072,31536,32116,33716,37784,32428,28616,33468,33129,48457,28672,34775,50060
32752,26634,39168,47694,41348,32776,38072,31536,32116,33716,37784,32428,28616,33468,33129,48457,28672,34775,50060
32722,37252,27414,20586,39316,32392,37732,30828,32113,33945,37193,31760,28643,33262,30542,47449,27076,38777,46478
32708,33060,33125,22,32306,32392,37732,30828,32113,33945,37193,31760,28643,33262,30542,47449,27076,38777,46478
32596,18145,47585,40297,25314,32392,37732,30828,32113,33945,37193,31760,28643,33262,30542,47449,27076,38777,46478
34032,38212,32108,49996,19538,32392,37732,30828,32113,33945,37193,31760,28643,33262,30542,47449,27076,38777,46478
32688,38160,25732,40589,17677,32392,37732,30828,32113,33945,37193,31760,28643,33262,30542,47449,27076,38777,46478
32712,33752,31288,276,22172,32392,37732,30828,32113,33945,37193,31760,28643,33262,30542,47449,27076,38777,46478
33168,33518,31226,13,25279,32392,37732,30828,32113,33945,37193,31760,28643,33262,30542,47449,27076,38777,46478
33605,33330,31536,10,28747,32392,37732,30828,32113,33945,37193,31760,28643,33262,30542,47449,27076,38777,46478
33656,32975,31558,5149,32926,32392,37732,30828,32113,33945,37193,31760,28643,33262,30542,47449,27076,38777,46478
33272,32831,31917,8910,37413,32392,37732,30828,32113,33945,37193,31760,28643,33262,30542,47449,27076,38777,46478
32994,32668,32726,12132,39027,32578,37288,30000,32092,34201,36489,31360,28669,32712,27040,45400,30029,39456,51112
32927,32570,33158,14967,40075,32578,37288,30000,32092,34201,36489,31360,28669,32712,27040,45400,30029,39456,51112
32797,32525,33255,17326,39378,32578,37288,30000,32092,34201,36489,31360,28669,32712,27040,45400,30029,39456,51112
32468,32590,32964,19933,39198,32578,37288,30000,32092,34201,36489,31360,28669,32712,27040,45400,30029,39456,51112
32132,32340,33231,29183,38461,32578,37288,30000,32092,34201,36489,31360,28669,32712,27040,45400,30029,39456,51112
32112,31910,32919,32304,35139,32578,37288,30000,32092,34201,36489,31360,28669,32712,27040,45400,30029,39456,51112
32576,31674,33673,34551,33635,32578,37288,30000,32092,34201,36489,31360,28669,32712,27040,45400,30029,39456,51112
32942,32033,33355,36121,32539,32578,37288,30000,32092,34201,36489,31360,28669,32712,27040,45400,30029,39456,51112
33048,32135,33624,37174,30092,32578,37288,30000,32092,34201,36489,31360,28669,32712,27040,45400,30029,39456,51112
32760,32462,33967,37983,28927,32578,37288,30000,32092,34201,36489,31360,28669,32712,27040,45400,30029,39456,51112
32467,32807,33817,38396,27414,32668,36616,29320,32146,34256,35624,31009,28585,32020,23648,43820,26526,45152,58368
32361,33411,33752,38786,27706,32668,36616,29320,32146,34256,35624,31009,28585,32020,23648,43820,26526,45152,58368
32407,34143,33580,38815,28967,32668,36616,29320,32146,34256,35624,31009,28585,32020,23648,43820,26526,45152,58368
32536,33787,33215,38739,30207,32668,36616,29320,32146,34256,35624,31009,28585,32020,23648,43820,26526,45152,58368
32656,33085,32183,38554,30573,32668,36616,29320,32146,34256,35624,31009,28585,32020,23648,43820,26526,45152,58368
32907,32733,31115,38334,31163,32668,36616,29320,32146,34256,35624,31009,28585,32020,23648,43820,26526,45152,58368
32960,32845,31323,38167,31261,32668,36616,29320,32146,34256,35624,31009,28585,32020,23648,43820,26526,45152,58368
32825,33027,32263,37623,32356,32668,36616,29320,32146,34256,35624,31009,28585,32020,23648,43820,26526,45152,58368
32774,32964,33678,37039,32420,32668,36616,29320,32146,34256,35624,31009,28585,32020,23648,43820,26526,45152,58368
32732,32784,33041,36647,32659,32668,36616,29320,32146,34256,35624,31009,28585,32020,23648,43820,26526,45152,58368
32668,32543,32602,36452,31660,32444,35868,28555,32304,33824,34760,31268,28577,30945,20226,43692,25477,47192,53954
32696,31922,32890,36282,35825,32444,35868,28555,32304,33824,34760,31268,28577,30945,20226,43692,25477,47192,53954
32580,31582,32890,36426,35904,32444,35868,28555,32304,33824,34760,31268,28577,30945,20226,43692,25477,47192,53954
32621,32198,32290,36240,36317,32444,35868,28555,32304,33824,34760,31268,28577,30945,20226,43692,25477,47192,53954
32786,32669,31593,36338,36043,32444,35868,28555,32304,33824,34760,31268,28577,30945,20226,43692,25477,47192,53954
24041,31100,35322,51784,35000,32444,35868,28555,32304,33824,34760,31268,28577,30945,20226,43692,25477,47192,53954
6550,16712,56904,62446,35073,32444,35868,28555,32304,33824,34760,31268,28577,30945,20226,43692,25477,47192,53954
9194,17403,56136,59674,33197,32444,35868,28555,32304,33824,34760,31268,28577,30945,20226,43692,25477,47192,53954
12398,22298,48042,56167,31796,32444,35868,28555,32304,33824,34760,31268,28577,30945,20226,43692,25477,47192,53954
15176,26415,41365,53085,33071,32444,35868,28555,32304,33824,34760,31268,28577,30945,20226,43692,25477,47192,53954
17542,29284,37245,50431,34596,32196,35024,28306,32276,33422,34422,31376,28460,29752,17108,48976,25596,51812,54532
19584,31520,34016,48134,31046,32196,35024,28306,32276,33422,34422,31376,28460,29752,17108,48976,25596,51812,54532
30136,33076,31842,46154,32304,32196,35024,28306,32276,33422,34422,31376,28460,29752,17108,48976,25596,51812,54532
33862,34230,30150,44460,35316,32196,35024,28306,32276,33422,34422,31376,28460,29752,17108,48976,25596,51812,54532
36296,35148,29096,42948,33522,32196,35024,28306,32276,33422,34422,31376,28460,29752,17108,48976,25596,51812,54532
37949,35572,28424,41627,32321,32196,35024,28306,32276,33422,34422,31376,28460,29752,17108,48976,25596,51812,54532
39012,35785,28052,40513,44376,32196,35024,28306,32276,33422,34422,31376,28460,29752,17108,48976,25596,51812,54532
39633,36021,27851,39491,37668,32196,35024,28306,32276,33422,34422,31376,28460,29752,17108,48976,25596,51812,54532
39937,35950,27876,38659,34341,32196,35024,28306,32276,33422,34422,31376,28460,29752,17108,48976,25596,51812,54532
40012,36012,27972,37942,29582,32196,35024,28306,32276,33422,34422,31376,28460,29752,17108,48976,25596,51812,54532
39880,35840,28150,37340,29325,32096,34236,29028,32368,33220,34688,31124,28336,28888,15149,53743,28008,53460,57420
39682,35573,28385,28084,32076,32096,34236,29028,32368,33220,34688,31124,28336,28888,15149,53743,28008,53460,57420
39330,35525,28688,25708,33372,32096,34236,29028,32368,33220,34688,31124,28336,28888,15149,53743,28008,53460,57420
38952,35325,28960,24218,32756,32096,34236,29028,32368,33220,34688,31124,28336,28888,15149,53743,28008,53460,57420
38550,35143,29198,23357,34334,32096,34236,29028,32368,33220,34688,31124,28336,28888,15149,53743,28008,53460,57420
38112,34857,29564,22924,34105,32096,34236,29028,32368,33220,34688,31124,28336,28888,15149,53743,28008,53460,57420
37676,34755,29834,22836,32510,32096,34236,29028,32368,33220,34688,31124,28336,28888,15149,53743,28008,53460,57420
37297,34542,30138,22921,29328,32096,34236,29028,32368,33220,34688,31124,28336,28888,15149,53743,28008,53460,57420
36852,34267,30356,23204,30834,32096,34236,29028,32368,33220,34688,31124,28336,28888,15149,53743,28008,53460,57420
36520,34230,30565,23573,27929,32096,34236,29028,32368,33220,34688,31124,28336,28888,15149,53743,28008,53460,57420
36138,34118,30804,24049,31634,32356,33832,30224,32320,32940,35098,30930,28198,30024,12833,50124,27247,54730,55656
35797,36133,31037,24572,34807,32356,33832,30224,32320,32940,35098,30930,28198,30024,12833,50124,27247,54730,55656
35448,48502,16841,25165,30530,32356,33832,30224,32320,32940,35098,30930,28198,30024,12833,50124,27247,54730,55656
35204,48452,16391,25744,32259,32356,33832,30224,32320,32940,35098,30930,28198,30024,12833,50124,27247,54730,55656
34917,35880,31076,26229,31950,32356,33832,30224,32320,32940,35098,30930,28198,30024,12833,50124,27247,54730,55656
34682,32548,33784,26764,30042,32356,33832,30224,32320,32940,35098,30930,28198,30024,12833,50124,27247,54730,55656
34512,28240,37953,27286,33475,32356,33832,30224,32320,32940,35098,30930,28198,30024,12833,50124,27247,54730,55656
34297,25545,40175,27783,35472,32356,33832,30224,32320,32940,35098,30930,28198,30024,12833,50124,27247,54730,55656
34108,29956,34073,28232,35500,32356,33832,30224,32320,32940,35098,30930,28198,30024,12833,50124,27247,54730,55656
33932,31362,32768,28626,32157,32356,33832,30224,32320,32940,35098,30930,28198,30024,12833,50124,27247,54730,55656
33804,34159,30026,29041,35634,32732,33528,31761,32532,32011,35032,31786,27888,30647,13637,51476,23917,52272,49389
33700,29412,35554,29413,34280,32732,33528,31761,32532,32011,35032,31786,27888,30647,13637,51476,23917,52272,49389
33576,24124,40174,29778,34873,32732,33528,31761,32532,32011,35032,31786,27888,30647,13637,51476,23917,52272,49389
33485,25948,38373,30048,36972,32732,33528,31761,32532,32011,35032,31786,27888,30647,13637,51476,23917,52272,49389
33384,28064,36629,30340,35211,32732,33528,31761,32532,32011,35032,31786,27888,30647,13637,51476,23917,52272,49389
33309,29678,35117,30613,32867,32732,33528,31761,32532,32011,35032,31786,27888,30647,13637,51476,23917,52272,49389
33244,33564,29924,30866,32936,32732,33528,31761,32532,32011,35032,31786,27888,30647,13637,51476,23917,52272,49389
33224,42867,21200,31124,31253,32732,33528,31761,32532,32011,35032,31786,27888,30647,13637,51476,23917,52272,49389
33130,42642,22524,31319,30841,32732,33528,31761,32532,32011,35032,31786,27888,30647,13637,51476,23917,52272,49389
33084,45364,19248,31492,33098,32732,33528,31761,32532,32011,35032,31786,27888,30647,13637,51476,23917,52272,49389
33088,40057,15312,21308,33230,32888,33684,32652,32460,31436,35060,33288,27560,30610,17118,52421,21392,59328,47112
33000,36341,26319,33088,29916,32888,33684,32652,32460,31436,35060,33288,27560,30610,17118,52421,21392,59328,47112
55920,34578,28434,6976,33504,32888,33684,32652,32460,31436,35060,33288,27560,30610,17118,52421,21392,59328,47112
57140,33208,32240,8019,31396,32888,33684,32652,32460,31436,35060,33288,27560,30610,17118,52421,21392,59328,47112
54228,32587,32956,11205,29232,32888,33684,32652,32460,31436,35060,33288,27560,30610,17118,52421,21392,59328,47112
51404,32342,33434,14037,32632,32888,33684,32652,32460,31436,35060,33288,27560,30610,17118,52421,21392,59328,47112
45958,32108,33842,16522,30533,32888,33684,32652,32460,31436,35060,33288,27560,30610,17118,52421,21392,59328,47112
37168,31501,34787,18656,34781,32888,33684,32652,32460,31436,35060,33288,27560,30610,17118,52421,21392,59328,47112
33638,32029,35534,20524,31600,32888,33684,32652,32460,31436,35060,33288,27560,30610,17118,52421,21392,59328,47112
31161,32460,36169,22115,31432,32888,33684,32652,32460,31436,35060,33288,27560,30610,17118,52421,21392,59328,47112
29480,31070,36083,23520,29612,31809,34012,33344,32540,29384,36148,34632,27203,28275,18263,57408,20823,60672,49612
28426,30080,35284,24739,34360,31809,34012,33344,32540,29384,36148,34632,27203,28275,18263,57408,20823,60672,49612
27672,30124,36344,25775,36478,31809,34012,33344,32540,29384,36148,34632,27203,28275,18263,57408,20823,60672,49612
27296,30787,37057,26667,33751,31809,34012,33344,32540,29384,36148,34632,27203,28275,18263,57408,20823,60672,49612
27078,31130,36324,27467,33741,31809,34012,33344,32540,29384,36148,34632,27203,28275,18263,57408,20823,60672,49612
27149,30675,35244,28161,34054,31809,34012,33344,32540,29384,36148,34632,27203,28275,18263,57408,20823,60672,49612
27388,30400,34711,28760,36366,31809,34012,33344,32540,29384,36148,34632,27203,28275,18263,57408,20823,60672,49612
27696,31874,35204,29284,37044,31809,34012,33344,32540,29384,36148,34632,27203,28275,18263,57408,20823,60672,49612
28281,33282,34527,29727,34346,31809,34012,33344,32540,29384,36148,34632,27203,28275,18263,57408,20823,60672,49612
28834,32956,32356,30094,32250,31809,34012,33344,32540,29384,36148,34632,27203,28275,18263,57408,20823,60672,49612
29126,32577,32263,30428,32688,30392,35796,36140,32752,27714,38818,35316,26888,24624,36900,56384,24036,56924,53760
29258,32624,33505,37636,28521,30392,35796,36140,32752,27714,38818,35316,26888,24624,36900,56384,24036,56924,53760
29368,32186,34068,41502,33916,30392,35796,36140,32752,27714,38818,35316,26888,24624,36900,56384,24036,56924,53760
29464,31849,34638,42815,33951,30392,35796,36140,32752,27714,38818,35316,26888,24624,36900,56384,24036,56924,53760
29783,30806,34224,43116,34048,30392,35796,36140,32752,27714,38818,35316,26888,24624,36900,56384,24036,56924,53760
30056,30054,34074,43903,25630,30392,35796,36140,32752,27714,38818,35316,26888,24624,36900,56384,24036,56924,53760
30268,31073,34129,42912,25823,30392,35796,36140,32752,27714,38818,35316,26888,24624,36900,56384,24036,56924,53760
30450,30800,33073,42538,29560,30392,35796,36140,32752,27714,38818,35316,26888,24624,36900,56384,24036,56924,53760
30617,31012,33076,42365,33415,30392,35796,36140,32752,27714,38818,35316,26888,24624,36900,56384,24036,56924,53760
30809,33103,32143,42032,35263,30392,35796,36140,32752,27714,38818,35316,26888,24624,36900,56384,24036,56924,53760
30923,33269,32050,41321,33514,30624,41092,39784,32985,27940,41880,36228,26637,22631,49509,60832,23560,50892,36864
31112,32665,32239,40753,34308,30624,41092,39784,32985,27940,41880,36228,26637,22631,49509,60832,23560,50892,36864
31318,32567,32605,40345,30727,30624,41092,39784,32985,27940,41880,36228,26637,22631,49509,60832,23560,50892,36864
31545,30976,36356,65384,32285,30624,41092,39784,32985,27940,41880,36228,26637,22631,49509,60832,23560,50892,36864
21040,20820,55524,65506,33336,30624,41092,39784,32985,27940,41880,36228,26637,22631,49509,60832,23560,50892,36864
18658,15082,56047,63694,36532,30624,41092,39784,32985,27940,41880,36228,26637,22631,49509,60832,23560,50892,36864
14665,20198,48408,59464,36383,30624,41092,39784,32985,27940,41880,36228,26637,22631,49509,60832,23560,50892,36864
8724,24552,42486,55928,35666,30624,41092,39784,32985,27940,41880,36228,26637,22631,49509,60832,23560,50892,36864
11448,28082,38333,52820,35476,30624,41092,39784,32985,27940,41880,36228,26637,22631,49509,60832,23560,50892,36864
14325,30552,35144,50186,30917,30624,41092,39784,32985,27940,41880,36228,26637,22631,49509,60832,23560,50892,36864
33361,32480,32712,47970,31812,31904,45728,41252,33176,30394,44956,36266,26396,20816,40832,48968,25191,44032,24752
37704,33816,31162,45964,30736,31904,45728,41252,33176,30394,44956,36266,26396,20816,40832,48968,25191,44032,24752
22644,34698,29976,44349,32898,31904,45728,41252,33176,30394,44956,36266,26396,20816,40832,48968,25191,44032,24752
51220,35335,29217,42816,28635,31904,45728,41252,33176,30394,44956,36266,26396,20816,40832,48968,25191,44032,24752
65120,35452,28264,21248,33268,31904,45728,41252,33176,30394,44956,36266,26396,20816,40832,48968,25191,44032,24752
65504,55792,3715,41,31168,31904,45728,41252,33176,30394,44956,36266,26396,20816,40832,48968,25191,44032,24752
53890,47730,6239,13,32926,31904,45728,41252,33176,30394,44956,36266,26396,20816,40832,48968,25191,44032,24752
46628,42876,17429,12,32274,31904,45728,41252,33176,30394,44956,36266,26396,20816,40832,48968,25191,44032,24752
42400,39980,21918,1718,29312,31904,45728,41252,33176,30394,44956,36266,26396,20816,40832,48968,25191,44032,24752
39097,38079,25334,6130,31994,31904,45728,41252,33176,30394,44956,36266,26396,20816,40832,48968,25191,44032,24752
36503,36476,28322,9706,35099,33980,45280,39576,33377,32630,42192,34996,26186,23312,25864,25064,31116,39325,23208
34594,35398,30624,12811,30727,33980,45280,39576,33377,32630,42192,34996,26186,23312,25864,25064,31116,39325,23208
33262,34641,32585,15514,33038,33980,45280,39576,33377,32630,42192,34996,26186,23312,25864,25064,31116,39325,23208
32119,33704,33444,17776,34794,33980,45280,39576,33377,32630,42192,34996,26186,23312,25864,25064,31116,39325,23208
31428,32768,33092,19782,36229,33980,45280,39576,33377,32630,42192,34996,26186,23312,25864,25064,31116,39325,23208
31160,32416,35012,21518,33601,33980,45280,39576,33377,32630,42192,34996,26186,23312,25864,25064,31116,39325,23208
30764,32669,33892,22946,33510,33980,45280,39576,33377,32630,42192,34996,26186,23312,25864,25064,31116,39325,23208
30695,32324,33732,24255,33831,33980,45280,39576,33377,32630,42192,34996,26186,23312,25864,25064,31116,39325,23208
30489,31378,33626,31670,33420,33980,45280,39576,33377,32630,42192,34996,26186,23312,25864,25064,31116,39325,23208
30248,31290,34254,37266,34069,33980,45280,39576,33377,32630,42192,34996,26186,23312,25864,25064,31116,39325,23208
30195,31499,34242,38576,34546,35048,39200,36792,33721,32272,37956,35472,25864,25302,103,275,33016,35920,17414
30110,31808,34542,38824,35821,35048,39200,36792,33721,32272,37956,35472,25864,25302,103,275,33016,35920,17414
29952,31061,34479,39304,33645,35048,39200,36792,33721,32272,37956,35472,25864,25302,103,275,33016,35920,17414
29985,30973,33789,40562,31446,35048,39200,36792,33721,32272,37956,35472,25864,25302,103,275,33016,35920,17414
30044,31637,32432,41440,32698,35048,39200,36792,33721,32272,37956,35472,25864,25302,103,275,33016,35920,17414
30309,31750,32672,40727,30168,35048,39200,36792,33721,32272,37956,35472,25864,25302,103,275,33016,35920,17414
30710,31653,34952,39969,32446,35048,39200,36792,33721,32272,37956,35472,25864,25302,103,275,33016,35920,17414
31282,31731,33151,39252,31059,35048,39200,36792,33721,32272,37956,35472,25864,25302,103,275,33016,35920,17414
31851,32107,31372,39181,31975,35048,39200,36792,33721,32272,37956,35472,25864,25302,103,275,33016,35920,17414
31886,33133,33614,39468,34688,35048,39200,36792,33721,32272,37956,35472,25864,25302,103,275,33016,35920,17414
31749,33352,36107,39092,32165,35592,37702,34296,34051,33432,36304,35368,25666,27604,3252,101,34644,30710,6834
31596,32497,34890,39082,32248,35592,37702,34296,34051,33432,36304,35368,25666,27604,3252,101,34644,30710,6834
31611,32002,34360,38296,34495,35592,37702,34296,34051,33432,36304,35368,25666,27604,3252,101,34644,30710,6834
31597,31854,34143,37468,31794,35592,37702,34296,34051,33432,36304,35368,25666,27604,3252,101,34644,30710,6834
31592,31897,33781,37042,32282,35592,37702,34296,34051,33432,36304,35368,25666,27604,3252,101,34644,30710,6834
31592,32087,32663,36788,30501,35592,37702,34296,34051,33432,36304,35368,25666,27604,3252,101,34644,30710,6834
31773,32390,31332,36201,30888,35592,37702,34296,34051,33432,36304,35368,25666,27604,3252,101,34644,30710,6834
31988,32614,32390,37034,32028,35592,37702,34296,34051,33432,36304,35368,25666,27604,3252,101,34644,30710,6834
32162,32815,34591,37383,31461,35592,37702,34296,34051,33432,36304,35368,25666,27604,3252,101,34644,30710,6834
32184,33103,34879,35864,33963,35592,37702,34296,34051,33432,36304,35368,25666,27604,3252,101,34644,30710,6834
32164,33674,34439,35269,33837,35992,37020,33896,34138,34532,36075,36216,25286,28128,2720,101,30928,32812,11723
32255,33264,33408,35208,33263,35992,37020,33896,34138,34532,36075,36216,25286,28128,2720,101,30928,32812,11723
32336,32670,33129,36493,33832,35992,37020,33896,34138,34532,36075,36216,25286,28128,2720,101,30928,32812,11723
32446,32285,33112,35847,35783,35992,37020,33896,34138,34532,36075,36216,25286,28128,2720,101,30928,32812,11723
32564,32402,33825,35173,33686,35992,37020,33896,34138,34532,36075,36216,25286,28128,2720,101,30928,32812,11723
32608,32480,34036,34958,31926,35992,37020,33896,34138,34532,36075,36216,25286,28128,2720,101,30928,32812,11723
32710,32231,34158,34395,34252,35992,37020,33896,34138,34532,36075,36216,25286,28128,2720,101,30928,32812,11723
32674,31992,33216,33206,31769,35992,37020,33896,34138,34532,36075,36216,25286,28128,2720,101,30928,32812,11723
32636,31973,33415,33780,32556,35992,37020,33896,34138,34532,36075,36216,25286,28128,2720,101,30928,32812,11723
32592,31972,33732,34126,33138,35992,37020,33896,34138,34532,36075,36216,25286,28128,2720,101,30928,32812,11723
32576,31760,33401,34021,30517,36952,37264,33940,34224,33752,36837,36528,25080,26972,9198,105,27637,27963,15138
32511,31301,33404,33469,33276,36952,37264,33940,34224,33752,36837,36528,25080,26972,9198,105,27637,27963,15138
32543,30946,34035,33471,32154,36952,37264,33940,34224,33752,36837,36528,25080,26972,9198,105,27637,27963,15138
32457,30983,33701,33670,32144,36952,37264,33940,34224,33752,36837,36528,25080,26972,9198,105,27637,27963,15138
32494,32568,31762,33740,35032,36952,37264,33940,34224,33752,36837,36528,25080,26972,9198,105,27637,27963,15138
32560,33892,31384,33607,32845,36952,37264,33940,34224,33752,36837,36528,25080,26972,9198,105,27637,27963,15138
32525,34737,31627,33271,32560,36952,37264,33940,34224,33752,36837,36528,25080,26972,9198,105,27637,27963,15138
32616,35482,32455,33116,33663,36952,37264,33940,34224,33752,36837,36528,25080,26972,9198,105,27637,27963,15138
32679,35812,31735,33105,31820,36952,37264,33940,34224,33752,36837,36528,25080,26972,9198,105,27637,27963,15138
32637,34676,32631,33001,32818,36952,37264,33940,34224,33752,36837,36528,25080,26972,9198,105,27637,27963,15138
32535,34365,32349,33093,33607,37472,37746,35520,34402,32806,36744,37296,24818,24754,14662,10872,29610,25902,19944
32520,33433,31680,33535,32226,37472,37746,35520,34402,32806,36744,37296,24818,24754,14662,10872,29610,25902,19944
32652,32371,32527,33464,33669,37472,37746,35520,34402,32806,36744,37296,24818,24754,14662,10872,29610,25902,19944
32722,32261,32367,33143,34048,37472,37746,35520,34402,32806,36744,37296,24818,24754,14662,10872,29610,25902,19944
32798,31441,33792,33182,31692,37472,37746,35520,34402,32806,36744,37296,24818,24754,14662,10872,29610,25902,19944
32846,31210,34719,33143,32976,37472,37746,35520,34402,32806,36744,37296,24818,24754,14662,10872,29610,25902,19944
32755,32288,33781,33332,33412,37472,37746,35520,34402,32806,36744,37296,24818,24754,14662,10872,29610,25902,19944
32794,33114,32848,33174,34863,37472,37746,35520,34402,32806,36744,37296,24818,24754,14662,10872,29610,25902,19944
32656,32820,32396,33117,33280,37472,37746,35520,34402,32806,36744,37296,24818,24754,14662,10872,29610,25902,19944
32616,31967,33477,33166,32029,37472,37746,35520,34402,32806,36744,37296,24818,24754,14662,10872,29610,25902,19944
32516,31432,33185,33047,33703,37832,38608,36232,34524,32476,36508,38186,24741,22688,17936,17516,26449,22265,18854
32414,31873,32905,32796,30904,37832,38608,36232,34524,32476,36508,38186,24741,22688,17936,17516,26449,22265,18854
32484,32651,31889,32709,33480,37832,38608,36232,34524,32476,36508,38186,24741,22688,17936,17516,26449,22265,18854
32438,33396,32818,33341,34678,37832,38608,36232,34524,32476,36508,38186,24741,22688,17936,17516,26449,22265,18854
10848,32330,32800,57736,33992,37832,38608,36232,34524,32476,36508,38186,24741,22688,17936,17516,26449,22265,18854
7748,31620,34063,57164,33142,37832,38608,36232,34524,32476,36508,38186,24741,22688,17936,17516,26449,22265,18854
10886,31829,32236,54080,10508,37832,38608,36232,34524,32476,36508,38186,24741,22688,17936,17516,26449,22265,18854
13896,31920,31429,51372,33528,37832,38608,36232,34524,32476,36508,38186,24741,22688,17936,17516,26449,22265,18854
25184,32578,33752,48913,33775,37832,38608,36232,34524,32476,36508,38186,24741,22688,17936,17516,26449,22265,18854
41230,32608,33650,46810,35513,37832,38608,36232,34524,32476,36508,38186,24741,22688,17936,17516,26449,22265,18854
49576,32362,31704,45062,34142,37976,39292,36948,34480,32274,36260,39217,24580,21244,21228,20901,27858,17857,15716
51720,32260,31301,43424,31778,37976,39292,36948,34480,32274,36260,39217,24580,21244,21228,20901,27858,17857,15716
65504,32832,30940,49,31537,37976,39292,36948,34480,32274,36260,39217,24580,21244,21228,20901,27858,17857,15716
51442,33708,29860,10,32569,37976,39292,36948,34480,32274,36260,39217,24580,21244,21228,20901,27858,17857,15716
45888,33624,31100,12,30706,37976,39292,36948,34480,32274,36260,39217,24580,21244,21228,20901,27858,17857,15716
37514,32792,34538,42524,33522,37976,39292,36948,34480,32274,36260,39217,24580,21244,21228,20901,27858,17857,15716
23039,32408,35538,54737,34104,37976,39292,36948,34480,32274,36260,39217,24580,21244,21228,20901,27858,17857,15716
24044,32804,33878,53191,32727,37976,39292,36948,34480,32274,36260,39217,24580,21244,21228,20901,27858,17857,15716
20752,33044,32292,50624,33916,37976,39292,36948,34480,32274,36260,39217,24580,21244,21228,20901,27858,17857,15716
22858,32649,31332,48200,34836,37976,39292,36948,34480,32274,36260,39217,24580,21244,21228,20901,27858,17857,15716
25758,32205,32464,46151,29384,38468,39472,37472,34420,33049,36024,39538,24466,19336,20688,22212,28365,14796,14770
29122,32522,32640,44384,33549,38468,39472,37472,34420,33049,36024,39538,24466,19336,20688,22212,28365,14796,14770
10590,32616,38848,42832,34894,38468,39472,37472,34420,33049,36024,39538,24466,19336,20688,22212,28365,14796,14770
15026,32771,34981,41517,34064,38468,39472,37472,34420,33049,36024,39538,24466,19336,20688,22212,28365,14796,14770
21926,33048,32156,40534,34916,38468,39472,37472,34420,33049,36024,39538,24466,19336,20688,22212,28365,14796,14770
30560,33068,27856,39425,32396,38468,39472,37472,34420,33049,36024,39538,24466,19336,20688,22212,28365,14796,14770
65180,32838,31152,42,32356,38468,39472,37472,34420,33049,36024,39538,24466,19336,20688,22212,28365,14796,14770
65522,32667,31692,8,32563,38468,39472,37472,34420,33049,36024,39538,24466,19336,20688,22212,28365,14796,14770
63340,32707,32234,12,31088,38468,39472,37472,34420,33049,36024,39538,24466,19336,20688,22212,28365,14796,14770
49932,32771,32456,11,33398,38468,39472,37472,34420,33049,36024,39538,24466,19336,20688,22212,28365,14796,14770
44536,32882,32635,3465,33770,38120,39108,37274,34512,34209,35514,39653,24322,19320,20988,20445,28092,12084,18745
40650,32865,32064,7474,33196,38120,39108,37274,34512,34209,35514,39653,24322,19320,20988,20445,28092,12084,18745
37564,32830,31344,10948,31548,38120,39108,37274,34512,34209,35514,39653,24322,19320,20988,20445,28092,12084,18745
35398,32719,31672,13886,32448,38120,39108,37274,34512,34209,35514,39653,24322,19320,20988,20445,28092,12084,18745
33605,32836,32263,16378,33952,38120,39108,37274,34512,34209,35514,39653,24322,19320,20988,20445,28092,12084,18745
32270,32815,32610,18512,32802,38120,39108,37274,34512,34209,35514,39653,24322,19320,20988,20445,28092,12084,18745
31320,32722,32567,20401,32733,38120,39108,37274,34512,34209,35514,39653,24322,19320,20988,20445,28092,12084,18745
30683,32828,32482,22008,33888,38120,39108,37274,34512,34209,35514,39653,24322,19320,20988,20445,28092,12084,18745
30248,32968,32655,23435,32389,38120,39108,37274,34512,34209,35514,39653,24322,19320,20988,20445,28092,12084,18745
29976,32909,34596,24651,32268,38120,39108,37274,34512,34209,35514,39653,24322,19320,20988,20445,28092,12084,18745
29863,32866,34734,25711,33972,37504,38338,36744,34332,34688,34738,39536,24248,19732,20525,17180,29156,11992,22284
29811,33117,33623,26628,32275,37504,38338,36744,34332,34688,34738,39536,24248,19732,20525,17180,29156,11992,22284
30004,33169,33318,27428,32101,37504,38338,36744,34332,34688,34738,39536,24248,19732,20525,17180,29156,11992,22284
30150,32983,34925,28293,34046,37504,38338,36744,34332,34688,34738,39536,24248,19732,20525,17180,29156,11992,22284
30248,32496,33870,36480,33134,37504,38338,36744,34332,34688,34738,39536,24248,19732,20525,17180,29156,11992,22284
30304,32397,30750,38422,34111,37504,38338,36744,34332,34688,34738,39536,24248,19732,20525,17180,29156,11992,22284
30573,32357,28457,39788,34010,37504,38338,36744,34332,34688,34738,39536,24248,19732,20525,17180,29156,11992,22284
30782,32570,30274,40709,32456,37504,38338,36744,34332,34688,34738,39536,24248,19732,20525,17180,29156,11992,22284
30984,32582,33627,41364,32850,37504,38338,36744,34332,34688,34738,39536,24248,19732,20525,17180,29156,11992,22284
30905,32812,33732,41595,32525,37504,38338,36744,34332,34688,34738,39536,24248,19732,20525,17180,29156,11992,22284
31033,33055,32903,41469,32603,37254,37516,36240,34349,34642,34388,39512,24208,20773,21020,16140,27464,10421,27377
31219,32904,32943,41259,32263,37254,37516,36240,34349,34642,34388,39512,24208,20773,21020,16140,27464,10421,27377
31332,32871,32379,41013,31661,37254,37516,36240,34349,34642,34388,39512,24208,20773,21020,16140,27464,10421,27377
31448,32880,32543,40809,31991,37254,37516,36240,34349,34642,34388,39512,24208,20773,21020,16140,27464,10421,27377
31632,32807,33507,40502,32715,37254,37516,36240,34349,34642,34388,39512,24208,20773,21020,16140,27464,10421,27377
31574,32649,33404,39986,31931,37254,37516,36240,34349,34642,34388,39512,24208,20773,21020,16140,27464,10421,27377
31654,32740,33662,39482,32991,37254,37516,36240,34349,34642,34388,39512,24208,20773,21020,16140,27464,10421,27377
31817,32935,32972,38979,32233,37254,37516,36240,34349,34642,34388,39512,24208,20773,21020,16140,27464,10421,27377
32052,32836,33390,38670,32356,37254,37516,36240,34349,34642,34388,39512,24208,20773,21020,16140,27464,10421,27377
32254,33010,33287,38335,32535,37254,37516,36240,34349,34642,34388,39512,24208,20773,21020,16140,27464,10421,27377
32338,33089,32729,37993,31650,37326,36908,36280,34405,34249,34302,38712,24276,21668,22353,16517,27882,9256,30706
32254,33014,32983,37478,31699,37326,36908,36280,34405,34249,34302,38712,24276,21668,22353,16517,27882,9256,30706
32240,32931,32823,37050,33793,37326,36908,36280,34405,34249,34302,38712,24276,21668,22353,16517,27882,9256,30706
32281,32835,32676,36660,34557,37326,36908,36280,34405,34249,34302,38712,24276,21668,22353,16517,27882,9256,30706
32305,32699,31414,36436,33231,37326,36908,36280,34405,34249,34302,38712,24276,21668,22353,16517,27882,9256,30706
32308,32825,33228,36141,32512,37326,36908,36280,34405,34249,34302,38712,24276,21668,22353,16517,27882,9256,30706
32280,32848,33240,35891,31926,37326,36908,36280,34405,34249,34302,38712,24276,21668,22353,16517,27882,9256,30706
32406,32822,32902,35728,31092,37326,36908,36280,34405,34249,34302,38712,24276,21668,22353,16517,27882,9256,30706
32398,32888,32459,35413,32787,37326,36908,36280,34405,34249,34302,38712,24276,21668,22353,16517,27882,9256,30706
32388,32775,32596,35241,35356,37326,36908,36280,34405,34249,34302,38712,24276,21668,22353,16517,27882,9256,30706
32416,32709,32594,35047,34624,37424,36744,36180,34226,33840,34539,38400,24272,21973,22600,16932,26981,7631,29361
32372,32903,32398,34770,32423,37424,36744,36180,34226,33840,34539,38400,24272,21973,22600,16932,26981,7631,29361
32292,32822,32998,34504,32812,37424,36744,36180,34226,33840,34539,38400,24272,21973,22600,16932,26981,7631,29361
32356,32756,33380,34334,31831,37424,36744,36180,34226,33840,34539,38400,24272,21973,22600,16932,26981,7631,29361
32502,32655,32300,34258,32733,37424,36744,36180,34226,33840,34539,38400,24272,21973,22600,16932,26981,7631,29361
32458,32842,32138,34295,36421,37424,36744,36180,34226,33840,34539,38400,24272,21973,22600,16932,26981,7631,29361
32444,32848,32872,34157,32596,37424,36744,36180,34226,33840,34539,38400,24272,21973,22600,16932,26981,7631,29361
32565,32930,32572,34074,32800,37424,36744,36180,34226,33840,34539,38400,24272,21973,22600,16932,26981,7631,29361
32624,32804,31865,33923,28743,37424,36744,36180,34226,33840,34539,38400,24272,21973,22600,16932,26981,7631,29361
32536,32670,31574,33636,31146,37424,36744,36180,34226,33840,34539,38400,24272,21973,22600,16932,26981,7631,29361
32630,32668,31817,33496,34853,37280,36914,35906,34244,33676,34904,38298,24260,21688,23672,19886,26029,5689,25629
32676,32772,32703,33533,34297,37280,36914,35906,34244,33676,34904,38298,24260,21688,23672,19886,26029,5689,25629
32712,33004,34004,33555,30987,37280,36914,35906,34244,33676,34904,38298,24260,21688,23672,19886,26029,5689,25629
32740,33440,33976,49358,34364,37280,36914,35906,34244,33676,34904,38298,24260,21688,23672,19886,26029,5689,25629
14971,33114,33781,59128,32576,37280,36914,35906,34244,33676,34904,38298,24260,21688,23672,19886,26029,5689,25629
22153,32642,33053,56824,31140,37280,36914,35906,34244,33676,34904,38298,24260,21688,23672,19886,26029,5689,25629
32645,32651,32268,53766,33212,37280,36914,35906,34244,33676,34904,38298,24260,21688,23672,19886,26029,5689,25629
42336,32436,32492,51026,32544,37280,36914,35906,34244,33676,34904,38298,24260,21688,23672,19886,26029,5689,25629
42382,32548,32434,48663,33302,37280,36914,35906,34244,33676,34904,38298,24260,21688,23672,19886,26029,5689,25629
30600,32530,32511,46599,33444,37280,36914,35906,34244,33676,34904,38298,24260,21688,23672,19886,26029,5689,25629
32475,32803,32940,44809,35062,36932,37025,35584,34132,33892,35058,38220,24360,21184,24289,23489,26627,4467,25075
39721,32604,32786,43256,32736,36932,37025,35584,34132,33892,35058,38220,24360,21184,24289,23489,26627,4467,25075
36908,32618,32866,41,32854,36932,37025,35584,34132,33892,35058,38220,24360,21184,24289,23489,26627,4467,25075
34424,32961,33162,11,34203,36932,37025,35584,34132,33892,35058,38220,24360,21184,24289,23489,26627,4467,25075
33820,33061,33424,11,35900,36932,37025,35584,34132,33892,35058,38220,24360,21184,24289,23489,26627,4467,25075
33516,32914,33654,873,35089,36932,37025,35584,34132,33892,35058,38220,24360,21184,24289,23489,26627,4467,25075
30237,32876,33248,50956,32688,36932,37025,35584,34132,33892,35058,38220,24360,21184,24289,23489,26627,4467,25075
16502,32772,32733,58076,32666,36932,37025,35584,34132,33892,35058,38220,24360,21184,24289,23489,26627,4467,25075
21273,32763,32808,55623,34532,36932,37025,35584,34132,33892,35058,38220,24360,21184,24289,23489,26627,4467,25075
29550,32548,32287,52652,31796,36932,37025,35584,34132,33892,35058,38220,24360,21184,24289,23489,26627,4467,25075
32516,32536,31366,49949,31736,36756,36792,35136,33949,34252,34976,38396,24434,21057,25224,26101,26689,3913,24901
29600,32532,30820,47668,33273,36756,36792,35136,33949,34252,34976,38396,24434,21057,25224,26101,26689,3913,24901
11069,32165,40591,45724,33981,36756,36792,35136,33949,34252,34976,38396,24434,21057,25224,26101,26689,3913,24901
12862,32386,34631,44036,33442,36756,36792,35136,33949,34252,34976,38396,24434,21057,25224,26101,26689,3913,24901
15503,32508,25787,42580,35321,36756,36792,35136,33949,34252,34976,38396,24434,21057,25224,26101,26689,3913,24901
22216,32920,30394,41304,34132,36756,36792,35136,33949,34252,34976,38396,24434,21057,25224,26101,26689,3913,24901
45604,33440,31610,40064,29924,36756,36792,35136,33949,34252,34976,38396,24434,21057,25224,26101,26689,3913,24901
65505,32938,32485,30,32420,36756,36792,35136,33949,34252,34976,38396,24434,21057,25224,26101,26689,3913,24901
65516,32540,34044,5595,34352,36756,36792,35136,33949,34252,34976,38396,24434,21057,25224,26101,26689,3913,24901
40584,32540,34938,37068,31492,36756,36792,35136,33949,34252,34976,38396,24434,21057,25224,26101,26689,3913,24901
58532,32635,34440,4060,30850,36370,36552,35069,34058,34345,34836,38458,24532,21413,26601,28085,30280,4152,28388
45616,33134,33478,17862,31746,36370,36552,35069,34058,34345,34836,38458,24532,21413,26601,28085,30280,4152,28388
41460,33268,32844,277,31736,36370,36552,35069,34058,34345,34836,38458,24532,21413,26601,28085,30280,4152,28388
38405,32932,33180,3363,31291,36370,36552,35069,34058,34345,34836,38458,24532,21413,26601,28085,30280,4152,28388
36248,32585,32468,7363,32256,36370,36552,35069,34058,34345,34836,38458,24532,21413,26601,28085,30280,4152,28388
34582,32861,31661,10760,33848,36370,36552,35069,34058,34345,34836,38458,24532,21413,26601,28085,30280,4152,28388
32352,33368,31720,41428,34512,36370,36552,35069,34058,34345,34836,38458,24532,21413,26601,28085,30280,4152,28388
16098,33690,32300,65504,31450,36370,36552,35069,34058,34345,34836,38458,24532,21413,26601,28085,30280,4152,28388
27104,32739,33460,64582,30892,36370,36552,35069,34058,34345,34836,38458,24532,21413,26601,28085,30280,4152,28388
32485,32434,33828,60444,33821,36370,36552,35069,34058,34345,34836,38458,24532,21413,26601,28085,30280,4152,28388
34116,32940,32942,56660,34640,35952,36272,35056,33888,34145,34722,38008,24576,21568,26524,28793,29700,4875,30332
24582,32624,32114,53476,32417,35952,36272,35056,33888,34145,34722,38008,24576,21568,26524,28793,29700,4875,30332
4886,31984,35478,50732,33152,35952,36272,35056,33888,34145,34722,38008,24576,21568,26524,28793,29700,4875,30332
7582,32788,33568,48383,33360,35952,36272,35056,33888,34145,34722,38008,24576,21568,26524,28793,29700,4875,30332
11042,33316,30111,46318,32334,35952,36272,35056,33888,34145,34722,38008,24576,21568,26524,28793,29700,4875,30332
32580,33012,30888,44537,32152,35952,36272,35056,33888,34145,34722,38008,24576,21568,26524,28793,29700,4875,30332
62912,32190,31589,49,34060,35952,36272,35056,33888,34145,34722,38008,24576,21568,26524,28793,29700,4875,30332
65496,32156,33716,13,32600,35952,36272,35056,33888,34145,34722,38008,24576,21568,26524,28793,29700,4875,30332
50428,32903,35082,12,31912,35952,36272,35056,33888,34145,34722,38008,24576,21568,26524,28793,29700,4875,30332
45426,33893,32633,1543,35084,35952,36272,35056,33888,34145,34722,38008,24576,21568,26524,28793,29700,4875,30332
41612,33897,31349,5938,34464,35392,36045,35122,33946,33660,34782,37440,24760,21793,26078,27708,29596,5644,31194
38733,32792,30732,9621,32379,35392,36045,35122,33946,33660,34782,37440,24760,21793,26078,27708,29596,5644,31194
36514,32044,33151,12717,32477,35392,36045,35122,33946,33660,34782,37440,24760,21793,26078,27708,29596,5644,31194
34796,31647,35033,15343,34632,35392,36045,35122,33946,33660,34782,37440,24760,21793,26078,27708,29596,5644,31194
33476,32292,33870,17656,32447,35392,36045,35122,33946,33660,34782,37440,24760,21793,26078,27708,29596,5644,31194
32518,33036,32389,19675,32009,35392,36045,35122,33946,33660,34782,37440,24760,21793,26078,27708,29596,5644,31194
31789,32714,32929,21428,33820,35392,36045,35122,33946,33660,34782,37440,24760,21793,26078,27708,29596,5644,31194
31255,32602,33332,39672,32692,35392,36045,35122,33946,33660,34782,37440,24760,21793,26078,27708,29596,5644,31194
30826,32332,33564,65506,30793,35392,36045,35122,33946,33660,34782,37440,24760,21793,26078,27708,29596,5644,31194
30564,32304,33056,51776,33514,35392,36045,35122,33946,33660,34782,37440,24760,21793,26078,27708,29596,5644,31194
30440,32850,32670,15923,32620,34880,36021,35144,33820,33432,34872,37100,24908,22144,24789,25512,28048,6174,29709
30455,32884,32543,16123,31579,34880,36021,35144,33820,33432,34872,37100,24908,22144,24789,25512,28048,6174,29709
13673,33064,32996,65468,33784,34880,36021,35144,33820,33432,34872,37100,24908,22144,24789,25512,28048,6174,29709
29068,33419,32579,65516,32362,34880,36021,35144,33820,33432,34872,37100,24908,22144,24789,25512,28048,6174,29709
42112,33338,31398,65526,31350,34880,36021,35144,33820,33432,34872,37100,24908,22144,24789,25512,28048,6174,29709
33452,33058,31724,18922,33770,34880,36021,35144,33820,33432,34872,37100,24908,22144,24789,25512,28048,6174,29709
32372,32786,32086,5857,33096,34880,36021,35144,33820,33432,34872,37100,24908,22144,24789,25512,28048,6174,29709
32187,32292,32421,8740,31881,34880,36021,35144,33820,33432,34872,37100,24908,22144,24789,25512,28048,6174,29709
32027,32137,33347,11990,33780,34880,36021,35144,33820,33432,34872,37100,24908,22144,24789,25512,28048,6174,29709
32100,32230,33690,14832,34168,34880,36021,35144,33820,33432,34872,37100,24908,22144,24789,25512,28048,6174,29709
32059,32178,32645,17232,32411,34536,36028,34980,33832,33660,34860,37164,25060,22636,23445,22094,28406,6355,25238
32101,32216,31898,19286,33224,34536,36028,34980,33832,33660,34860,37164,25060,22636,23445,22094,28406,6355,25238
32084,32560,32086,21159,33781,34536,36028,34980,33832,33660,34860,37164,25060,22636,23445,22094,28406,6355,25238
32028,32680,32704,22710,31355,34536,36028,34980,33832,33660,34860,37164,25060,22636,23445,22094,28406,6355,25238
32144,33129,32775,24036,32753,34536,36028,34980,33832,33660,34860,37164,25060,22636,23445,22094,28406,6355,25238
32114,33564,33991,25187,33647,34536,36028,34980,33832,33660,34860,37164,25060,22636,23445,22094,28406,6355,25238
32124,33409,33669,26173,32057,34536,36028,34980,33832,33660,34860,37164,25060,22636,23445,22094,28406,6355,25238
32125,33378,33395,27033,32786,34536,36028,34980,33832,33660,34860,37164,25060,22636,23445,22094,28406,6355,25238
32130,33042,32848,27777,34299,34536,36028,34980,33832,33660,34860,37164,25060,22636,23445,22094,28406,6355,25238
32086,32587,33280,35605,31891,34536,36028,34980,33832,33660,34860,37164,25060,22636,23445,22094,28406,6355,25238
32286,32538,33434,37754,32294,34484,35748,34656,33764,33984,34554,37192,25154,23872,22122,18372,28813,7016,23524
32363,32679,31224,39353,34080,34484,35748,34656,33764,33984,34554,37192,25154,23872,22122,18372,28813,7016,23524
32237,32664,30989,40292,32311,34484,35748,34656,33764,33984,34554,37192,25154,23872,22122,18372,28813,7016,23524
32096,32458,31940,40637,32617,34484,35748,34656,33764,33984,34554,37192,25154,23872,22122,18372,28813,7016,23524
32118,32121,32678,40920,34457,34484,35748,34656,33764,33984,34554,37192,25154,23872,22122,18372,28813,7016,23524
32200,32297,32441,40998,33172,34484,35748,34656,33764,33984,34554,37192,25154,23872,22122,18372,28813,7016,23524
32566,32819,33613,40940,31668,34484,35748,34656,33764,33984,34554,37192,25154,23872,22122,18372,28813,7016,23524
32734,33189,33645,40860,33798,34484,35748,34656,33764,33984,34554,37192,25154,23872,22122,18372,28813,7016,23524
32884,32933,32466,40616,32240,34484,35748,34656,33764,33984,34554,37192,25154,23872,22122,18372,28813,7016,23524
32604,33284,32402,40393,31448,34484,35748,34656,33764,33984,34554,37192,25154,23872,22122,18372,28813,7016,23524
32413,33508,32840,40090,33791,34700,35338,34512,33572,34194,34336,37232,25196,25132,21692,16313,32644,8397,23784
32316,33292,32921,39508,31741,34700,35338,34512,33572,34194,34336,37232,25196,25132,21692,16313,32644,8397,23784
32327,33026,33024,39023,32120,34700,35338,34512,33572,34194,34336,37232,25196,25132,21692,16313,32644,8397,23784
32277,32840,33348,38488,33503,34700,35338,34512,33572,34194,34336,37232,25196,25132,21692,16313,32644,8397,23784
32284,32802,31996,38053,31736,34700,35338,34512,33572,34194,34336,37232,25196,25132,21692,16313,32644,8397,23784
32322,32789,31324,37796,32857,34700,35338,34512,33572,34194,34336,37232,25196,25132,21692,16313,32644,8397,23784
32424,32432,32879,37517,33416,34700,35338,34512,33572,34194,34336,37232,25196,25132,21692,16313,32644,8397,23784
32348,32618,33560,37186,31852,34700,35338,34512,33572,34194,34336,37232,25196,25132,21692,16313,32644,8397,23784
32272,32464,34140,36851,33432,34700,35338,34512,33572,34194,34336,37232,25196,25132,21692,16313,32644,8397,23784
32212,32399,33362,36557,34464,34700,35338,34512,33572,34194,34336,37232,25196,25132,21692,16313,32644,8397,23784
32277,32545,31884,36223,32160,34880,34953,34344,33456,34174,34200,37200,25260,26464,21676,15560,31889,9759,23833
32434,32771,31717,36105,32644,34880,34953,34344,33456,34174,34200,37200,25260,26464,21676,15560,31889,9759,23833
32918,33046,31904,35867,34556,34880,34953,34344,33456,34174,34200,37200,25260,26464,21676,15560,31889,9759,23833
33105,33476,31636,35576,32064,34880,34953,34344,33456,34174,34200,37200,25260,26464,21676,15560,31889,9759,23833
33249,33309,30110,35350,32204,34880,34953,34344,33456,34174,34200,37200,25260,26464,21676,15560,31889,9759,23833
33181,32846,29645,35055,34170,34880,34953,34344,33456,34174,34200,37200,25260,26464,21676,15560,31889,9759,23833
32928,32930,33024,34856,32514,34880,34953,34344,33456,34174,34200,37200,25260,26464,21676,15560,31889,9759,23833
32924,33213,37251,34764,32082,34880,34953,34344,33456,34174,34200,37200,25260,26464,21676,15560,31889,9759,23833
32894,32834,36692,34487,34197,34880,34953,34344,33456,34174,34200,37200,25260,26464,21676,15560,31889,9759,23833
32784,32889,34660,34296,32315,34880,34953,34344,33456,34174,34200,37200,25260,26464,21676,15560,31889,9759,23833
32746,32837,32882,34180,31928,34812,34800,34176,33330,33992,34264,37284,25289,27476,22780,16334,29852,10971,26263
32726,32756,32436,34118,34055,34812,34800,34176,33330,33992,34264,37284,25289,27476,22780,16334,29852,10971,26263
32778,32612,32660,33970,32575,34812,34800,34176,33330,33992,34264,37284,25289,27476,22780,16334,29852,10971,26263
32838,32669,33079,33885,32052,34812,34800,34176,33330,33992,34264,37284,25289,27476,22780,16334,29852,10971,26263
32768,32829,33038,33693,34135,34812,34800,34176,33330,33992,34264,37284,25289,27476,22780,16334,29852,10971,26263
32736,32756,33023,33655,32443,34812,34800,34176,33330,33992,34264,37284,25289,27476,22780,16334,29852,10971,26263
32717,32747,32288,33622,31555,34812,34800,34176,33330,33992,34264,37284,25289,27476,22780,16334,29852,10971,26263
32695,32666,32228,33620,34045,34812,34800,34176,33330,33992,34264,37284,25289,27476,22780,16334,29852,10971,26263
32736,32695,32700,33590,32292,34812,34800,34176,33330,33992,34264,37284,25289,27476,22780,16334,29852,10971,26263
32738,32727,32613,33572,31295,34812,34800,34176,33330,33992,34264,37284,25289,27476,22780,16334,29852,10971,26263
32872,32825,31632,33488,33775,34724,34594,34040,33316,33694,34364,36998,25510,28052,25077,19875,32892,11959,27184
32775,32844,32274,33348,32215,34724,34594,34040,33316,33694,34364,36998,25510,28052,25077,19875,32892,11959,27184
32721,32840,32524,33351,31694,34724,34594,34040,33316,33694,34364,36998,25510,28052,25077,19875,32892,11959,27184
32676,32752,31968,33287,33932,34724,34594,34040,33316,33694,34364,36998,25510,28052,25077,19875,32892,11959,27184
32672,32942,32502,33228,32143,34724,34594,34040,33316,33694,34364,36998,25510,28052,25077,19875,32892,11959,27184
32651,32935,33022,33180,31591,34724,34594,34040,33316,33694,34364,36998,25510,28052,25077,19875,32892,11959,27184
32603,32775,32998,33124,33883,34724,34594,34040,33316,33694,34364,36998,25510,28052,25077,19875,32892,11959,27184
32494,32661,33052,33093,31824,34724,34594,34040,33316,33694,34364,36998,25510,28052,25077,19875,32892,11959,27184
32424,32747,32644,33161,32099,34724,34594,34040,33316,33694,34364,36998,25510,28052,25077,19875,32892,11959,27184
32423,32773,32130,33173,34505,34724,34594,34040,33316,33694,34364,36998,25510,28052,25077,19875,32892,11959,27184
32386,32754,32493,33122,32967,34536,34630,34089,33288,33344,34504,36692,25676,27980,28224,23456,31140,12733,27072
32412,32670,33236,33053,32128,34536,34630,34089,33288,33344,34504,36692,25676,27980,28224,23456,31140,12733,27072
32494,32663,33242,32976,34018,34536,34630,34089,33288,33344,34504,36692,25676,27980,28224,23456,31140,12733,27072
32637,32830,33746,33047,32904,34536,34630,34089,33288,33344,34504,36692,25676,27980,28224,23456,31140,12733,27072
32660,32766,32909,33010,31615,34536,34630,34089,33288,33344,34504,36692,25676,27980,28224,23456,31140,12733,27072
32668,32639,32298,33090,33974,34536,34630,34089,33288,33344,34504,36692,25676,27980,28224,23456,31140,12733,27072
32649,32784,32125,33069,33389,34536,34630,34089,33288,33344,34504,36692,25676,27980,28224,23456,31140,12733,27072
32774,32822,32382,33036,32043,34536,34630,34089,33288,33344,34504,36692,25676,27980,28224,23456,31140,12733,27072
32966,32837,31713,33049,33082,34536,34630,34089,33288,33344,34504,36692,25676,27980,28224,23456,31140,12733,27072
33032,32676,32184,33049,34543,34536,34630,34089,33288,33344,34504,36692,25676,27980,28224,23456,31140,12733,27072
32889,32921,33599,32992,31623,34376,34866,34299,33240,33178,34544,36600,25700,27896,31036,26180,35589,12810,25028
32745,32993,33092,32909,32889,34376,34866,34299,33240,33178,34544,36600,25700,27896,31036,26180,35589,12810,25028
32858,32831,32651,32919,34054,34376,34866,34299,33240,33178,34544,36600,25700,27896,31036,26180,35589,12810,25028
32930,32993,31995,32869,31936,34376,34866,34299,33240,33178,34544,36600,25700,27896,31036,26180,35589,12810,25028
32959,32859,33210,32898,32561,34376,34866,34299,33240,33178,34544,36600,25700,27896,31036,26180,35589,12810,25028
33026,32696,34355,32839,34146,34376,34866,34299,33240,33178,34544,36600,25700,27896,31036,26180,35589,12810,25028
33061,32835,32385,32818,32127,34376,34866,34299,33240,33178,34544,36600,25700,27896,31036,26180,35589,12810,25028
33017,32935,33398,32857,31962,34376,34866,34299,33240,33178,34544,36600,25700,27896,31036,26180,35589,12810,25028
32837,32920,33428,32868,33919,34376,34866,34299,33240,33178,34544,36600,25700,27896,31036,26180,35589,12810,25028
32787,32756,32414,32903,31703,34376,34866,34299,33240,33178,34544,36600,25700,27896,31036,26180,35589,12810,25028
32788,32957,32642,32926,32468,34352,34928,34388,33152,33150,34472,36740,25864,27665,32865,25829,34764,13222,23972
32882,32896,32922,32916,33896,34352,34928,34388,33152,33150,34472,36740,25864,27665,32865,25829,34764,13222,23972
32738,32691,33113,32939,31694,34352,34928,34388,33152,33150,34472,36740,25864,27665,32865,25829,34764,13222,23972
32575,32686,33176,32812,32464,34352,34928,34388,33152,33150,34472,36740,25864,27665,32865,25829,34764,13222,23972
32478,32782,33018,32815,33525,34352,34928,34388,33152,33150,34472,36740,25864,27665,32865,25829,34764,13222,23972
32405,32732,33382,32860,31674,34352,34928,34388,33152,33150,34472,36740,25864,27665,32865,25829,34764,13222,23972
32380,32645,33130,32844,33053,34352,34928,34388,33152,33150,34472,36740,25864,27665,32865,25829,34764,13222,23972
32391,32720,32246,32951,33624,34352,34928,34388,33152,33150,34472,36740,25864,27665,32865,25829,34764,13222,23972
32570,32749,31832,32934,32007,34352,34928,34388,33152,33150,34472,36740,25864,27665,32865,25829,34764,13222,23972
32649,32498,31987,32867,33344,34352,34928,34388,33152,33150,34472,36740,25864,27665,32865,25829,34764,13222,23972
32584,32368,32738,32773,33545,34280,35162,34758,33052,33278,34576,36908,26104,27812,34852,25550,36304,14354,23552
32739,32461,32936,32727,32082,34280,35162,34758,33052,33278,34576,36908,26104,27812,34852,25550,36304,14354,23552
23736,33146,32970,56831,33076,34280,35162,34758,33052,33278,34576,36908,26104,27812,34852,25550,36304,14354,23552
7222,33114,32996,57152,34366,34280,35162,34758,33052,33278,34576,36908,26104,27812,34852,25550,36304,14354,23552
17885,33130,33082,54338,32082,34280,35162,34758,33052,33278,34576,36908,26104,27812,34852,25550,36304,14354,23552
29554,33300,32952,51516,32524,34280,35162,34758,33052,33278,34576,36908,26104,27812,34852,25550,36304,14354,23552
36217,32897,33309,49053,34578,34280,35162,34758,33052,33278,34576,36908,26104,27812,34852,25550,36304,14354,23552
43172,32891,33872,46996,31949,34280,35162,34758,33052,33278,34576,36908,26104,27812,34852,25550,36304,14354,23552
36252,32910,30964,45113,33418,34280,35162,34758,33052,33278,34576,36908,26104,27812,34852,25550,36304,14354,23552
35464,32965,30446,43562,33993,34280,35162,34758,33052,33278,34576,36908,26104,27812,34852,25550,36304,14354,23552
29804,32753,31181,42154,31881,34284,35313,34948,33060,33312,34656,37108,26170,28080,36296,23724,35130,14896,22312
29796,32504,32272,40920,33531,34284,35313,34948,33060,33312,34656,37108,26170,28080,36296,23724,35130,14896,22312
55696,32484,32412,10392,32834,34284,35313,34948,33060,33312,34656,37108,26170,28080,36296,23724,35130,14896,22312
43364,32554,32363,10,31301,34284,35313,34948,33060,33312,34656,37108,26170,28080,36296,23724,35130,14896,22312
40096,32596,33318,11,33964,34284,35313,34948,33060,33312,34656,37108,26170,28080,36296,23724,35130,14896,22312
38096,32614,33510,5636,32714,34284,35313,34948,33060,33312,34656,37108,26170,28080,36296,23724,35130,14896,22312
28749,32600,33002,51186,31937,34284,35313,34948,33060,33312,34656,37108,26170,28080,36296,23724,35130,14896,22312
33486,32698,33564,54362,33765,34284,35313,34948,33060,33312,34656,37108,26170,28080,36296,23724,35130,14896,22312
32340,32590,33884,52052,33164,34284,35313,34948,33060,33312,34656,37108,26170,28080,36296,23724,35130,14896,22312
41950,32840,33362,48934,31751,34284,35313,34948,33060,33312,34656,37108,26170,28080,36296,23724,35130,14896,22312
34880,32840,32574,30,33656,34302,35356,35152,32984,33336,34818,37124,26324,28893,35512,21901,37419,16060,23532
33216,32832,32132,7,32352,34302,35356,35152,32984,33336,34818,37124,26324,28893,35512,21901,37419,16060,23532
5013,32955,31892,49949,31620,34302,35356,35152,32984,33336,34818,37124,26324,28893,35512,21901,37419,16060,23532
6745,32791,32409,53552,33840,34302,35356,35152,32984,33336,34818,37124,26324,28893,35512,21901,37419,16060,23532
19560,32888,32888,51360,32992,34302,35356,35152,32984,33336,34818,37124,26324,28893,35512,21901,37419,16060,23532
45394,32888,32690,44992,31714,34302,35356,35152,32984,33336,34818,37124,26324,28893,35512,21901,37419,16060,23532
57136,32649,33132,32,34189,34302,35356,35152,32984,33336,34818,37124,26324,28893,35512,21901,37419,16060,23532
45117,32720,33238,13,33502,34302,35356,35152,32984,33336,34818,37124,26324,28893,35512,21901,37419,16060,23532
41440,32816,32497,10,31318,34302,35356,35152,32984,33336,34818,37124,26324,28893,35512,21901,37419,16060,23532
39235,32854,32386,5275,33352,34302,35356,35152,32984,33336,34818,37124,26324,28893,35512,21901,37419,16060,23532
37642,32873,32543,9060,32564,34324,35608,35344,32832,33360,34991,36880,26404,29776,35296,19445,34071,16709,23440
36228,32880,32480,54716,30880,34324,35608,35344,32832,33360,34991,36880,26404,29776,35296,19445,34071,16709,23440
35105,32778,32440,24092,33922,34324,35608,35344,32832,33360,34991,36880,26404,29776,35296,19445,34071,16709,23440
34224,32864,32609,10677,34128,34324,35608,35344,32832,33360,34991,36880,26404,29776,35296,19445,34071,16709,23440
33586,32852,32792,12759,32450,34324,35608,35344,32832,33360,34991,36880,26404,29776,35296,19445,34071,16709,23440
23188,32824,33280,61144,32728,34324,35608,35344,32832,33360,34991,36880,26404,29776,35296,19445,34071,16709,23440
11744,32688,33282,65515,34735,34324,35608,35344,32832,33360,34991,36880,26404,29776,35296,19445,34071,16709,23440
6439,32926,33584,62906,31934,34324,35608,35344,32832,33360,34991,36880,26404,29776,35296,19445,34071,16709,23440
9527,32822,37736,58745,33222,34324,35608,35344,32832,33360,34991,36880,26404,29776,35296,19445,34071,16709,23440
12733,32824,31514,55276,34128,34324,35608,35344,32832,33360,34991,36880,26404,29776,35296,19445,34071,16709,23440
15488,32724,28464,52216,32412,34444,35872,35352,32845,33300,35188,36768,26642,30624,35024,16985,35114,17106,22620
26060,32888,32800,49683,31546,34444,35872,35352,32845,33300,35188,36768,26642,30624,35024,16985,35114,17106,22620
28614,32726,39068,47440,35346,34444,35872,35352,32845,33300,35188,36768,26642,30624,35024,16985,35114,17106,22620
32000,32828,34968,45480,34045,34444,35872,35352,32845,33300,35188,36768,26642,30624,35024,16985,35114,17106,22620
34668,32827,29916,43938,29712,34444,35872,35352,32845,33300,35188,36768,26642,30624,35024,16985,35114,17106,22620
36496,32789,28418,42439,33174,34444,35872,35352,32845,33300,35188,36768,26642,30624,35024,16985,35114,17106,22620
40822,32781,29606,28076,34913,34444,35872,35352,32845,33300,35188,36768,26642,30624,35024,16985,35114,17106,22620
46249,32812,31948,20836,31837,34444,35872,35352,32845,33300,35188,36768,26642,30624,35024,16985,35114,17106,22620
37135,32864,32800,32048,32406,34444,35872,35352,32845,33300,35188,36768,26642,30624,35024,16985,35114,17106,22620
35956,32832,32804,31259,34309,34444,35872,35352,32845,33300,35188,36768,26642,30624,35024,16985,35114,17106,22620
36601,32646,31922,28550,31414,34596,35896,35288,32872,33213,35424,36834,26792,31488,34235,14041,34558,17577,21952
37652,32750,31116,21320,35908,34596,35896,35288,32872,33213,35424,36834,26792,31488,34235,14041,34558,17577,21952
64704,32700,32572,20,34852,34596,35896,35288,32872,33213,35424,36834,26792,31488,34235,14041,34558,17577,21952
64420,32665,32957,13,29768,34596,35896,35288,32872,33213,35424,36834,26792,31488,34235,14041,34558,17577,21952
60232,32584,32998,10,34003,34596,35896,35288,32872,33213,35424,36834,26792,31488,34235,14041,34558,17577,21952
53128,32758,33280,4380,32254,34596,35896,35288,32872,33213,35424,36834,26792,31488,34235,14041,34558,17577,21952
28388,32922,32698,45208,31277,34596,35896,35288,32872,33213,35424,36834,26792,31488,34235,14041,34558,17577,21952
20818,32775,32340,59260,33392,34596,35896,35288,32872,33213,35424,36834,26792,31488,34235,14041,34558,17577,21952
32520,32635,33041,32007,35495,34596,35896,35288,32872,33213,35424,36834,26792,31488,34235,14041,34558,17577,21952
44924,32444,33324,15488,31664,34596,35896,35288,32872,33213,35424,36834,26792,31488,34235,14041,34558,17577,21952
12136,33159,32590,56546,32498,34586,36018,35136,32768,33182,35605,36944,26892,31915,34118,12333,38708,18119,21257
22596,33066,32726,44317,33962,34586,36018,35136,32768,33182,35605,36944,26892,31915,34118,12333,38708,18119,21257
10874,32826,34381,53428,33696,34586,36018,35136,32768,33182,35605,36944,26892,31915,34118,12333,38708,18119,21257
14840,32675,30895,49399,31655,34586,36018,35136,32768,33182,35605,36944,26892,31915,34118,12333,38708,18119,21257
36371,32912,32624,21641,33262,34586,36018,35136,32768,33182,35605,36944,26892,31915,34118,12333,38708,18119,21257
53345,32800,33110,5632,32742,34586,36018,35136,32768,33182,35605,36944,26892,31915,34118,12333,38708,18119,21257
59653,32740,33054,1313,31642,34586,36018,35136,32768,33182,35605,36944,26892,31915,34118,12333,38708,18119,21257
49244,32678,32704,4879,33022,34586,36018,35136,32768,33182,35605,36944,26892,31915,34118,12333,38708,18119,21257
43132,32831,32652,8651,34556,34586,36018,35136,32768,33182,35605,36944,26892,31915,34118,12333,38708,18119,21257
39453,32837,32825,11901,33084,34586,36018,35136,32768,33182,35605,36944,26892,31915,34118,12333,38708,18119,21257
36772,32841,32783,14670,32236,34552,36432,35012,32804,33136,35756,36716,27081,31841,34012,12042,35055,18884,21314
34484,32687,32765,17099,34622,34552,36432,35012,32804,33136,35756,36716,27081,31841,34012,12042,35055,18884,21314
32845,32656,32642,19172,34354,34552,36432,35012,32804,33136,35756,36716,27081,31841,34012,12042,35055,18884,21314
31589,32686,32928,20990,30281,34552,36432,35012,32804,33136,35756,36716,27081,31841,34012,12042,35055,18884,21314
30696,32760,33124,22540,32902,34552,36432,35012,32804,33136,35756,36716,27081,31841,34012,12042,35055,18884,21314
30214,32847,33078,23875,30111,34552,36432,35012,32804,33136,35756,36716,27081,31841,34012,12042,35055,18884,21314
30164,33263,32889,25039,30834,34552,36432,35012,32804,33136,35756,36716,27081,31841,34012,12042,35055,18884,21314
30208,32993,32684,26044,32843,34552,36432,35012,32804,33136,35756,36716,27081,31841,34012,12042,35055,18884,21314
30052,32767,32464,26916,31189,34552,36432,35012,32804,33136,35756,36716,27081,31841,34012,12042,35055,18884,21314
30256,32812,32662,27675,32628,34552,36432,35012,32804,33136,35756,36716,27081,31841,34012,12042,35055,18884,21314
30282,32827,32694,28324,35812,34552,36312,34770,32660,33172,35888,36608,27248,32132,32608,12453,35812,18979,20384
30313,32800,32357,28894,35564,34552,36312,34770,32660,33172,35888,36608,27248,32132,32608,12453,35812,18979,20384
30627,32601,31342,29410,33607,34552,36312,34770,32660,33172,35888,36608,27248,32132,32608,12453,35812,18979,20384
30868,32545,32455,29833,34463,34552,36312,34770,32660,33172,35888,36608,27248,32132,32608,12453,35812,18979,20384
31012,32477,32551,36666,34173,34552,36312,34770,32660,33172,35888,36608,27248,32132,32608,12453,35812,18979,20384
30930,32656,32559,39080,30338,34552,36312,34770,32660,33172,35888,36608,27248,32132,32608,12453,35812,18979,20384
30832,32840,33298,40117,30938,34552,36312,34770,32660,33172,35888,36608,27248,32132,32608,12453,35812,18979,20384
30539,32715,33162,40735,33052,34552,36312,34770,32660,33172,35888,36608,27248,32132,32608,12453,35812,18979,20384
30365,32802,32958,41194,30941,34552,36312,34770,32660,33172,35888,36608,27248,32132,32608,12453,35812,18979,20384
30417,32601,32877,41521,32712,34552,36312,34770,32660,33172,35888,36608,27248,32132,32608,12453,35812,18979,20384
30605,32609,32421,41740,34695,34588,36233,34654,32768,33264,35880,36768,27481,32501,32728,13699,38694,19906,19709
30876,32802,32583,41578,32800,34588,36233,34654,32768,33264,35880,36768,27481,32501,32728,13699,38694,19906,19709
31264,32724,32388,41493,32290,34588,36233,34654,32768,33264,35880,36768,27481,32501,32728,13699,38694,19906,19709
31604,32679,32565,41319,33721,34588,36233,34654,32768,33264,35880,36768,27481,32501,32728,13699,38694,19906,19709
31532,32590,32652,41048,32237,34588,36233,34654,32768,33264,35880,36768,27481,32501,32728,13699,38694,19906,19709
31497,32816,32584,40523,32016,34588,36233,34654,32768,33264,35880,36768,27481,32501,32728,13699,38694,19906,19709
31643,32948,32720,39943,33598,34588,36233,34654,32768,33264,35880,36768,27481,32501,32728,13699,38694,19906,19709
31780,33248,32724,39599,30510,34588,36233,34654,32768,33264,35880,36768,27481,32501,32728,13699,38694,19906,19709
31912,32871,32885,39178,33056,34588,36233,34654,32768,33264,35880,36768,27481,32501,32728,13699,38694,19906,19709
32055,32764,33572,38591,33856,34588,36233,34654,32768,33264,35880,36768,27481,32501,32728,13699,38694,19906,19709
32212,32835,33086,38136,31340,34904,36272,34586,32552,33402,36016,36676,27634,33276,32668,15212,36785,20289,20712
32263,32639,31694,37813,33136,34904,36272,34586,32552,33402,36016,36676,27634,33276,32668,15212,36785,20289,20712
32225,32676,31913,37565,33756,34904,36272,34586,32552,33402,36016,36676,27634,33276,32668,15212,36785,20289,20712
32260,32719,32546,37228,31383,34904,36272,34586,32552,33402,36016,36676,27634,33276,32668,15212,36785,20289,20712
32298,32723,32740,36852,33936,34904,36272,34586,32552,33402,36016,36676,27634,33276,32668,15212,36785,20289,20712
32349,32742,32921,36584,34076,34904,36272,34586,32552,33402,36016,36676,27634,33276,32668,15212,36785,20289,20712
30214,29318,38592,52632,32012,34904,36272,34586,32552,33402,36016,36676,27634,33276,32668,15212,36785,20289,20712
8745,14266,57424,63088,32260,34904,36272,34586,32552,33402,36016,36676,27634,33276,32668,15212,36785,20289,20712
20089,18744,56062,60314,31224,34904,36272,34586,32552,33402,36016,36676,27634,33276,32668,15212,36785,20289,20712
41099,23716,48120,56730,30950,34904,36272,34586,32552,33402,36016,36676,27634,33276,32668,15212,36785,20289,20712
49152,52016,13688,53552,33025,35192,36409,34476,32600,33452,36252,36588,27880,33741,31816,15792,33660,21272,23773
38232,42554,18588,50832,32344,35192,36409,34476,32600,33452,36252,36588,27880,33741,31816,15792,33660,21272,23773
26123,23632,45664,48478,31116,35192,36409,34476,32600,33452,36252,36588,27880,33741,31816,15792,33660,21272,23773
31944,25538,42204,46460,34441,35192,36409,34476,32600,33452,36252,36588,27880,33741,31816,15792,33660,21272,23773
37904,28498,33738,44749,32385,35192,36409,34476,32600,33452,36252,36588,27880,33741,31816,15792,33660,21272,23773
45064,56847,970,7906,31724,35192,36409,34476,32600,33452,36252,36588,27880,33741,31816,15792,33660,21272,23773
36930,44144,15781,13,34998,35192,36409,34476,32600,33452,36252,36588,27880,33741,31816,15792,33660,21272,23773
35864,40898,21079,11,34636,35192,36409,34476,32600,33452,36252,36588,27880,33741,31816,15792,33660,21272,23773
35284,38951,24112,11,32086,35192,36409,34476,32600,33452,36252,36588,27880,33741,31816,15792,33660,21272,23773
34759,37220,26401,4653,33074,35192,36409,34476,32600,33452,36252,36588,27880,33741,31816,15792,33660,21272,23773
34064,35840,28005,8497,33910,35408,36346,34436,32578,33332,36372,36688,28032,34305,30541,16912,32673,20809,24080
33414,34657,29488,11766,33159,35408,36346,34436,32578,33332,36372,36688,28032,34305,30541,16912,32673,20809,24080
32863,33829,30801,14612,33086,35408,36346,34436,32578,33332,36372,36688,28032,34305,30541,16912,32673,20809,24080
32241,33606,31761,17049,35066,35408,36346,34436,32578,33332,36372,36688,28032,34305,30541,16912,32673,20809,24080
31802,33780,32580,19149,34696,35408,36346,34436,32578,33332,36372,36688,28032,34305,30541,16912,32673,20809,24080
31610,34041,33154,23909,33245,35408,36346,34436,32578,33332,36372,36688,28032,34305,30541,16912,32673,20809,24080
31387,33586,33459,31427,33345,35408,36346,34436,32578,33332,36372,36688,28032,34305,30541,16912,32673,20809,24080
31367,32809,33748,34303,35108,35408,36346,34436,32578,33332,36372,36688,28032,34305,30541,16912,32673,20809,24080
31480,32356,33978,36282,33122,35408,36346,34436,32578,33332,36372,36688,28032,34305,30541,16912,32673,20809,24080
31586,32140,34228,37622,32185,35408,36346,34436,32578,33332,36372,36688,28032,34305,30541,16912,32673,20809,24080
31437,32103,34216,38475,34501,35464,36392,34312,32466,33248,36456,36390,28233,33856,29392,18873,31750,21901,25797
31245,32090,34181,38862,33829,35464,36392,34312,32466,33248,36456,36390,28233,33856,29392,18873,31750,21901,25797
31258,31906,34277,39208,32091,35464,36392,34312,32466,33248,36456,36390,28233,33856,29392,18873,31750,21901,25797
31308,31810,34304,39064,33266,35464,36392,34312,32466,33248,36456,36390,28233,33856,29392,18873,31750,21901,25797
31437,32036,34130,38754,34235,35464,36392,34312,32466,33248,36456,36390,28233,33856,29392,18873,31750,21901,25797
31758,32356,34037,38809,32479,35464,36392,34312,32466,33248,36456,36390,28233,33856,29392,18873,31750,21901,25797
32086,32214,33813,38618,32384,35464,36392,34312,32466,33248,36456,36390,28233,33856,29392,18873,31750,21901,25797
32410,31877,33678,38268,34039,35464,36392,34312,32466,33248,36456,36390,28233,33856,29392,18873,31750,21901,25797
32508,31853,33369,37860,31359,35464,36392,34312,32466,33248,36456,36390,28233,33856,29392,18873,31750,21901,25797
32873,32186,33572,37621,32204,35464,36392,34312,32466,33248,36456,36390,28233,33856,29392,18873,31750,21901,25797
31936,32488,33340,56000,33248,35266,35752,34176,32444,33124,36528,35980,28460,33580,27492,21621,30858,23322,27149
6744,32120,36772,65420,31068,35266,35752,34176,32444,33124,36528,35980,28460,33580,27492,21621,30858,23322,27149
8669,31632,39143,62318,33033,35266,35752,34176,32444,33124,36528,35980,28460,33580,27492,21621,30858,23322,27149
11922,31450,40589,58336,33300,35266,35752,34176,32444,33124,36528,35980,28460,33580,27492,21621,30858,23322,27149
14776,33285,35580,54870,31318,35266,35752,34176,32444,33124,36528,35980,28460,33580,27492,21621,30858,23322,27149
17212,32290,35492,51928,33380,35266,35752,34176,32444,33124,36528,35980,28460,33580,27492,21621,30858,23322,27149
19330,32273,33176,49406,32621,35266,35752,34176,32444,33124,36528,35980,28460,33580,27492,21621,30858,23322,27149
30356,32224,30197,47239,31044,35266,35752,34176,32444,33124,36528,35980,28460,33580,27492,21621,30858,23322,27149
33887,32318,31752,45371,33468,35266,35752,34176,32444,33124,36528,35980,28460,33580,27492,21621,30858,23322,27149
36224,32403,34832,43794,32279,35266,35752,34176,32444,33124,36528,35980,28460,33580,27492,21621,30858,23322,27149
37845,32498,30381,42368,31694,35256,36584,34188,32378,32541,36504,35958,28680,32975,32420,24044,32712,23870,27197
38868,32552,26168,41291,33120,35256,36584,34188,32378,32541,36504,35958,28680,32975,32420,24044,32712,23870,27197
40794,32528,23289,40216,30661,35256,36584,34188,32378,32541,36504,35958,28680,32975,32420,24044,32712,23870,27197
54444,32476,29168,27504,32578,35256,36584,34188,32378,32541,36504,35958,28680,32975,32420,24044,32712,23870,27197
48608,32440,30455,26112,32492,35256,36584,34188,32378,32541,36504,35958,28680,32975,32420,24044,32712,23870,27197
33332,32632,31325,39840,31772,35256,36584,34188,32378,32541,36504,35958,28680,32975,32420,24044,32712,23870,27197
32291,32500,32292,37420,33658,35256,36584,34188,32378,32541,36504,35958,28680,32975,32420,24044,32712,23870,27197
33476,32574,33433,32272,33982,35256,36584,34188,32378,32541,36504,35958,28680,32975,32420,24044,32712,23870,27197
34517,32652,32148,29176,32241,35256,36584,34188,32378,32541,36504,35958,28680,32975,32420,24044,32712,23870,27197
35212,32784,32294,26958,33138,35256,36584,34188,32378,32541,36504,35958,28680,32975,32420,24044,32712,23870,27197
35696,32734,32984,21670,34472,35060,36712,34112,32320,31740,36965,34516,28866,31753,32556,27417,27412,25574,30372
39200,32640,33208,17848,32851,35060,36712,34112,32320,31740,36965,34516,28866,31753,32556,27417,27412,25574,30372
35604,32593,32637,26229,31912,35060,36712,34112,32320,31740,36965,34516,28866,31753,32556,27417,27412,25574,30372
49344,32597,32910,5405,34162,35060,36712,34112,32320,31740,36965,34516,28866,31753,32556,27417,27412,25574,30372
61504,32662,32957,12,32892,35060,36712,34112,32320,31740,36965,34516,28866,31753,32556,27417,27412,25574,30372
59740,32814,33096,14,32069,35060,36712,34112,32320,31740,36965,34516,28866,31753,32556,27417,27412,25574,30372
56221,32970,33048,1830,34189,35060,36712,34112,32320,31740,36965,34516,28866,31753,32556,27417,27412,25574,30372
53048,32760,33206,6145,34001,35060,36712,34112,32320,31740,36965,34516,28866,31753,32556,27417,27412,25574,30372
42514,32701,33252,9771,32045,35060,36712,34112,32320,31740,36965,34516,28866,31753,32556,27417,27412,25574,30372
38162,32686,33246,12876,33364,35060,36712,34112,32320,31740,36965,34516,28866,31753,32556,27417,27412,25574,30372
35286,32728,33164,15533,34920,34794,38008,33544,32316,32088,37773,33972,29040,29872,32944,28937,27648,29681,30800
32904,32700,33333,17820,33186,34794,38008,33544,32316,32088,37773,33972,29040,29872,32944,28937,27648,29681,30800
31335,32668,33302,19789,31975,34794,38008,33544,32316,32088,37773,33972,29040,29872,32944,28937,27648,29681,30800
30244,32732,33132,21463,33893,34794,38008,33544,32316,32088,37773,33972,29040,29872,32944,28937,27648,29681,30800
29296,32597,33114,22944,31973,34794,38008,33544,32316,32088,37773,33972,29040,29872,32944,28937,27648,29681,30800
28699,32605,33041,24229,31578,34794,38008,33544,32316,32088,37773,33972,29040,29872,32944,28937,27648,29681,30800
28430,32731,32964,25351,33984,34794,38008,33544,32316,32088,37773,33972,29040,29872,32944,28937,27648,29681,30800
28352,33017,32956,57104,32288,34794,38008,33544,32316,32088,37773,33972,29040,29872,32944,28937,27648,29681,30800
28416,33142,33030,65518,31920,34794,38008,33544,32316,32088,37773,33972,29040,29872,32944,28937,27648,29681,30800
