33175,32869,32737,32712,32599,33474,37424,33170,34304,33664,37292,33552,28492,28729,30189,27908,28244,28548,29453
33051,33157,32799,32809,32805,33474,37424,33170,34304,33664,37292,33552,28492,28729,30189,27908,28244,28548,29453
32940,33318,32855,32895,32406,33474,37424,33170,34304,33664,37292,33552,28492,28729,30189,27908,28244,28548,29453
32800,33279,32869,32826,33091,33474,37424,33170,34304,33664,37292,33552,28492,28729,30189,27908,28244,28548,29453
32761,33014,32935,32821,33065,33474,37424,33170,34304,33664,37292,33552,28492,28729,30189,27908,28244,28548,29453
32538,32980,33027,32711,33239,33474,37424,33170,34304,33664,37292,33552,28492,28729,30189,27908,28244,28548,29453
32463,33317,32930,32667,32656,33474,37424,33170,34304,33664,37292,33552,28492,28729,30189,27908,28244,28548,29453
32477,33194,32791,32623,33287,33474,37424,33170,34304,33664,37292,33552,28492,28729,30189,27908,28244,28548,29453
32585,32861,32647,32663,32582,33474,37424,33170,34304,33664,37292,33552,28492,28729,30189,27908,28244,28548,29453
32455,32930,32687,32783,32851,33474,37424,33170,34304,33664,37292,33552,28492,28729,30189,27908,28244,28548,29453
32519,33062,32678,32799,32697,33476,37370,33208,34460,33620,37325,33485,28508,28629,30414,28191,30460,31436,29197
32550,33159,32859,32799,32694,33476,37370,33208,34460,33620,37325,33485,28508,28629,30414,28191,30460,31436,29197
32589,33023,32882,32767,32459,33476,37370,33208,34460,33620,37325,33485,28508,28629,30414,28191,30460,31436,29197
32722,32844,32950,32837,32747,33476,37370,33208,34460,33620,37325,33485,28508,28629,30414,28191,30460,31436,29197
32849,33285,32896,32879,32290,33476,37370,33208,34460,33620,37325,33485,28508,28629,30414,28191,30460,31436,29197
32812,33081,32886,32841,32863,33476,37370,33208,34460,33620,37325,33485,28508,28629,30414,28191,30460,31436,29197
32522,32915,32910,32711,32566,33476,37370,33208,34460,33620,37325,33485,28508,28629,30414,28191,30460,31436,29197
32422,33210,32965,32745,32963,33476,37370,33208,34460,33620,37325,33485,28508,28629,30414,28191,30460,31436,29197
32647,33081,32839,32722,32627,33476,37370,33208,34460,33620,37325,33485,28508,28629,30414,28191,30460,31436,29197
32927,33045,32783,32576,32923,33476,37370,33208,34460,33620,37325,33485,28508,28629,30414,28191,30460,31436,29197
33106,33314,32659,32694,32707,33476,37344,33216,34268,33556,37320,33482,28490,28721,30153,28644,30514,28608,26696
32822,33203,32651,32823,33242,33476,37344,33216,34268,33556,37320,33482,28490,28721,30153,28644,30514,28608,26696
32620,33190,32731,32637,32879,33476,37344,33216,34268,33556,37320,33482,28490,28721,30153,28644,30514,28608,26696
32775,33022,32728,32745,32967,33476,37344,33216,34268,33556,37320,33482,28490,28721,30153,28644,30514,28608,26696
33059,33118,32724,33063,32743,33476,37344,33216,34268,33556,37320,33482,28490,28721,30153,28644,30514,28608,26696
32976,33349,32853,33062,32551,33476,37344,33216,34268,33556,37320,33482,28490,28721,30153,28644,30514,28608,26696
32962,33299,32873,32983,32999,33476,37344,33216,34268,33556,37320,33482,28490,28721,30153,28644,30514,28608,26696
32840,33039,32855,32982,32817,33476,37344,33216,34268,33556,37320,33482,28490,28721,30153,28644,30514,28608,26696
32623,33281,32775,32903,32959,33476,37344,33216,34268,33556,37320,33482,28490,28721,30153,28644,30514,28608,26696
32657,33245,32607,32804,32587,33476,37344,33216,34268,33556,37320,33482,28490,28721,30153,28644,30514,28608,26696
32742,32957,32530,32743,32797,33400,37300,33184,34409,33456,37328,33431,28512,28763,30035,27928,30710,30474,27116
32799,32935,32518,32658,32109,33400,37300,33184,34409,33456,37328,33431,28512,28763,30035,27928,30710,30474,27116
33067,33021,32677,32527,32813,33400,37300,33184,34409,33456,37328,33431,28512,28763,30035,27928,30710,30474,27116
33149,33223,32723,32795,32709,33400,37300,33184,34409,33456,37328,33431,28512,28763,30035,27928,30710,30474,27116
33068,33174,32676,32942,33352,33400,37300,33184,34409,33456,37328,33431,28512,28763,30035,27928,30710,30474,27116
32969,33208,32643,32918,32935,33400,37300,33184,34409,33456,37328,33431,28512,28763,30035,27928,30710,30474,27116
32820,32935,32676,32876,32996,33400,37300,33184,34409,33456,37328,33431,28512,28763,30035,27928,30710,30474,27116
32751,33169,32790,32797,32759,33400,37300,33184,34409,33456,37328,33431,28512,28763,30035,27928,30710,30474,27116
32801,33242,32881,32775,32855,33400,37300,33184,34409,33456,37328,33431,28512,28763,30035,27928,30710,30474,27116
32823,32903,32861,32707,32843,33400,37300,33184,34409,33456,37328,33431,28512,28763,30035,27928,30710,30474,27116
32812,32959,32888,32687,32959,33336,37346,33108,34438,33376,37337,33424,28536,28692,29895,28217,29785,30965,27769
32783,33115,32690,32596,32791,33336,37346,33108,34438,33376,37337,33424,28536,28692,29895,28217,29785,30965,27769
32679,32802,32674,32541,32771,33336,37346,33108,34438,33376,37337,33424,28536,28692,29895,28217,29785,30965,27769
32575,32813,32607,32725,32517,33336,37346,33108,34438,33376,37337,33424,28536,28692,29895,28217,29785,30965,27769
32626,33235,32691,32869,32619,33336,37346,33108,34438,33376,37337,33424,28536,28692,29895,28217,29785,30965,27769
32692,33167,32677,32810,32231,33336,37346,33108,34438,33376,37337,33424,28536,28692,29895,28217,29785,30965,27769
32622,32998,32726,32715,33335,33336,37346,33108,34438,33376,37337,33424,28536,28692,29895,28217,29785,30965,27769
32611,32787,32820,32695,32783,33336,37346,33108,34438,33376,37337,33424,28536,28692,29895,28217,29785,30965,27769
32511,33111,32903,32685,32877,33336,37346,33108,34438,33376,37337,33424,28536,28692,29895,28217,29785,30965,27769
32475,33167,32839,32578,32234,33336,37346,33108,34438,33376,37337,33424,28536,28692,29895,28217,29785,30965,27769
32636,32886,32883,32517,32698,33296,37378,33250,34332,33326,37384,33449,28532,28556,29472,28828,29064,29016,28976
32756,32877,32899,32518,33004,33296,37378,33250,34332,33326,37384,33449,28532,28556,29472,28828,29064,29016,28976
32808,33223,32807,32953,33341,33296,37378,33250,34332,33326,37384,33449,28532,28556,29472,28828,29064,29016,28976
33040,33131,32740,33055,33463,33296,37378,33250,34332,33326,37384,33449,28532,28556,29472,28828,29064,29016,28976
33118,33098,32767,33170,33271,33296,37378,33250,34332,33326,37384,33449,28532,28556,29472,28828,29064,29016,28976
33006,33359,32739,33127,32689,33296,37378,33250,34332,33326,37384,33449,28532,28556,29472,28828,29064,29016,28976
32830,33031,32799,32775,32255,33296,37378,33250,34332,33326,37384,33449,28532,28556,29472,28828,29064,29016,28976
32726,32994,32867,32674,32587,33296,37378,33250,34332,33326,37384,33449,28532,28556,29472,28828,29064,29016,28976
32780,33403,32754,32646,32726,33296,37378,33250,34332,33326,37384,33449,28532,28556,29472,28828,29064,29016,28976
32899,33123,32729,32813,33146,33296,37378,33250,34332,33326,37384,33449,28532,28556,29472,28828,29064,29016,28976
33071,33085,32630,32900,33048,33222,37392,33260,34436,33250,37388,33467,28540,28464,29820,28505,27552,28408,29476
32899,33351,32758,32845,32698,33222,37392,33260,34436,33250,37388,33467,28540,28464,29820,28505,27552,28408,29476
32493,32941,32891,32735,32617,33222,37392,33260,34436,33250,37388,33467,28540,28464,29820,28505,27552,28408,29476
32624,32961,32898,32735,32941,33222,37392,33260,34436,33250,37388,33467,28540,28464,29820,28505,27552,28408,29476
32608,33226,32807,32885,32610,33222,37392,33260,34436,33250,37388,33467,28540,28464,29820,28505,27552,28408,29476
32214,32775,32679,32970,32871,33222,37392,33260,34436,33250,37388,33467,28540,28464,29820,28505,27552,28408,29476
32008,32769,32684,33010,33009,33222,37392,33260,34436,33250,37388,33467,28540,28464,29820,28505,27552,28408,29476
32059,33125,32631,32858,32625,33222,37392,33260,34436,33250,37388,33467,28540,28464,29820,28505,27552,28408,29476
32184,32999,32580,32811,33207,33222,37392,33260,34436,33250,37388,33467,28540,28464,29820,28505,27552,28408,29476
32398,32851,32589,32733,33215,33222,37392,33260,34436,33250,37388,33467,28540,28464,29820,28505,27552,28408,29476
32733,32794,32669,32663,32580,33240,37384,33257,34328,33274,37340,33436,28544,28607,30013,28361,29072,31073,29021
32858,33158,32775,32683,33099,33240,37384,33257,34328,33274,37340,33436,28544,28607,30013,28361,29072,31073,29021
32994,33163,32743,32755,32431,33240,37384,33257,34328,33274,37340,33436,28544,28607,30013,28361,29072,31073,29021
32953,32935,32687,32719,32957,33240,37384,33257,34328,33274,37340,33436,28544,28607,30013,28361,29072,31073,29021
33004,33074,32775,32711,33131,33240,37384,33257,34328,33274,37340,33436,28544,28607,30013,28361,29072,31073,29021
33009,33319,32755,32768,32769,33240,37384,33257,34328,33274,37340,33436,28544,28607,30013,28361,29072,31073,29021
32935,33223,32775,32722,32443,33240,37384,33257,34328,33274,37340,33436,28544,28607,30013,28361,29072,31073,29021
32986,33135,32775,32711,32775,33240,37384,33257,34328,33274,37340,33436,28544,28607,30013,28361,29072,31073,29021
33154,32786,32722,32839,32157,33240,37384,33257,34328,33274,37340,33436,28544,28607,30013,28361,29072,31073,29021
33150,32845,32735,33075,32879,33240,37384,33257,34328,33274,37340,33436,28544,28607,30013,28361,29072,31073,29021
33051,33369,32775,32929,32906,33248,37384,33388,34344,33312,37328,33520,28554,28920,29642,28113,30348,30852,28274
32955,33223,32772,32827,32935,33248,37384,33388,34344,33312,37328,33520,28554,28920,29642,28113,30348,30852,28274
32764,32919,32811,32815,33327,33248,37384,33388,34344,33312,37328,33520,28554,28920,29642,28113,30348,30852,28274
32620,32927,32775,32911,32879,33248,37384,33388,34344,33312,37328,33520,28554,28920,29642,28113,30348,30852,28274
32709,33183,32801,32935,33003,33248,37384,33388,34344,33312,37328,33520,28554,28920,29642,28113,30348,30852,28274
32827,33262,32861,32933,32813,33248,37384,33388,34344,33312,37328,33520,28554,28920,29642,28113,30348,30852,28274
32787,32990,32927,32796,32543,33248,37384,33388,34344,33312,37328,33520,28554,28920,29642,28113,30348,30852,28274
32805,33317,32975,32613,32601,33248,37384,33388,34344,33312,37328,33520,28554,28920,29642,28113,30348,30852,28274
32595,33219,32911,32635,33061,33248,37384,33388,34344,33312,37328,33520,28554,28920,29642,28113,30348,30852,28274
32529,32920,32803,32674,32581,33248,37384,33388,34344,33312,37328,33520,28554,28920,29642,28113,30348,30852,28274
32711,32871,32725,32761,33103,33268,37332,33408,34416,33408,37318,33488,28592,29080,29807,28288,27472,28808,27592
32850,33255,32691,32825,32502,33268,37332,33408,34416,33408,37318,33488,28592,29080,29807,28288,27472,28808,27592
32706,33007,32775,32798,32747,33268,37332,33408,34416,33408,37318,33488,28592,29080,29807,28288,27472,28808,27592
32319,32808,32765,32750,32247,33268,37332,33408,34416,33408,37318,33488,28592,29080,29807,28288,27472,28808,27592
32356,33227,32758,32725,32927,33268,37332,33408,34416,33408,37318,33488,28592,29080,29807,28288,27472,28808,27592
32465,33182,32669,32477,32835,33268,37332,33408,34416,33408,37318,33488,28592,29080,29807,28288,27472,28808,27592
32706,32839,32758,32192,33355,33268,37332,33408,34416,33408,37318,33488,28592,29080,29807,28288,27472,28808,27592
32873,33171,32765,32379,32466,33268,37332,33408,34416,33408,37318,33488,28592,29080,29807,28288,27472,28808,27592
33107,33167,32858,32447,33010,33268,37332,33408,34416,33408,37318,33488,28592,29080,29807,28288,27472,28808,27592
33374,32918,32828,32898,32517,33268,37332,33408,34416,33408,37318,33488,28592,29080,29807,28288,27472,28808,27592
33682,33018,32786,33403,33031,33268,37282,33432,34268,33462,37344,33552,28573,29272,29556,28434,31260,32105,29723
33679,33068,32775,33603,32966,33268,37282,33432,34268,33462,37344,33552,28573,29272,29556,28434,31260,32105,29723
33163,33052,32866,33525,33383,33268,37282,33432,34268,33462,37344,33552,28573,29272,29556,28434,31260,32105,29723
32844,32901,32866,33463,33219,33268,37282,33432,34268,33462,37344,33552,28573,29272,29556,28434,31260,32105,29723
32608,33085,32870,33007,32553,33268,37282,33432,34268,33462,37344,33552,28573,29272,29556,28434,31260,32105,29723
32658,33232,32810,32760,32501,33268,37282,33432,34268,33462,37344,33552,28573,29272,29556,28434,31260,32105,29723
32654,33047,32816,32662,32114,33268,37282,33432,34268,33462,37344,33552,28573,29272,29556,28434,31260,32105,29723
32504,32897,32731,32601,32319,33268,37282,33432,34268,33462,37344,33552,28573,29272,29556,28434,31260,32105,29723
32036,33155,32743,32592,32815,33268,37282,33432,34268,33462,37344,33552,28573,29272,29556,28434,31260,32105,29723
31685,33078,33030,32655,32590,33268,37282,33432,34268,33462,37344,33552,28573,29272,29556,28434,31260,32105,29723
31896,32953,33006,32819,32675,33328,37332,33457,34212,33480,37362,33604,28600,29336,29537,28010,30880,29424,27984
32260,32901,33075,32867,32844,33328,37332,33457,34212,33480,37362,33604,28600,29336,29537,28010,30880,29424,27984
32837,33299,33025,32839,32260,33328,37332,33457,34212,33480,37362,33604,28600,29336,29537,28010,30880,29424,27984
33191,33325,32927,32729,33063,33328,37332,33457,34212,33480,37362,33604,28600,29336,29537,28010,30880,29424,27984
33354,33021,32807,32699,32751,33328,37332,33457,34212,33480,37362,33604,28600,29336,29537,28010,30880,29424,27984
33263,32959,32699,32747,32914,33328,37332,33457,34212,33480,37362,33604,28600,29336,29537,28010,30880,29424,27984
33157,33271,32724,32841,32775,33328,37332,33457,34212,33480,37362,33604,28600,29336,29537,28010,30880,29424,27984
33088,33052,32647,32821,33108,33328,37332,33457,34212,33480,37362,33604,28600,29336,29537,28010,30880,29424,27984
32877,32971,32647,32857,32469,33328,37332,33457,34212,33480,37362,33604,28600,29336,29537,28010,30880,29424,27984
32750,33308,32626,32803,33175,33328,37332,33457,34212,33480,37362,33604,28600,29336,29537,28010,30880,29424,27984
32744,33127,32639,32763,33124,33348,37410,33428,34432,33512,37354,33644,28612,29160,29584,28241,27761,28936,28384
32813,32903,32807,32578,33069,33348,37410,33428,34432,33512,37354,33644,28612,29160,29584,28241,27761,28936,28384
32919,33268,32718,32694,32899,33348,37410,33428,34432,33512,37354,33644,28612,29160,29584,28241,27761,28936,28384
32674,33157,32751,32647,33061,33348,37410,33428,34432,33512,37354,33644,28612,29160,29584,28241,27761,28936,28384
32126,32775,32795,32755,32457,33348,37410,33428,34432,33512,37354,33644,28612,29160,29584,28241,27761,28936,28384
32112,32761,32870,32903,32919,33348,37410,33428,34432,33512,37354,33644,28612,29160,29584,28241,27761,28936,28384
31971,32987,32839,32813,32679,33348,37410,33428,34432,33512,37354,33644,28612,29160,29584,28241,27761,28936,28384
32178,33103,32715,32850,32773,33348,37410,33428,34432,33512,37354,33644,28612,29160,29584,28241,27761,28936,28384
32982,33122,32853,32847,32390,33348,37410,33428,34432,33512,37354,33644,28612,29160,29584,28241,27761,28936,28384
33506,32911,32861,32867,32863,33348,37410,33428,34432,33512,37354,33644,28612,29160,29584,28241,27761,28936,28384
33848,33185,32921,32785,33081,33372,37353,33460,34346,33514,37322,33668,28628,29216,29545,28045,29160,29320,30816
34216,33223,32877,32831,33227,33372,37353,33460,34346,33514,37322,33668,28628,29216,29545,28045,29160,29320,30816
34035,33237,32895,32775,32375,33372,37353,33460,34346,33514,37322,33668,28628,29216,29545,28045,29160,29320,30816
33194,32811,32902,32719,32595,33372,37353,33460,34346,33514,37322,33668,28628,29216,29545,28045,29160,29320,30816
32512,33112,32925,32820,32669,33372,37353,33460,34346,33514,37322,33668,28628,29216,29545,28045,29160,29320,30816
32410,33030,32879,32967,32525,33372,37353,33460,34346,33514,37322,33668,28628,29216,29545,28045,29160,29320,30816
32454,32775,32677,32931,33088,33372,37353,33460,34346,33514,37322,33668,28628,29216,29545,28045,29160,29320,30816
32186,32729,32489,32887,33186,33372,37353,33460,34346,33514,37322,33668,28628,29216,29545,28045,29160,29320,30816
31780,33105,32535,32915,32244,33372,37353,33460,34346,33514,37322,33668,28628,29216,29545,28045,29160,29320,30816
31545,32954,32759,32903,32546,33372,37353,33460,34346,33514,37322,33668,28628,29216,29545,28045,29160,29320,30816
31888,32789,32835,32923,33191,33405,37344,33418,34364,33504,37300,33654,28634,29348,29273,28095,27948,29212,29126
32647,32986,32871,32854,32371,33405,37344,33418,34364,33504,37300,33654,28634,29348,29273,28095,27948,29212,29126
32859,33191,32853,32781,33313,33405,37344,33418,34364,33504,37300,33654,28634,29348,29273,28095,27948,29212,29126
32863,33101,32859,32810,32646,33405,37344,33418,34364,33504,37300,33654,28634,29348,29273,28095,27948,29212,29126
32877,32973,32711,32797,32799,33405,37344,33418,34364,33504,37300,33654,28634,29348,29273,28095,27948,29212,29126
32963,33333,32751,32731,32818,33405,37344,33418,34364,33504,37300,33654,28634,29348,29273,28095,27948,29212,29126
33003,33330,32726,32815,32843,33405,37344,33418,34364,33504,37300,33654,28634,29348,29273,28095,27948,29212,29126
33072,33134,32755,32734,32282,33405,37344,33418,34364,33504,37300,33654,28634,29348,29273,28095,27948,29212,29126
33088,33107,32879,32755,33053,33405,37344,33418,34364,33504,37300,33654,28634,29348,29273,28095,27948,29212,29126
33074,33234,32656,32735,32065,33405,37344,33418,34364,33504,37300,33654,28634,29348,29273,28095,27948,29212,29126
33014,33351,32597,32774,33309,33416,37304,33428,34410,33548,37284,33698,28648,29500,28948,28157,30184,32284,29924
32911,33235,33156,32751,32621,33416,37304,33428,34410,33548,37284,33698,28648,29500,28948,28157,30184,32284,29924
32887,33015,33397,32875,33104,33416,37304,33428,34410,33548,37284,33698,28648,29500,28948,28157,30184,32284,29924
32885,33027,33127,32733,32765,33416,37304,33428,34410,33548,37284,33698,28648,29500,28948,28157,30184,32284,29924
32889,33115,32883,32692,32919,33416,37304,33428,34410,33548,37284,33698,28648,29500,28948,28157,30184,32284,29924
32839,33255,32678,32695,32039,33416,37304,33428,34410,33548,37284,33698,28648,29500,28948,28157,30184,32284,29924
32740,33218,32487,32797,32802,33416,37304,33428,34410,33548,37284,33698,28648,29500,28948,28157,30184,32284,29924
32764,33053,32737,32714,33007,33416,37304,33428,34410,33548,37284,33698,28648,29500,28948,28157,30184,32284,29924
32775,32903,33423,32789,33577,33416,37304,33428,34410,33548,37284,33698,28648,29500,28948,28157,30184,32284,29924
32731,33067,32903,32739,32994,33416,37304,33428,34410,33548,37284,33698,28648,29500,28948,28157,30184,32284,29924
32602,33159,32228,32678,33245,33440,37290,33392,34206,33572,37304,33602,28648,29640,28649,28051,28441,30572,31520
32586,33210,32085,32751,31999,33440,37290,33392,34206,33572,37304,33602,28648,29640,28649,28051,28441,30572,31520
32914,33041,32415,32770,32685,33440,37290,33392,34206,33572,37304,33602,28648,29640,28649,28051,28441,30572,31520
33036,33023,32435,32924,32843,33440,37290,33392,34206,33572,37304,33602,28648,29640,28649,28051,28441,30572,31520
32987,33277,32575,32892,32879,33440,37290,33392,34206,33572,37304,33602,28648,29640,28649,28051,28441,30572,31520
32856,33189,32956,32794,32717,33440,37290,33392,34206,33572,37304,33602,28648,29640,28649,28051,28441,30572,31520
32606,33219,32878,32715,32465,33440,37290,33392,34206,33572,37304,33602,28648,29640,28649,28051,28441,30572,31520
32453,33069,32425,32610,32197,33440,37290,33392,34206,33572,37304,33602,28648,29640,28649,28051,28441,30572,31520
32482,32871,33191,32733,32945,33440,37290,33392,34206,33572,37304,33602,28648,29640,28649,28051,28441,30572,31520
32493,32787,33287,32637,33301,33440,37290,33392,34206,33572,37304,33602,28648,29640,28649,28051,28441,30572,31520
32366,32855,33467,32679,33615,33428,37348,33296,34378,33570,37348,33524,28656,29724,28477,28012,27578,29368,28032
32319,33181,32175,32615,32989,33428,37348,33296,34378,33570,37348,33524,28656,29724,28477,28012,27578,29368,28032
32332,33083,31871,32698,32183,33428,37348,33296,34378,33570,37348,33524,28656,29724,28477,28012,27578,29368,28032
32532,32991,32975,32699,32451,33428,37348,33296,34378,33570,37348,33524,28656,29724,28477,28012,27578,29368,28032
32706,32807,33571,32699,32191,33428,37348,33296,34378,33570,37348,33524,28656,29724,28477,28012,27578,29368,28032
32922,33183,33447,32815,33499,33428,37348,33296,34378,33570,37348,33524,28656,29724,28477,28012,27578,29368,28032
33070,33215,33199,32786,33559,33428,37348,33296,34378,33570,37348,33524,28656,29724,28477,28012,27578,29368,28032
32905,33177,32931,32694,33343,33428,37348,33296,34378,33570,37348,33524,28656,29724,28477,28012,27578,29368,28032
32934,33063,32709,32687,32619,33428,37348,33296,34378,33570,37348,33524,28656,29724,28477,28012,27578,29368,28032
33036,32983,32710,32725,33060,33428,37348,33296,34378,33570,37348,33524,28656,29724,28477,28012,27578,29368,28032
33061,32975,32557,32867,32503,33416,37384,33168,34344,33549,37336,33370,28658,29616,28032,28086,27140,29692,27717
32932,32864,32582,32896,33515,33416,37384,33168,34344,33549,37336,33370,28658,29616,28032,28086,27140,29692,27717
32859,32955,32687,32863,33094,33416,37384,33168,34344,33549,37336,33370,28658,29616,28032,28086,27140,29692,27717
32843,33075,32693,32957,32413,33416,37384,33168,34344,33549,37336,33370,28658,29616,28032,28086,27140,29692,27717
32926,33333,32707,32926,31959,33416,37384,33168,34344,33549,37336,33370,28658,29616,28032,28086,27140,29692,27717
32979,33279,32678,32907,32231,33416,37384,33168,34344,33549,37336,33370,28658,29616,28032,28086,27140,29692,27717
32976,33103,32637,32814,32597,33416,37384,33168,34344,33549,37336,33370,28658,29616,28032,28086,27140,29692,27717
32907,33164,32573,32756,33053,33416,37384,33168,34344,33549,37336,33370,28658,29616,28032,28086,27140,29692,27717
32797,33389,32535,32751,32966,33416,37384,33168,34344,33549,37336,33370,28658,29616,28032,28086,27140,29692,27717
32728,33303,32549,32741,32687,33416,37384,33168,34344,33549,37336,33370,28658,29616,28032,28086,27140,29692,27717
32722,32971,32391,32813,32703,33353,37376,33034,34334,33524,37346,33256,28670,29636,27858,27325,28008,30224,27044
32693,32998,32327,32806,32799,33353,37376,33034,34334,33524,37346,33256,28670,29636,27858,27325,28008,30224,27044
32634,33215,32695,32816,33007,33353,37376,33034,34334,33524,37346,33256,28670,29636,27858,27325,28008,30224,27044
32750,33181,32790,32825,33098,33353,37376,33034,34334,33524,37346,33256,28670,29636,27858,27325,28008,30224,27044
32789,33019,32551,32877,32509,33353,37376,33034,34334,33524,37346,33256,28670,29636,27858,27325,28008,30224,27044
32804,32870,32681,32843,32551,33353,37376,33034,34334,33524,37346,33256,28670,29636,27858,27325,28008,30224,27044
32772,32967,32595,32862,32654,33353,37376,33034,34334,33524,37346,33256,28670,29636,27858,27325,28008,30224,27044
32712,32806,32723,32863,33021,33353,37376,33034,34334,33524,37346,33256,28670,29636,27858,27325,28008,30224,27044
32684,32782,32731,32747,33133,33353,37376,33034,34334,33524,37346,33256,28670,29636,27858,27325,28008,30224,27044
32748,32978,32596,32694,33324,33353,37376,33034,34334,33524,37346,33256,28670,29636,27858,27325,28008,30224,27044
32762,32938,33361,32585,32391,33318,37394,32850,34326,33464,37328,33054,28660,29660,27144,25951,27148,30416,26658
32747,32843,33474,32699,32775,33318,37394,32850,34326,33464,37328,33054,28660,29660,27144,25951,27148,30416,26658
32744,33222,33587,32694,32263,33318,37394,32850,34326,33464,37328,33054,28660,29660,27144,25951,27148,30416,26658
32733,33503,33964,32675,32503,33318,37394,32850,34326,33464,37328,33054,28660,29660,27144,25951,27148,30416,26658
32751,33379,33214,32763,32583,33318,37394,32850,34326,33464,37328,33054,28660,29660,27144,25951,27148,30416,26658
32811,33231,32367,32795,32939,33318,37394,32850,34326,33464,37328,33054,28660,29660,27144,25951,27148,30416,26658
32750,33401,32151,32953,32582,33318,37394,32850,34326,33464,37328,33054,28660,29660,27144,25951,27148,30416,26658
32709,33523,31892,33030,33044,33318,37394,32850,34326,33464,37328,33054,28660,29660,27144,25951,27148,30416,26658
32735,33231,31723,33074,32761,33318,37394,32850,34326,33464,37328,33054,28660,29660,27144,25951,27148,30416,26658
32706,32999,32493,33017,33019,33318,37394,32850,34326,33464,37328,33054,28660,29660,27144,25951,27148,30416,26658
32722,32997,33737,32962,33086,33284,37413,32720,34354,33546,37298,32933,28660,29736,25668,24528,27544,34820,24927
32718,33211,34284,32858,33138,33284,37413,32720,34354,33546,37298,32933,28660,29736,25668,24528,27544,34820,24927
32726,32693,33403,32741,32765,33284,37413,32720,34354,33546,37298,32933,28660,29736,25668,24528,27544,34820,24927
32663,32635,32459,32699,32707,33284,37413,32720,34354,33546,37298,32933,28660,29736,25668,24528,27544,34820,24927
32775,32831,32111,32704,32903,33284,37413,32720,34354,33546,37298,32933,28660,29736,25668,24528,27544,34820,24927
32838,33047,32119,32660,32870,33284,37413,32720,34354,33546,37298,32933,28660,29736,25668,24528,27544,34820,24927
32805,32983,32476,32655,33136,33284,37413,32720,34354,33546,37298,32933,28660,29736,25668,24528,27544,34820,24927
32910,32906,33095,32715,32643,33284,37413,32720,34354,33546,37298,32933,28660,29736,25668,24528,27544,34820,24927
32901,32946,33126,32707,32629,33284,37413,32720,34354,33546,37298,32933,28660,29736,25668,24528,27544,34820,24927
32854,33475,32799,32829,32487,33284,37413,32720,34354,33546,37298,32933,28660,29736,25668,24528,27544,34820,24927
32828,33135,32655,32807,32487,33244,37420,32496,34152,33611,37232,32716,28659,29760,23498,23229,27216,31456,25236
32778,32807,32631,32751,32559,33244,37420,32496,34152,33611,37232,32716,28659,29760,23498,23229,27216,31456,25236
32784,32807,32639,32742,32847,33244,37420,32496,34152,33611,37232,32716,28659,29760,23498,23229,27216,31456,25236
32707,33111,32831,32631,32378,33244,37420,32496,34152,33611,37232,32716,28659,29760,23498,23229,27216,31456,25236
32706,32966,32871,32598,32596,33244,37420,32496,34152,33611,37232,32716,28659,29760,23498,23229,27216,31456,25236
32567,33327,32775,32675,32775,33244,37420,32496,34152,33611,37232,32716,28659,29760,23498,23229,27216,31456,25236
32651,33063,32836,32897,32923,33244,37420,32496,34152,33611,37232,32716,28659,29760,23498,23229,27216,31456,25236
32672,32918,33250,32967,33303,33244,37420,32496,34152,33611,37232,32716,28659,29760,23498,23229,27216,31456,25236
32679,32687,33119,32993,33381,33244,37420,32496,34152,33611,37232,32716,28659,29760,23498,23229,27216,31456,25236
32625,33020,32978,32978,32871,33244,37420,32496,34152,33611,37232,32716,28659,29760,23498,23229,27216,31456,25236
32736,33191,32871,32906,32693,33165,37392,32260,34316,33620,37200,32504,28672,29376,21516,22125,30364,34488,23216
32645,33034,32935,32846,32204,33165,37392,32260,34316,33620,37200,32504,28672,29376,21516,22125,30364,34488,23216
32694,33041,32743,32735,32559,33165,37392,32260,34316,33620,37200,32504,28672,29376,21516,22125,30364,34488,23216
32797,33495,31909,32577,32857,33165,37392,32260,34316,33620,37200,32504,28672,29376,21516,22125,30364,34488,23216
32759,34031,31789,32466,32911,33165,37392,32260,34316,33620,37200,32504,28672,29376,21516,22125,30364,34488,23216
32790,33979,32049,32589,32723,33165,37392,32260,34316,33620,37200,32504,28672,29376,21516,22125,30364,34488,23216
32768,33275,32669,32645,33010,33165,37392,32260,34316,33620,37200,32504,28672,29376,21516,22125,30364,34488,23216
32774,32197,32865,32775,32903,33165,37392,32260,34316,33620,37200,32504,28672,29376,21516,22125,30364,34488,23216
32795,32228,32741,32871,33047,33165,37392,32260,34316,33620,37200,32504,28672,29376,21516,22125,30364,34488,23216
32840,33017,32739,32943,33033,33165,37392,32260,34316,33620,37200,32504,28672,29376,21516,22125,30364,34488,23216
32844,33319,33090,33157,32705,33150,37456,31872,34134,33596,37149,32216,28592,28856,19688,21405,27608,34092,21819
32806,33415,33779,33117,32563,33150,37456,31872,34134,33596,37149,32216,28592,28856,19688,21405,27608,34092,21819
32768,32631,34143,33090,32924,33150,37456,31872,34134,33596,37149,32216,28592,28856,19688,21405,27608,34092,21819
32826,32959,33415,32927,32811,33150,37456,31872,34134,33596,37149,32216,28592,28856,19688,21405,27608,34092,21819
32850,33459,32655,32852,33037,33150,37456,31872,34134,33596,37149,32216,28592,28856,19688,21405,27608,34092,21819
32761,32803,32481,32643,32775,33150,37456,31872,34134,33596,37149,32216,28592,28856,19688,21405,27608,34092,21819
32791,31377,32447,32559,32687,33150,37456,31872,34134,33596,37149,32216,28592,28856,19688,21405,27608,34092,21819
32775,32504,32483,32695,32897,33150,37456,31872,34134,33596,37149,32216,28592,28856,19688,21405,27608,34092,21819
32727,33419,32541,32737,32868,33150,37456,31872,34134,33596,37149,32216,28592,28856,19688,21405,27608,34092,21819
32762,33387,32585,32799,32823,33150,37456,31872,34134,33596,37149,32216,28592,28856,19688,21405,27608,34092,21819
32700,33799,32470,32787,32701,33136,37518,31458,34304,33533,37074,31792,28581,28276,17813,20836,27700,37880,22088
32667,34077,32458,32775,32771,33136,37518,31458,34304,33533,37074,31792,28581,28276,17813,20836,27700,37880,22088
32746,33727,32598,32651,32363,33136,37518,31458,34304,33533,37074,31792,28581,28276,17813,20836,27700,37880,22088
32784,33558,33022,32625,32511,33136,37518,31458,34304,33533,37074,31792,28581,28276,17813,20836,27700,37880,22088
32799,34175,32903,32679,32535,33136,37518,31458,34304,33533,37074,31792,28581,28276,17813,20836,27700,37880,22088
32787,34079,32775,32703,32975,33136,37518,31458,34304,33533,37074,31792,28581,28276,17813,20836,27700,37880,22088
32847,32895,32711,32667,33159,33136,37518,31458,34304,33533,37074,31792,28581,28276,17813,20836,27700,37880,22088
32854,30311,32807,32782,32857,33136,37518,31458,34304,33533,37074,31792,28581,28276,17813,20836,27700,37880,22088
32790,30634,32807,32901,32786,33136,37518,31458,34304,33533,37074,31792,28581,28276,17813,20836,27700,37880,22088
32820,32094,32763,33019,32821,33136,37518,31458,34304,33533,37074,31792,28581,28276,17813,20836,27700,37880,22088
32802,32723,32750,33255,32955,33170,37614,31024,34280,33504,36969,31896,28548,27344,16640,20796,29040,36712,20625
32761,31125,32809,33063,33144,33170,37614,31024,34280,33504,36969,31896,28548,27344,16640,20796,29040,36712,20625
32717,29647,32694,32866,32937,33170,37614,31024,34280,33504,36969,31896,28548,27344,16640,20796,29040,36712,20625
32812,31327,32681,32566,32579,33170,37614,31024,34280,33504,36969,31896,28548,27344,16640,20796,29040,36712,20625
32727,33277,32658,32474,32591,33170,37614,31024,34280,33504,36969,31896,28548,27344,16640,20796,29040,36712,20625
32731,33555,32717,32519,32607,33170,37614,31024,34280,33504,36969,31896,28548,27344,16640,20796,29040,36712,20625
32808,33708,32692,32631,32755,33170,37614,31024,34280,33504,36969,31896,28548,27344,16640,20796,29040,36712,20625
32742,33998,32727,32647,32938,33170,37614,31024,34280,33504,36969,31896,28548,27344,16640,20796,29040,36712,20625
32756,34495,32712,32633,32665,33170,37614,31024,34280,33504,36969,31896,28548,27344,16640,20796,29040,36712,20625
32797,34029,32711,32842,32437,33170,37614,31024,34280,33504,36969,31896,28548,27344,16640,20796,29040,36712,20625
32761,33763,32755,32999,32590,33256,37734,30672,34080,33580,36938,31712,28480,26468,14882,21776,30760,41136,19722
32750,34389,32837,33224,32775,33256,37734,30672,34080,33580,36938,31712,28480,26468,14882,21776,30760,41136,19722
32898,34503,32884,33390,33099,33256,37734,30672,34080,33580,36938,31712,28480,26468,14882,21776,30760,41136,19722
32896,33355,32871,33359,33175,33256,37734,30672,34080,33580,36938,31712,28480,26468,14882,21776,30760,41136,19722
32830,33913,32876,33159,32955,33256,37734,30672,34080,33580,36938,31712,28480,26468,14882,21776,30760,41136,19722
32775,33690,32870,32981,32815,33256,37734,30672,34080,33580,36938,31712,28480,26468,14882,21776,30760,41136,19722
32812,33087,32891,32887,33133,33256,37734,30672,34080,33580,36938,31712,28480,26468,14882,21776,30760,41136,19722
32719,32623,32793,32799,32796,33256,37734,30672,34080,33580,36938,31712,28480,26468,14882,21776,30760,41136,19722
32790,33281,32847,32709,32651,33256,37734,30672,34080,33580,36938,31712,28480,26468,14882,21776,30760,41136,19722
32821,33399,32767,32468,32651,33256,37734,30672,34080,33580,36938,31712,28480,26468,14882,21776,30760,41136,19722
32747,33383,32675,32100,32575,33390,37868,30472,34124,33736,37073,31762,28406,26328,12992,22853,27529,37108,20708
32743,33590,32623,32126,32514,33390,37868,30472,34124,33736,37073,31762,28406,26328,12992,22853,27529,37108,20708
32671,33553,32695,32247,32963,33390,37868,30472,34124,33736,37073,31762,28406,26328,12992,22853,27529,37108,20708
32743,31961,32773,32492,32914,33390,37868,30472,34124,33736,37073,31762,28406,26328,12992,22853,27529,37108,20708
32736,32047,32773,32686,33004,33390,37868,30472,34124,33736,37073,31762,28406,26328,12992,22853,27529,37108,20708
32700,32259,32863,32861,32697,33390,37868,30472,34124,33736,37073,31762,28406,26328,12992,22853,27529,37108,20708
32699,31559,32903,32964,32957,33390,37868,30472,34124,33736,37073,31762,28406,26328,12992,22853,27529,37108,20708
32720,31957,32880,32991,32871,33390,37868,30472,34124,33736,37073,31762,28406,26328,12992,22853,27529,37108,20708
32701,32115,32866,33091,32975,33390,37868,30472,34124,33736,37073,31762,28406,26328,12992,22853,27529,37108,20708
32703,32303,32787,32875,32761,33390,37868,30472,34124,33736,37073,31762,28406,26328,12992,22853,27529,37108,20708
32722,32367,32774,32811,32557,33654,38074,30470,34092,33940,37228,31720,28280,27316,12618,18357,26570,37790,20611
32787,32879,32754,32733,32510,33654,38074,30470,34092,33940,37228,31720,28280,27316,12618,18357,26570,37790,20611
32811,33103,32653,32676,32731,33654,38074,30470,34092,33940,37228,31720,28280,27316,12618,18357,26570,37790,20611
32836,32957,32665,32647,32830,33654,38074,30470,34092,33940,37228,31720,28280,27316,12618,18357,26570,37790,20611
32716,32855,32676,32709,33185,33654,38074,30470,34092,33940,37228,31720,28280,27316,12618,18357,26570,37790,20611
32685,33010,32734,32701,32610,33654,38074,30470,34092,33940,37228,31720,28280,27316,12618,18357,26570,37790,20611
32658,33775,32735,32744,32956,33654,38074,30470,34092,33940,37228,31720,28280,27316,12618,18357,26570,37790,20611
32698,33702,32739,32887,32538,33654,38074,30470,34092,33940,37228,31720,28280,27316,12618,18357,26570,37790,20611
32614,33005,32759,32805,32859,33654,38074,30470,34092,33940,37228,31720,28280,27316,12618,18357,26570,37790,20611
32703,33159,32741,32747,32867,33654,38074,30470,34092,33940,37228,31720,28280,27316,12618,18357,26570,37790,20611
32690,33487,32703,32568,32657,33908,38192,30706,34100,34108,37432,31808,28184,29628,13049,9705,28646,42860,22096
32749,32948,32715,32651,32606,33908,38192,30706,34100,34108,37432,31808,28184,29628,13049,9705,28646,42860,22096
32716,33165,32813,32815,32731,33908,38192,30706,34100,34108,37432,31808,28184,29628,13049,9705,28646,42860,22096
32727,33373,32829,32841,32700,33908,38192,30706,34100,34108,37432,31808,28184,29628,13049,9705,28646,42860,22096
32624,32007,32838,32861,32900,33908,38192,30706,34100,34108,37432,31808,28184,29628,13049,9705,28646,42860,22096
32604,31286,32889,32839,32977,33908,38192,30706,34100,34108,37432,31808,28184,29628,13049,9705,28646,42860,22096
32609,32671,32902,32821,32997,33908,38192,30706,34100,34108,37432,31808,28184,29628,13049,9705,28646,42860,22096
32668,33620,32797,32659,32893,33908,38192,30706,34100,34108,37432,31808,28184,29628,13049,9705,28646,42860,22096
32786,33201,32787,32613,32679,33908,38192,30706,34100,34108,37432,31808,28184,29628,13049,9705,28646,42860,22096
32767,32775,32795,32537,32717,33908,38192,30706,34100,34108,37432,31808,28184,29628,13049,9705,28646,42860,22096
32797,33191,32800,32682,32487,34002,38200,31140,34244,34362,37392,32264,28052,32386,16866,5840,29764,40800,29430
32795,32705,32769,32775,33038,34002,38200,31140,34244,34362,37392,32264,28052,32386,16866,5840,29764,40800,29430
32843,33308,32743,32878,32886,34002,38200,31140,34244,34362,37392,32264,28052,32386,16866,5840,29764,40800,29430
32974,33875,32762,32994,32943,34002,38200,31140,34244,34362,37392,32264,28052,32386,16866,5840,29764,40800,29430
33008,33877,32756,32989,32628,34002,38200,31140,34244,34362,37392,32264,28052,32386,16866,5840,29764,40800,29430
32966,33451,32707,32955,32915,34002,38200,31140,34244,34362,37392,32264,28052,32386,16866,5840,29764,40800,29430
32863,33453,32774,32823,32697,34002,38200,31140,34244,34362,37392,32264,28052,32386,16866,5840,29764,40800,29430
32735,33199,32783,32820,33017,34002,38200,31140,34244,34362,37392,32264,28052,32386,16866,5840,29764,40800,29430
32692,33095,32679,32859,32703,34002,38200,31140,34244,34362,37392,32264,28052,32386,16866,5840,29764,40800,29430
32486,33646,32647,32994,32703,34002,38200,31140,34244,34362,37392,32264,28052,32386,16866,5840,29764,40800,29430
32489,33596,32610,32973,32851,33568,37674,30784,34304,34632,37325,32828,27896,35800,30452,12637,27888,39532,35672
32484,33174,32623,32817,32890,33568,37674,30784,34304,34632,37325,32828,27896,35800,30452,12637,27888,39532,35672
32548,33287,32678,32647,32876,33568,37674,30784,34304,34632,37325,32828,27896,35800,30452,12637,27888,39532,35672
32583,32747,32678,32485,32876,33568,37674,30784,34304,34632,37325,32828,27896,35800,30452,12637,27888,39532,35672
32534,32023,32631,32489,32831,33568,37674,30784,34304,34632,37325,32828,27896,35800,30452,12637,27888,39532,35672
32775,31499,32606,32619,32955,33568,37674,30784,34304,34632,37325,32828,27896,35800,30452,12637,27888,39532,35672
32791,32071,32582,32743,32599,33568,37674,30784,34304,34632,37325,32828,27896,35800,30452,12637,27888,39532,35672
32768,33223,32555,32827,32435,33568,37674,30784,34304,34632,37325,32828,27896,35800,30452,12637,27888,39532,35672
32824,34134,32633,32799,32255,33568,37674,30784,34304,34632,37325,32828,27896,35800,30452,12637,27888,39532,35672
32771,34055,32693,32803,32441,33568,37674,30784,34304,34632,37325,32828,27896,35800,30452,12637,27888,39532,35672
32866,33919,32684,32763,32430,33144,37048,30032,34237,34826,37392,33544,27749,36852,46756,27832,25481,39186,37748
32837,33775,32685,32636,32673,33144,37048,30032,34237,34826,37392,33544,27749,36852,46756,27832,25481,39186,37748
32848,33501,32773,32679,32695,33144,37048,30032,34237,34826,37392,33544,27749,36852,46756,27832,25481,39186,37748
32896,33775,32785,32841,32721,33144,37048,30032,34237,34826,37392,33544,27749,36852,46756,27832,25481,39186,37748
32908,32895,32724,32839,33339,33144,37048,30032,34237,34826,37392,33544,27749,36852,46756,27832,25481,39186,37748
32943,30691,32621,32759,33306,33144,37048,30032,34237,34826,37392,33544,27749,36852,46756,27832,25481,39186,37748
32896,31719,32684,32759,33036,33144,37048,30032,34237,34826,37392,33544,27749,36852,46756,27832,25481,39186,37748
32990,32859,32727,32835,32668,33144,37048,30032,34237,34826,37392,33544,27749,36852,46756,27832,25481,39186,37748
32912,33074,32735,33043,32751,33144,37048,30032,34237,34826,37392,33544,27749,36852,46756,27832,25481,39186,37748
32947,33075,32723,32946,32491,33144,37048,30032,34237,34826,37392,33544,27749,36852,46756,27832,25481,39186,37748
32919,33061,32759,32991,32743,32920,36520,29602,34056,34770,37284,34160,27608,32448,18866,31280,31086,40448,35672
32906,32903,32765,32981,32903,32920,36520,29602,34056,34770,37284,34160,27608,32448,18866,31280,31086,40448,35672
32902,32641,32797,32805,32750,32920,36520,29602,34056,34770,37284,34160,27608,32448,18866,31280,31086,40448,35672
32944,33199,32797,32811,32948,32920,36520,29602,34056,34770,37284,34160,27608,32448,18866,31280,31086,40448,35672
32922,33395,32843,32603,33082,32920,36520,29602,34056,34770,37284,34160,27608,32448,18866,31280,31086,40448,35672
32927,33221,32951,32676,32877,32920,36520,29602,34056,34770,37284,34160,27608,32448,18866,31280,31086,40448,35672
32780,33544,32889,32797,32923,32920,36520,29602,34056,34770,37284,34160,27608,32448,18866,31280,31086,40448,35672
32806,33409,32815,32842,32805,32920,36520,29602,34056,34770,37284,34160,27608,32448,18866,31280,31086,40448,35672
32728,33031,32813,32855,32693,32920,36520,29602,34056,34770,37284,34160,27608,32448,18866,31280,31086,40448,35672
32623,32933,32855,32962,32537,32920,36520,29602,34056,34770,37284,34160,27608,32448,18866,31280,31086,40448,35672
32666,33367,32725,32883,32465,32716,36208,29532,33872,34460,37296,34196,27510,37173,13570,15252,30160,37516,30924
32688,33207,32754,32775,32626,32716,36208,29532,33872,34460,37296,34196,27510,37173,13570,15252,30160,37516,30924
32622,32933,32859,32726,32727,32716,36208,29532,33872,34460,37296,34196,27510,37173,13570,15252,30160,37516,30924
32580,33118,32923,32758,32531,32716,36208,29532,33872,34460,37296,34196,27510,37173,13570,15252,30160,37516,30924
32542,32965,32879,32786,32575,32716,36208,29532,33872,34460,37296,34196,27510,37173,13570,15252,30160,37516,30924
32569,32755,32921,32775,32707,32716,36208,29532,33872,34460,37296,34196,27510,37173,13570,15252,30160,37516,30924
32556,32839,32920,32859,32605,32716,36208,29532,33872,34460,37296,34196,27510,37173,13570,15252,30160,37516,30924
32713,33078,32911,32921,32771,32716,36208,29532,33872,34460,37296,34196,27510,37173,13570,15252,30160,37516,30924
32818,33093,32930,32935,32815,32716,36208,29532,33872,34460,37296,34196,27510,37173,13570,15252,30160,37516,30924
32826,33031,32951,32922,32989,32716,36208,29532,33872,34460,37296,34196,27510,37173,13570,15252,30160,37516,30924
32896,33279,32883,32935,32875,32660,36640,29668,33829,33868,37960,33961,27328,33944,16368,11068,26144,31844,20619
32852,33250,32831,32711,32983,32660,36640,29668,33829,33868,37960,33961,27328,33944,16368,11068,26144,31844,20619
32805,33223,32822,32775,32969,32660,36640,29668,33829,33868,37960,33961,27328,33944,16368,11068,26144,31844,20619
32767,33139,32841,32710,33029,32660,36640,29668,33829,33868,37960,33961,27328,33944,16368,11068,26144,31844,20619
32797,33637,32818,32791,33299,32660,36640,29668,33829,33868,37960,33961,27328,33944,16368,11068,26144,31844,20619
32835,32823,32790,32895,32971,32660,36640,29668,33829,33868,37960,33961,27328,33944,16368,11068,26144,31844,20619
32831,31942,32807,32871,32663,32660,36640,29668,33829,33868,37960,33961,27328,33944,16368,11068,26144,31844,20619
32881,32239,32818,32739,32931,32660,36640,29668,33829,33868,37960,33961,27328,33944,16368,11068,26144,31844,20619
32811,32391,32879,32684,32831,32660,36640,29668,33829,33868,37960,33961,27328,33944,16368,11068,26144,31844,20619
32848,32463,32999,32647,32951,32660,36640,29668,33829,33868,37960,33961,27328,33944,16368,11068,26144,31844,20619
32876,33455,33047,32671,32962,32413,39396,29648,33628,33650,39228,33072,27180,30349,15737,15026,24236,29844,17449
33117,33594,33019,32783,32969,32413,39396,29648,33628,33650,39228,33072,27180,30349,15737,15026,24236,29844,17449
33184,32807,33052,32825,32673,32413,39396,29648,33628,33650,39228,33072,27180,30349,15737,15026,24236,29844,17449
33181,33369,33019,32932,32735,32413,39396,29648,33628,33650,39228,33072,27180,30349,15737,15026,24236,29844,17449
33101,33757,32826,32930,32879,32413,39396,29648,33628,33650,39228,33072,27180,30349,15737,15026,24236,29844,17449
32930,33319,32767,32899,32442,32413,39396,29648,33628,33650,39228,33072,27180,30349,15737,15026,24236,29844,17449
32816,32237,32783,32863,32413,32413,39396,29648,33628,33650,39228,33072,27180,30349,15737,15026,24236,29844,17449
32657,32719,32805,32871,32311,32413,39396,29648,33628,33650,39228,33072,27180,30349,15737,15026,24236,29844,17449
32718,33511,32884,32743,32551,32413,39396,29648,33628,33650,39228,33072,27180,30349,15737,15026,24236,29844,17449
32770,33179,32802,32773,32767,32413,39396,29648,33628,33650,39228,33072,27180,30349,15737,15026,24236,29844,17449
32833,33287,32802,32809,33003,33084,39832,36080,33436,32688,39184,32900,27096,25584,9341,15968,22996,28477,18124
32760,33199,32809,32837,32775,33084,39832,36080,33436,32688,39184,32900,27096,25584,9341,15968,22996,28477,18124
32729,33055,32963,32967,32851,33084,39832,36080,33436,32688,39184,32900,27096,25584,9341,15968,22996,28477,18124
32839,33118,33047,32935,33119,33084,39832,36080,33436,32688,39184,32900,27096,25584,9341,15968,22996,28477,18124
32898,33237,33235,32938,32659,33084,39832,36080,33436,32688,39184,32900,27096,25584,9341,15968,22996,28477,18124
32943,33503,33307,32867,32895,33084,39832,36080,33436,32688,39184,32900,27096,25584,9341,15968,22996,28477,18124
32935,33483,33415,32839,32502,33084,39832,36080,33436,32688,39184,32900,27096,25584,9341,15968,22996,28477,18124
32656,32537,33262,32775,32563,33084,39832,36080,33436,32688,39184,32900,27096,25584,9341,15968,22996,28477,18124
32584,32515,33065,32669,33441,33084,39832,36080,33436,32688,39184,32900,27096,25584,9341,15968,22996,28477,18124
32509,33043,32949,32711,33518,33084,39832,36080,33436,32688,39184,32900,27096,25584,9341,15968,22996,28477,18124
32437,33223,32805,32825,33339,35648,37668,36744,33284,32626,38949,32360,26948,21712,6648,30161,25316,28516,22564
32301,33423,32708,32807,33417,35648,37668,36744,33284,32626,38949,32360,26948,21712,6648,30161,25316,28516,22564
32175,32883,32627,32733,33375,35648,37668,36744,33284,32626,38949,32360,26948,21712,6648,30161,25316,28516,22564
32144,32519,32654,32547,33334,35648,37668,36744,33284,32626,38949,32360,26948,21712,6648,30161,25316,28516,22564
32164,33341,32749,32639,33107,35648,37668,36744,33284,32626,38949,32360,26948,21712,6648,30161,25316,28516,22564
32322,33563,32700,32727,32203,35648,37668,36744,33284,32626,38949,32360,26948,21712,6648,30161,25316,28516,22564
32550,33351,32786,32825,32317,35648,37668,36744,33284,32626,38949,32360,26948,21712,6648,30161,25316,28516,22564
32854,33747,32819,32755,32056,35648,37668,36744,33284,32626,38949,32360,26948,21712,6648,30161,25316,28516,22564
33101,33474,32808,32610,31839,35648,37668,36744,33284,32626,38949,32360,26948,21712,6648,30161,25316,28516,22564
33287,33567,32535,32667,32110,35648,37668,36744,33284,32626,38949,32360,26948,21712,6648,30161,25316,28516,22564
33517,33263,32466,32811,32192,37030,39884,34200,33218,32912,38912,32679,26865,22068,16412,28948,21113,25578,31869
33564,32847,32426,32848,32447,37030,39884,34200,33218,32912,38912,32679,26865,22068,16412,28948,21113,25578,31869
33514,33104,32452,32809,32467,37030,39884,34200,33218,32912,38912,32679,26865,22068,16412,28948,21113,25578,31869
33383,32883,32469,32807,32902,37030,39884,34200,33218,32912,38912,32679,26865,22068,16412,28948,21113,25578,31869
33249,32787,32519,32823,32922,37030,39884,34200,33218,32912,38912,32679,26865,22068,16412,28948,21113,25578,31869
33186,32889,32571,32742,33471,37030,39884,34200,33218,32912,38912,32679,26865,22068,16412,28948,21113,25578,31869
33052,33079,32519,32831,33877,37030,39884,34200,33218,32912,38912,32679,26865,22068,16412,28948,21113,25578,31869
32924,33396,32479,32828,33679,37030,39884,34200,33218,32912,38912,32679,26865,22068,16412,28948,21113,25578,31869
32823,33458,32507,32775,33693,37030,39884,34200,33218,32912,38912,32679,26865,22068,16412,28948,21113,25578,31869
32699,32820,32509,32731,33389,37030,39884,34200,33218,32912,38912,32679,26865,22068,16412,28948,21113,25578,31869
32449,33242,32691,32840,33202,37580,39008,34048,33208,33984,38776,33336,26692,23849,21424,29456,19540,27036,39161
32363,33555,32631,32911,33111,37580,39008,34048,33208,33984,38776,33336,26692,23849,21424,29456,19540,27036,39161
32322,33081,32689,32847,32718,37580,39008,34048,33208,33984,38776,33336,26692,23849,21424,29456,19540,27036,39161
32484,33178,32775,32869,32342,37580,39008,34048,33208,33984,38776,33336,26692,23849,21424,29456,19540,27036,39161
32619,32709,32739,32743,32423,37580,39008,34048,33208,33984,38776,33336,26692,23849,21424,29456,19540,27036,39161
32685,32175,32819,32717,32461,37580,39008,34048,33208,33984,38776,33336,26692,23849,21424,29456,19540,27036,39161
32818,32726,32857,32845,32579,37580,39008,34048,33208,33984,38776,33336,26692,23849,21424,29456,19540,27036,39161
32878,32787,32890,32799,32585,37580,39008,34048,33208,33984,38776,33336,26692,23849,21424,29456,19540,27036,39161
32946,32615,32982,32911,32486,37580,39008,34048,33208,33984,38776,33336,26692,23849,21424,29456,19540,27036,39161
33065,33003,32914,32901,32844,37580,39008,34048,33208,33984,38776,33336,26692,23849,21424,29456,19540,27036,39161
33057,33383,32854,32947,32791,38349,38708,33172,33162,35068,38520,33960,26536,25804,23620,42904,19832,27598,47484
33075,33215,32876,32909,32771,38349,38708,33172,33162,35068,38520,33960,26536,25804,23620,42904,19832,27598,47484
32921,32711,32791,32801,32541,38349,38708,33172,33162,35068,38520,33960,26536,25804,23620,42904,19832,27598,47484
32879,32506,32902,32654,32641,38349,38708,33172,33162,35068,38520,33960,26536,25804,23620,42904,19832,27598,47484
32918,32989,32822,32743,32747,38349,38708,33172,33162,35068,38520,33960,26536,25804,23620,42904,19832,27598,47484
33078,32835,32931,32895,32924,38349,38708,33172,33162,35068,38520,33960,26536,25804,23620,42904,19832,27598,47484
33407,32887,32931,32886,32458,38349,38708,33172,33162,35068,38520,33960,26536,25804,23620,42904,19832,27598,47484
33670,33159,33039,32971,33124,38349,38708,33172,33162,35068,38520,33960,26536,25804,23620,42904,19832,27598,47484
34045,32919,33117,32839,32810,38349,38708,33172,33162,35068,38520,33960,26536,25804,23620,42904,19832,27598,47484
34393,32949,33225,32715,32962,38349,38708,33172,33162,35068,38520,33960,26536,25804,23620,42904,19832,27598,47484
33534,32895,33189,32795,32838,38513,37888,31916,33004,35736,38292,34508,26384,28032,25248,51584,21342,25110,50620
31843,32751,33175,32932,32642,38513,37888,31916,33004,35736,38292,34508,26384,28032,25248,51584,21342,25110,50620
31071,32853,33166,32819,32608,38513,37888,31916,33004,35736,38292,34508,26384,28032,25248,51584,21342,25110,50620
30877,32455,33271,32686,32527,38513,37888,31916,33004,35736,38292,34508,26384,28032,25248,51584,21342,25110,50620
30919,32999,33247,32655,32436,38513,37888,31916,33004,35736,38292,34508,26384,28032,25248,51584,21342,25110,50620
31095,33047,33211,32762,32477,38513,37888,31916,33004,35736,38292,34508,26384,28032,25248,51584,21342,25110,50620
31384,32978,33034,32830,32929,38513,37888,31916,33004,35736,38292,34508,26384,28032,25248,51584,21342,25110,50620
31674,33519,32896,32835,32663,38513,37888,31916,33004,35736,38292,34508,26384,28032,25248,51584,21342,25110,50620
31974,33014,32935,32770,32937,38513,37888,31916,33004,35736,38292,34508,26384,28032,25248,51584,21342,25110,50620
32176,33133,32958,32703,33163,38513,37888,31916,33004,35736,38292,34508,26384,28032,25248,51584,21342,25110,50620
32355,33085,32867,32882,32934,37580,36780,31269,33172,36034,37972,34810,26274,29924,26812,59169,19644,23049,49920
32643,33623,32847,32935,32919,37580,36780,31269,33172,36034,37972,34810,26274,29924,26812,59169,19644,23049,49920
32879,33561,32656,32711,32722,37580,36780,31269,33172,36034,37972,34810,26274,29924,26812,59169,19644,23049,49920
33117,33135,32587,32672,32367,37580,36780,31269,33172,36034,37972,34810,26274,29924,26812,59169,19644,23049,49920
33232,33155,32543,32687,32575,37580,36780,31269,33172,36034,37972,34810,26274,29924,26812,59169,19644,23049,49920
33431,32893,32511,32619,32731,37580,36780,31269,33172,36034,37972,34810,26274,29924,26812,59169,19644,23049,49920
33516,32711,32386,32709,32719,37580,36780,31269,33172,36034,37972,34810,26274,29924,26812,59169,19644,23049,49920
33646,32791,32437,32839,33110,37580,36780,31269,33172,36034,37972,34810,26274,29924,26812,59169,19644,23049,49920
33736,32863,32447,32743,33035,37580,36780,31269,33172,36034,37972,34810,26274,29924,26812,59169,19644,23049,49920
33860,32764,32493,32751,32863,37580,36780,31269,33172,36034,37972,34810,26274,29924,26812,59169,19644,23049,49920
34077,33087,32526,32711,32947,37028,37056,31058,33082,35392,37816,34528,26184,31365,27072,62189,20232,20988,51753
33678,32996,32515,32747,33303,37028,37056,31058,33082,35392,37816,34528,26184,31365,27072,62189,20232,20988,51753
32792,32653,32471,32867,32845,37028,37056,31058,33082,35392,37816,34528,26184,31365,27072,62189,20232,20988,51753
32048,32882,32402,32913,32710,37028,37056,31058,33082,35392,37816,34528,26184,31365,27072,62189,20232,20988,51753
31526,33165,32343,32893,32863,37028,37056,31058,33082,35392,37816,34528,26184,31365,27072,62189,20232,20988,51753
31326,33175,32378,32809,32423,37028,37056,31058,33082,35392,37816,34528,26184,31365,27072,62189,20232,20988,51753
31303,32768,32467,32750,32559,37028,37056,31058,33082,35392,37816,34528,26184,31365,27072,62189,20232,20988,51753
31456,32939,32525,32675,32530,37028,37056,31058,33082,35392,37816,34528,26184,31365,27072,62189,20232,20988,51753
31707,32695,32571,32859,32605,37028,37056,31058,33082,35392,37816,34528,26184,31365,27072,62189,20232,20988,51753
31988,32850,32578,32859,32646,37028,37056,31058,33082,35392,37816,34528,26184,31365,27072,62189,20232,20988,51753
32191,33168,32595,32812,32559,36444,36760,31860,33068,35360,37717,34492,26072,31800,26465,61460,19740,20168,45476
32424,32732,32511,32631,32321,36444,36760,31860,33068,35360,37717,34492,26072,31800,26465,61460,19740,20168,45476
32666,33223,32463,32679,32570,36444,36760,31860,33068,35360,37717,34492,26072,31800,26465,61460,19740,20168,45476
32782,33237,32519,32839,32819,36444,36760,31860,33068,35360,37717,34492,26072,31800,26465,61460,19740,20168,45476
32780,33099,32573,32877,32866,36444,36760,31860,33068,35360,37717,34492,26072,31800,26465,61460,19740,20168,45476
32767,33587,32582,32839,32969,36444,36760,31860,33068,35360,37717,34492,26072,31800,26465,61460,19740,20168,45476
32715,33031,32588,32713,32977,36444,36760,31860,33068,35360,37717,34492,26072,31800,26465,61460,19740,20168,45476
32774,32775,32543,32790,33315,36444,36760,31860,33068,35360,37717,34492,26072,31800,26465,61460,19740,20168,45476
32803,33281,32530,32839,33268,36444,36760,31860,33068,35360,37717,34492,26072,31800,26465,61460,19740,20168,45476
32866,32947,32580,32955,33371,36444,36760,31860,33068,35360,37717,34492,26072,31800,26465,61460,19740,20168,45476
32882,33194,32674,32879,33159,35948,36688,31922,33042,34866,37720,34444,26010,31713,24996,62688,21532,19593,49064
32912,33067,32640,32715,32923,35948,36688,31922,33042,34866,37720,34444,26010,31713,24996,62688,21532,19593,49064
32860,33247,32603,32983,32770,35948,36688,31922,33042,34866,37720,34444,26010,31713,24996,62688,21532,19593,49064
32888,33043,32621,32970,32807,35948,36688,31922,33042,34866,37720,34444,26010,31713,24996,62688,21532,19593,49064
32813,32975,32638,32729,33069,35948,36688,31922,33042,34866,37720,34444,26010,31713,24996,62688,21532,19593,49064
32840,33159,32666,32830,33185,35948,36688,31922,33042,34866,37720,34444,26010,31713,24996,62688,21532,19593,49064
32835,32973,32665,32959,33156,35948,36688,31922,33042,34866,37720,34444,26010,31713,24996,62688,21532,19593,49064
32762,33202,32655,32811,33203,35948,36688,31922,33042,34866,37720,34444,26010,31713,24996,62688,21532,19593,49064
32785,32995,32623,32755,32837,35948,36688,31922,33042,34866,37720,34444,26010,31713,24996,62688,21532,19593,49064
32771,33097,32603,32900,32722,35948,36688,31922,33042,34866,37720,34444,26010,31713,24996,62688,21532,19593,49064
32713,32850,32719,32807,32697,35284,36698,32018,33192,34560,37630,34232,25950,31273,24016,61076,20636,19458,51188
32774,33019,32790,32575,32743,35284,36698,32018,33192,34560,37630,34232,25950,31273,24016,61076,20636,19458,51188
32860,33147,32739,32818,32471,35284,36698,32018,33192,34560,37630,34232,25950,31273,24016,61076,20636,19458,51188
32864,33113,32815,32837,32563,35284,36698,32018,33192,34560,37630,34232,25950,31273,24016,61076,20636,19458,51188
32845,33031,32885,32685,32813,35284,36698,32018,33192,34560,37630,34232,25950,31273,24016,61076,20636,19458,51188
32941,32775,32991,32716,32835,35284,36698,32018,33192,34560,37630,34232,25950,31273,24016,61076,20636,19458,51188
32839,33279,32967,32931,32815,35284,36698,32018,33192,34560,37630,34232,25950,31273,24016,61076,20636,19458,51188
32924,32871,32923,32943,32846,35284,36698,32018,33192,34560,37630,34232,25950,31273,24016,61076,20636,19458,51188
32896,32807,32935,32760,32714,35284,36698,32018,33192,34560,37630,34232,25950,31273,24016,61076,20636,19458,51188
32854,33070,32918,32679,32831,35284,36698,32018,33192,34560,37630,34232,25950,31273,24016,61076,20636,19458,51188
32882,33353,33019,32841,32706,34688,36980,32080,33194,34408,37640,34100,25946,30788,22804,56370,23045,19424,47593
32875,32559,32983,32752,32324,34688,36980,32080,33194,34408,37640,34100,25946,30788,22804,56370,23045,19424,47593
32930,32182,32903,32611,32443,34688,36980,32080,33194,34408,37640,34100,25946,30788,22804,56370,23045,19424,47593
32920,33255,32857,32807,32610,34688,36980,32080,33194,34408,37640,34100,25946,30788,22804,56370,23045,19424,47593
32885,33215,32845,32835,32750,34688,36980,32080,33194,34408,37640,34100,25946,30788,22804,56370,23045,19424,47593
32869,33503,32802,32680,32838,34688,36980,32080,33194,34408,37640,34100,25946,30788,22804,56370,23045,19424,47593
32847,33551,32798,32686,32943,34688,36980,32080,33194,34408,37640,34100,25946,30788,22804,56370,23045,19424,47593
32922,33871,32775,32871,32842,34688,36980,32080,33194,34408,37640,34100,25946,30788,22804,56370,23045,19424,47593
32971,32741,32844,32713,32770,34688,36980,32080,33194,34408,37640,34100,25946,30788,22804,56370,23045,19424,47593
32948,33208,32915,32715,32804,34688,36980,32080,33194,34408,37640,34100,25946,30788,22804,56370,23045,19424,47593
32914,33632,32893,32822,32703,34494,37380,32260,33174,34362,37520,34016,25922,29991,22340,52948,23624,18772,49844
32876,33025,32826,32927,32823,34494,37380,32260,33174,34362,37520,34016,25922,29991,22340,52948,23624,18772,49844
32850,33407,32795,32967,32907,34494,37380,32260,33174,34362,37520,34016,25922,29991,22340,52948,23624,18772,49844
32891,33358,32815,32870,32977,34494,37380,32260,33174,34362,37520,34016,25922,29991,22340,52948,23624,18772,49844
32829,33507,32863,33022,32867,34494,37380,32260,33174,34362,37520,34016,25922,29991,22340,52948,23624,18772,49844
32780,32629,32799,32953,32770,34494,37380,32260,33174,34362,37520,34016,25922,29991,22340,52948,23624,18772,49844
32750,32611,32787,32843,33127,34494,37380,32260,33174,34362,37520,34016,25922,29991,22340,52948,23624,18772,49844
32719,32660,32839,32719,33149,34494,37380,32260,33174,34362,37520,34016,25922,29991,22340,52948,23624,18772,49844
32775,33054,32833,32903,32578,34494,37380,32260,33174,34362,37520,34016,25922,29991,22340,52948,23624,18772,49844
32792,33093,32911,32967,32692,34494,37380,32260,33174,34362,37520,34016,25922,29991,22340,52948,23624,18772,49844
32791,32999,32811,32822,32511,34252,37472,32254,33112,34472,37613,33648,25857,29356,22369,48864,25594,17572,45708
32812,33447,32896,32691,32491,34252,37472,32254,33112,34472,37613,33648,25857,29356,22369,48864,25594,17572,45708
32909,33231,32799,32715,32790,34252,37472,32254,33112,34472,37613,33648,25857,29356,22369,48864,25594,17572,45708
32948,32932,32790,32658,32844,34252,37472,32254,33112,34472,37613,33648,25857,29356,22369,48864,25594,17572,45708
32964,33103,32775,32701,32806,34252,37472,32254,33112,34472,37613,33648,25857,29356,22369,48864,25594,17572,45708
33027,33263,32861,32863,32763,34252,37472,32254,33112,34472,37613,33648,25857,29356,22369,48864,25594,17572,45708
32882,33019,32889,32829,33040,34252,37472,32254,33112,34472,37613,33648,25857,29356,22369,48864,25594,17572,45708
32884,33060,32815,32911,32958,34252,37472,32254,33112,34472,37613,33648,25857,29356,22369,48864,25594,17572,45708
32858,33570,32843,32647,32763,34252,37472,32254,33112,34472,37613,33648,25857,29356,22369,48864,25594,17572,45708
32791,33927,32839,32489,32724,34252,37472,32254,33112,34472,37613,33648,25857,29356,22369,48864,25594,17572,45708
32762,32662,32823,32495,33163,33906,37540,32049,32968,34460,37552,33416,25922,28764,22997,41808,27146,16777,39740
32674,32662,32850,32719,32672,33906,37540,32049,32968,34460,37552,33416,25922,28764,22997,41808,27146,16777,39740
32701,32950,32943,32863,32211,33906,37540,32049,32968,34460,37552,33416,25922,28764,22997,41808,27146,16777,39740
32679,32550,32905,32999,32623,33906,37540,32049,32968,34460,37552,33416,25922,28764,22997,41808,27146,16777,39740
32710,33396,32869,32983,32723,33906,37540,32049,32968,34460,37552,33416,25922,28764,22997,41808,27146,16777,39740
32714,34581,32831,32839,33086,33906,37540,32049,32968,34460,37552,33416,25922,28764,22997,41808,27146,16777,39740
32643,34423,32827,32729,33083,33906,37540,32049,32968,34460,37552,33416,25922,28764,22997,41808,27146,16777,39740
32737,33619,32818,32845,32869,33906,37540,32049,32968,34460,37552,33416,25922,28764,22997,41808,27146,16777,39740
32736,33486,32835,32982,33077,33906,37540,32049,32968,34460,37552,33416,25922,28764,22997,41808,27146,16777,39740
32738,32713,32858,33027,32863,33906,37540,32049,32968,34460,37552,33416,25922,28764,22997,41808,27146,16777,39740
32741,32483,32931,32871,32826,33440,37388,32006,33048,34344,37548,33190,25908,28156,24208,38368,26016,15505,35024
32772,32919,32987,32834,32691,33440,37388,32006,33048,34344,37548,33190,25908,28156,24208,38368,26016,15505,35024
32763,32787,32887,32989,32898,33440,37388,32006,33048,34344,37548,33190,25908,28156,24208,38368,26016,15505,35024
32876,33116,32826,33015,33188,33440,37388,32006,33048,34344,37548,33190,25908,28156,24208,38368,26016,15505,35024
32786,33003,32858,32901,33195,33440,37388,32006,33048,34344,37548,33190,25908,28156,24208,38368,26016,15505,35024
32896,32857,32899,32883,33063,33440,37388,32006,33048,34344,37548,33190,25908,28156,24208,38368,26016,15505,35024
32840,32983,32895,33029,32795,33440,37388,32006,33048,34344,37548,33190,25908,28156,24208,38368,26016,15505,35024
32786,32951,32903,32991,32643,33440,37388,32006,33048,34344,37548,33190,25908,28156,24208,38368,26016,15505,35024
32718,32675,32897,32945,32359,33440,37388,32006,33048,34344,37548,33190,25908,28156,24208,38368,26016,15505,35024
32752,32577,32848,32917,32535,33440,37388,32006,33048,34344,37548,33190,25908,28156,24208,38368,26016,15505,35024
32667,33159,32751,32784,32629,33098,37096,31844,32996,34072,37516,33140,25872,27848,24972,33393,30133,14975,32184
32670,33238,32639,32751,32323,33098,37096,31844,32996,34072,37516,33140,25872,27848,24972,33393,30133,14975,32184
32788,32891,32658,32683,32532,33098,37096,31844,32996,34072,37516,33140,25872,27848,24972,33393,30133,14975,32184
32751,32863,32703,32741,33003,33098,37096,31844,32996,34072,37516,33140,25872,27848,24972,33393,30133,14975,32184
32720,32959,32695,32916,32790,33098,37096,31844,32996,34072,37516,33140,25872,27848,24972,33393,30133,14975,32184
32692,33050,32699,32844,32663,33098,37096,31844,32996,34072,37516,33140,25872,27848,24972,33393,30133,14975,32184
32679,33551,32695,32757,32762,33098,37096,31844,32996,34072,37516,33140,25872,27848,24972,33393,30133,14975,32184
32607,33323,32743,32687,32804,33098,37096,31844,32996,34072,37516,33140,25872,27848,24972,33393,30133,14975,32184
32646,32975,32792,32914,32737,33098,37096,31844,32996,34072,37516,33140,25872,27848,24972,33393,30133,14975,32184
32583,33287,32757,32863,32685,33098,37096,31844,32996,34072,37516,33140,25872,27848,24972,33393,30133,14975,32184
32685,32939,32791,32659,32605,32976,36792,31668,33154,33888,37398,33172,25888,27756,25577,32024,28172,14562,32648
32761,33083,32807,32601,32867,32976,36792,31668,33154,33888,37398,33172,25888,27756,25577,32024,28172,14562,32648
32868,33010,32853,32810,32955,32976,36792,31668,33154,33888,37398,33172,25888,27756,25577,32024,28172,14562,32648
32897,32935,32893,32851,32937,32976,36792,31668,33154,33888,37398,33172,25888,27756,25577,32024,28172,14562,32648
32883,33167,32957,32813,32898,32976,36792,31668,33154,33888,37398,33172,25888,27756,25577,32024,28172,14562,32648
32892,32897,33035,32599,33103,32976,36792,31668,33154,33888,37398,33172,25888,27756,25577,32024,28172,14562,32648
32842,32826,32967,32547,33043,32976,36792,31668,33154,33888,37398,33172,25888,27756,25577,32024,28172,14562,32648
32890,33106,32967,32615,33194,32976,36792,31668,33154,33888,37398,33172,25888,27756,25577,32024,28172,14562,32648
32861,32911,33005,32793,32955,32976,36792,31668,33154,33888,37398,33172,25888,27756,25577,32024,28172,14562,32648
32813,33231,33035,32733,32747,32976,36792,31668,33154,33888,37398,33172,25888,27756,25577,32024,28172,14562,32648
32827,33111,32999,32595,32767,32848,36616,31426,33060,33724,37320,33020,25954,27679,25537,31293,29024,14501,32576
32748,32819,33057,32589,32855,32848,36616,31426,33060,33724,37320,33020,25954,27679,25537,31293,29024,14501,32576
32750,33746,33033,32805,32666,32848,36616,31426,33060,33724,37320,33020,25954,27679,25537,31293,29024,14501,32576
32680,33534,33003,32823,32927,32848,36616,31426,33060,33724,37320,33020,25954,27679,25537,31293,29024,14501,32576
32696,32847,32971,32809,33058,32848,36616,31426,33060,33724,37320,33020,25954,27679,25537,31293,29024,14501,32576
32761,33123,32987,32819,33147,32848,36616,31426,33060,33724,37320,33020,25954,27679,25537,31293,29024,14501,32576
32775,33111,32984,32873,33062,32848,36616,31426,33060,33724,37320,33020,25954,27679,25537,31293,29024,14501,32576
32833,33643,32961,32887,32916,32848,36616,31426,33060,33724,37320,33020,25954,27679,25537,31293,29024,14501,32576
32800,33445,32919,32839,32668,32848,36616,31426,33060,33724,37320,33020,25954,27679,25537,31293,29024,14501,32576
32841,32987,32879,32733,32409,32848,36616,31426,33060,33724,37320,33020,25954,27679,25537,31293,29024,14501,32576
32758,32947,32847,32862,32453,32920,36396,31312,33198,33612,37322,33196,25921,27836,26606,29404,29692,14467,29816
32770,32719,32728,32959,32643,32920,36396,31312,33198,33612,37322,33196,25921,27836,26606,29404,29692,14467,29816
32745,32711,32748,32933,32733,32920,36396,31312,33198,33612,37322,33196,25921,27836,26606,29404,29692,14467,29816
32743,32911,32826,32833,32703,32920,36396,31312,33198,33612,37322,33196,25921,27836,26606,29404,29692,14467,29816
32723,32643,32838,32761,32771,32920,36396,31312,33198,33612,37322,33196,25921,27836,26606,29404,29692,14467,29816
32725,33017,32866,32940,32525,32920,36396,31312,33198,33612,37322,33196,25921,27836,26606,29404,29692,14467,29816
32633,32750,32681,32899,32527,32920,36396,31312,33198,33612,37322,33196,25921,27836,26606,29404,29692,14467,29816
32644,33102,32667,32707,32742,32920,36396,31312,33198,33612,37322,33196,25921,27836,26606,29404,29692,14467,29816
32674,33083,32741,32745,32825,32920,36396,31312,33198,33612,37322,33196,25921,27836,26606,29404,29692,14467,29816
32751,33015,32791,32815,32596,32920,36396,31312,33198,33612,37322,33196,25921,27836,26606,29404,29692,14467,29816
32787,33175,32883,32889,32730,32860,36212,31296,33082,33636,37288,33236,25956,28205,27962,25376,33872,14600,28961
32742,32819,32873,32744,32912,32860,36212,31296,33082,33636,37288,33236,25956,28205,27962,25376,33872,14600,28961
32746,33091,32896,32711,33159,32860,36212,31296,33082,33636,37288,33236,25956,28205,27962,25376,33872,14600,28961
32766,32762,32867,32838,32845,32860,36212,31296,33082,33636,37288,33236,25956,28205,27962,25376,33872,14600,28961
32822,33257,32819,32827,32327,32860,36212,31296,33082,33636,37288,33236,25956,28205,27962,25376,33872,14600,28961
32771,33082,32691,32630,32647,32860,36212,31296,33082,33636,37288,33236,25956,28205,27962,25376,33872,14600,28961
32782,32947,32611,32727,32877,32860,36212,31296,33082,33636,37288,33236,25956,28205,27962,25376,33872,14600,28961
32741,33107,32641,32732,32683,32860,36212,31296,33082,33636,37288,33236,25956,28205,27962,25376,33872,14600,28961
32755,33063,32662,32751,32619,32860,36212,31296,33082,33636,37288,33236,25956,28205,27962,25376,33872,14600,28961
32741,32959,32719,32886,32621,32860,36212,31296,33082,33636,37288,33236,25956,28205,27962,25376,33872,14600,28961
32723,33267,32757,32867,32473,32920,36096,31236,33092,33754,37232,33240,25981,28268,27741,24304,31471,14779,28981
32804,33159,32795,32723,33031,32920,36096,31236,33092,33754,37232,33240,25981,28268,27741,24304,31471,14779,28981
32858,33322,32722,32687,33178,32920,36096,31236,33092,33754,37232,33240,25981,28268,27741,24304,31471,14779,28981
32878,33507,32687,32715,33454,32920,36096,31236,33092,33754,37232,33240,25981,28268,27741,24304,31471,14779,28981
32763,32740,32693,32805,33103,32920,36096,31236,33092,33754,37232,33240,25981,28268,27741,24304,31471,14779,28981
32749,32911,32654,32818,32908,32920,36096,31236,33092,33754,37232,33240,25981,28268,27741,24304,31471,14779,28981
32785,33373,32645,32911,32764,32920,36096,31236,33092,33754,37232,33240,25981,28268,27741,24304,31471,14779,28981
32836,33079,32665,32719,32533,32920,36096,31236,33092,33754,37232,33240,25981,28268,27741,24304,31471,14779,28981
32779,33433,32647,32935,32703,32920,36096,31236,33092,33754,37232,33240,25981,28268,27741,24304,31471,14779,28981
32751,33285,32615,32996,32882,32920,36096,31236,33092,33754,37232,33240,25981,28268,27741,24304,31471,14779,28981
32743,32979,32578,32841,32782,32926,36164,31330,33088,33820,37202,33220,26036,28657,27603,22104,31617,14917,29376
32756,33125,32635,32879,32732,32926,36164,31330,33088,33820,37202,33220,26036,28657,27603,22104,31617,14917,29376
32736,32870,32615,33015,32595,32926,36164,31330,33088,33820,37202,33220,26036,28657,27603,22104,31617,14917,29376
32804,33159,32610,32901,32635,32926,36164,31330,33088,33820,37202,33220,26036,28657,27603,22104,31617,14917,29376
32811,33039,32596,32748,32684,32926,36164,31330,33088,33820,37202,33220,26036,28657,27603,22104,31617,14917,29376
32742,32735,32611,32850,32785,32926,36164,31330,33088,33820,37202,33220,26036,28657,27603,22104,31617,14917,29376
32719,33055,32543,32989,32773,32926,36164,31330,33088,33820,37202,33220,26036,28657,27603,22104,31617,14917,29376
32756,32887,32551,32876,32647,32926,36164,31330,33088,33820,37202,33220,26036,28657,27603,22104,31617,14917,29376
32730,32955,32611,32711,32775,32926,36164,31330,33088,33820,37202,33220,26036,28657,27603,22104,31617,14917,29376
32743,33277,32630,32889,32971,32926,36164,31330,33088,33820,37202,33220,26036,28657,27603,22104,31617,14917,29376
32845,33023,32663,32943,33311,32830,35960,31154,33096,33780,37180,33061,25974,28964,27496,21514,32848,15200,28157
32832,32991,32707,32907,32933,32830,35960,31154,33096,33780,37180,33061,25974,28964,27496,21514,32848,15200,28157
32826,32935,32694,32723,33141,32830,35960,31154,33096,33780,37180,33061,25974,28964,27496,21514,32848,15200,28157
32882,32915,32679,32901,32967,32830,35960,31154,33096,33780,37180,33061,25974,28964,27496,21514,32848,15200,28157
32786,33375,32754,32947,32854,32830,35960,31154,33096,33780,37180,33061,25974,28964,27496,21514,32848,15200,28157
32738,33106,32831,32810,32821,32830,35960,31154,33096,33780,37180,33061,25974,28964,27496,21514,32848,15200,28157
32868,33407,32693,32743,32663,32830,35960,31154,33096,33780,37180,33061,25974,28964,27496,21514,32848,15200,28157
32943,33207,32704,32953,32703,32830,35960,31154,33096,33780,37180,33061,25974,28964,27496,21514,32848,15200,28157
33033,33107,32775,32898,32447,32830,35960,31154,33096,33780,37180,33061,25974,28964,27496,21514,32848,15200,28157
33170,32807,32811,32551,32591,32830,35960,31154,33096,33780,37180,33061,25974,28964,27496,21514,32848,15200,28157
32913,33284,32786,32643,32519,32777,36033,31216,33259,33856,37154,32980,26064,29248,27065,21776,33728,15445,25408
32787,33559,32768,32737,32707,32777,36033,31216,33259,33856,37154,32980,26064,29248,27065,21776,33728,15445,25408
32621,31810,32770,32579,32774,32777,36033,31216,33259,33856,37154,32980,26064,29248,27065,21776,33728,15445,25408
32593,32785,32858,32708,32945,32777,36033,31216,33259,33856,37154,32980,26064,29248,27065,21776,33728,15445,25408
32632,33329,32883,32884,32819,32777,36033,31216,33259,33856,37154,32980,26064,29248,27065,21776,33728,15445,25408
32654,33430,32797,32703,32762,32777,36033,31216,33259,33856,37154,32980,26064,29248,27065,21776,33728,15445,25408
32608,33265,32775,32839,32836,32777,36033,31216,33259,33856,37154,32980,26064,29248,27065,21776,33728,15445,25408
32663,32817,32775,32864,32749,32777,36033,31216,33259,33856,37154,32980,26064,29248,27065,21776,33728,15445,25408
32582,32955,32799,32651,32858,32777,36033,31216,33259,33856,37154,32980,26064,29248,27065,21776,33728,15445,25408
32620,32546,32755,32693,33071,32777,36033,31216,33259,33856,37154,32980,26064,29248,27065,21776,33728,15445,25408
32618,32681,32751,32841,33015,32946,36104,31218,33152,33882,37032,32944,26124,29456,26553,22648,36036,15385,26849
32590,33505,32823,32967,33133,32946,36104,31218,33152,33882,37032,32944,26124,29456,26553,22648,36036,15385,26849
32659,33506,32835,32911,32947,32946,36104,31218,33152,33882,37032,32944,26124,29456,26553,22648,36036,15385,26849
32708,33191,32855,32679,32730,32946,36104,31218,33152,33882,37032,32944,26124,29456,26553,22648,36036,15385,26849
32729,33029,32746,32569,32461,32946,36104,31218,33152,33882,37032,32944,26124,29456,26553,22648,36036,15385,26849
32746,33366,32857,32567,32645,32946,36104,31218,33152,33882,37032,32944,26124,29456,26553,22648,36036,15385,26849
32695,33355,32899,32816,32762,32946,36104,31218,33152,33882,37032,32944,26124,29456,26553,22648,36036,15385,26849
32708,32898,32832,32812,32759,32946,36104,31218,33152,33882,37032,32944,26124,29456,26553,22648,36036,15385,26849
32693,32923,32859,32817,32743,32946,36104,31218,33152,33882,37032,32944,26124,29456,26553,22648,36036,15385,26849
32698,33159,32877,32623,32606,32946,36104,31218,33152,33882,37032,32944,26124,29456,26553,22648,36036,15385,26849
32691,33667,32886,32798,32935,32976,35956,31208,33248,33720,36952,32936,26080,29034,27504,22722,35964,15480,24888
32792,33528,32773,32998,33039,32976,35956,31208,33248,33720,36952,32936,26080,29034,27504,22722,35964,15480,24888
32785,33171,32701,32993,33303,32976,35956,31208,33248,33720,36952,32936,26080,29034,27504,22722,35964,15480,24888
32870,33018,32677,32891,33111,32976,35956,31208,33248,33720,36952,32936,26080,29034,27504,22722,35964,15480,24888
32902,32615,32679,32701,32887,32976,35956,31208,33248,33720,36952,32936,26080,29034,27504,22722,35964,15480,24888
32817,32688,32686,32690,32739,32976,35956,31208,33248,33720,36952,32936,26080,29034,27504,22722,35964,15480,24888
32795,32953,32799,32791,32883,32976,35956,31208,33248,33720,36952,32936,26080,29034,27504,22722,35964,15480,24888
32803,33002,32672,33039,32373,32976,35956,31208,33248,33720,36952,32936,26080,29034,27504,22722,35964,15480,24888
32766,33111,32671,32895,32486,32976,35956,31208,33248,33720,36952,32936,26080,29034,27504,22722,35964,15480,24888
32755,33792,32682,32845,32351,32976,35956,31208,33248,33720,36952,32936,26080,29034,27504,22722,35964,15480,24888
32798,33405,32830,33043,32583,33148,35853,31194,33084,33618,36920,32973,26120,28576,29546,22672,35304,15448,26432
32826,33410,32767,32982,32856,33148,35853,31194,33084,33618,36920,32973,26120,28576,29546,22672,35304,15448,26432
32840,33178,32767,32822,33025,33148,35853,31194,33084,33618,36920,32973,26120,28576,29546,22672,35304,15448,26432
32882,32859,32761,32707,33055,33148,35853,31194,33084,33618,36920,32973,26120,28576,29546,22672,35304,15448,26432
32940,32999,32713,32869,33237,33148,35853,31194,33084,33618,36920,32973,26120,28576,29546,22672,35304,15448,26432
32935,33159,32751,32959,32869,33148,35853,31194,33084,33618,36920,32973,26120,28576,29546,22672,35304,15448,26432
32876,33072,32743,32891,33087,33148,35853,31194,33084,33618,36920,32973,26120,28576,29546,22672,35304,15448,26432
32967,33055,32711,32677,33027,33148,35853,31194,33084,33618,36920,32973,26120,28576,29546,22672,35304,15448,26432
33053,33235,32775,32651,32965,33148,35853,31194,33084,33618,36920,32973,26120,28576,29546,22672,35304,15448,26432
33042,32962,32887,32813,33047,33148,35853,31194,33084,33618,36920,32973,26120,28576,29546,22672,35304,15448,26432
32909,33298,32848,32647,32630,33156,35820,31280,33214,33552,36897,32936,26240,28616,30915,21313,34832,15484,26382
32696,32783,32807,32615,32407,33156,35820,31280,33214,33552,36897,32936,26240,28616,30915,21313,34832,15484,26382
32611,32726,32873,32770,32591,33156,35820,31280,33214,33552,36897,32936,26240,28616,30915,21313,34832,15484,26382
32652,32715,32911,32724,32663,33156,35820,31280,33214,33552,36897,32936,26240,28616,30915,21313,34832,15484,26382
32543,32747,32971,32655,32325,33156,35820,31280,33214,33552,36897,32936,26240,28616,30915,21313,34832,15484,26382
32562,33213,32891,32735,32585,33156,35820,31280,33214,33552,36897,32936,26240,28616,30915,21313,34832,15484,26382
32582,33262,32833,32846,33043,33156,35820,31280,33214,33552,36897,32936,26240,28616,30915,21313,34832,15484,26382
32641,33071,32798,32831,33323,33156,35820,31280,33214,33552,36897,32936,26240,28616,30915,21313,34832,15484,26382
32672,33097,32745,32678,33603,33156,35820,31280,33214,33552,36897,32936,26240,28616,30915,21313,34832,15484,26382
32686,33415,32758,32701,33618,33156,35820,31280,33214,33552,36897,32936,26240,28616,30915,21313,34832,15484,26382
32757,32981,32727,32948,33227,33258,35692,31376,33274,33528,36896,32980,26264,28576,31242,21473,36364,15713,25056
32758,33287,32807,32921,32663,33258,35692,31376,33274,33528,36896,32980,26264,28576,31242,21473,36364,15713,25056
32750,32959,32705,32794,32253,33258,35692,31376,33274,33528,36896,32980,26264,28576,31242,21473,36364,15713,25056
32796,32971,32739,32941,31967,33258,35692,31376,33274,33528,36896,32980,26264,28576,31242,21473,36364,15713,25056
32815,33407,32748,32964,31874,33258,35692,31376,33274,33528,36896,32980,26264,28576,31242,21473,36364,15713,25056
32791,33255,32634,32923,32263,33258,35692,31376,33274,33528,36896,32980,26264,28576,31242,21473,36364,15713,25056
32756,32667,32692,32711,32288,33258,35692,31376,33274,33528,36896,32980,26264,28576,31242,21473,36364,15713,25056
32846,32822,32790,32759,32631,33258,35692,31376,33274,33528,36896,32980,26264,28576,31242,21473,36364,15713,25056
32837,32803,32783,32894,32597,33258,35692,31376,33274,33528,36896,32980,26264,28576,31242,21473,36364,15713,25056
32869,32581,32799,32854,32514,33258,35692,31376,33274,33528,36896,32980,26264,28576,31242,21473,36364,15713,25056
32858,32789,32727,32655,32633,33233,35632,31146,33369,33496,36912,32992,26292,28700,31408,21808,34201,16067,24240
32795,32735,32733,32727,32459,33233,35632,31146,33369,33496,36912,32992,26292,28700,31408,21808,34201,16067,24240
32868,32572,32790,32845,32469,33233,35632,31146,33369,33496,36912,32992,26292,28700,31408,21808,34201,16067,24240
32802,32903,32760,32873,32555,33233,35632,31146,33369,33496,36912,32992,26292,28700,31408,21808,34201,16067,24240
32697,32999,32828,32651,32820,33233,35632,31146,33369,33496,36912,32992,26292,28700,31408,21808,34201,16067,24240
32627,32871,32875,32839,32925,33233,35632,31146,33369,33496,36912,32992,26292,28700,31408,21808,34201,16067,24240
32588,33299,32839,32831,32861,33233,35632,31146,33369,33496,36912,32992,26292,28700,31408,21808,34201,16067,24240
32545,32999,32835,32661,32889,33233,35632,31146,33369,33496,36912,32992,26292,28700,31408,21808,34201,16067,24240
32588,32877,32807,32695,32997,33233,35632,31146,33369,33496,36912,32992,26292,28700,31408,21808,34201,16067,24240
32627,32809,32839,32822,33133,33233,35632,31146,33369,33496,36912,32992,26292,28700,31408,21808,34201,16067,24240
32777,32586,32823,32785,33239,33328,35464,31052,33416,33484,36888,32972,26340,28776,30340,22390,35468,16710,25789
32872,33183,32746,32687,33042,33328,35464,31052,33416,33484,36888,32972,26340,28776,30340,22390,35468,16710,25789
32973,33261,32759,32871,32999,33328,35464,31052,33416,33484,36888,32972,26340,28776,30340,22390,35468,16710,25789
32879,33209,32732,33071,32967,33328,35464,31052,33416,33484,36888,32972,26340,28776,30340,22390,35468,16710,25789
32754,33195,32656,32971,32934,33328,35464,31052,33416,33484,36888,32972,26340,28776,30340,22390,35468,16710,25789
32648,33695,32641,32857,32743,33328,35464,31052,33416,33484,36888,32972,26340,28776,30340,22390,35468,16710,25789
32737,33099,32716,32941,32921,33328,35464,31052,33416,33484,36888,32972,26340,28776,30340,22390,35468,16710,25789
32767,33378,32642,32916,32749,33328,35464,31052,33416,33484,36888,32972,26340,28776,30340,22390,35468,16710,25789
32729,33321,32578,32775,32974,33328,35464,31052,33416,33484,36888,32972,26340,28776,30340,22390,35468,16710,25789
32768,32739,32591,32830,32797,33328,35464,31052,33416,33484,36888,32972,26340,28776,30340,22390,35468,16710,25789
32746,33172,32583,32855,32999,33556,35378,31044,33434,33536,36824,32820,26434,28565,29173,25172,35084,17481,26510
32846,33543,32611,32972,33061,33556,35378,31044,33434,33536,36824,32820,26434,28565,29173,25172,35084,17481,26510
32865,33487,32730,33053,32785,33556,35378,31044,33434,33536,36824,32820,26434,28565,29173,25172,35084,17481,26510
32834,32998,32709,33038,32822,33556,35378,31044,33434,33536,36824,32820,26434,28565,29173,25172,35084,17481,26510
32832,32771,32621,32979,32548,33556,35378,31044,33434,33536,36824,32820,26434,28565,29173,25172,35084,17481,26510
32878,32741,32581,32943,32775,33556,35378,31044,33434,33536,36824,32820,26434,28565,29173,25172,35084,17481,26510
32937,32799,32557,32760,32848,33556,35378,31044,33434,33536,36824,32820,26434,28565,29173,25172,35084,17481,26510
32925,32391,32575,32659,32798,33556,35378,31044,33434,33536,36824,32820,26434,28565,29173,25172,35084,17481,26510
32911,32775,32599,32625,33111,33556,35378,31044,33434,33536,36824,32820,26434,28565,29173,25172,35084,17481,26510
32757,33143,32582,32702,32862,33556,35378,31044,33434,33536,36824,32820,26434,28565,29173,25172,35084,17481,26510
32826,33799,32588,32795,32577,33896,35440,30794,33476,33664,36756,32748,26434,28648,28296,27570,33512,18429,27936
32791,33922,32619,32791,32787,33896,35440,30794,33476,33664,36756,32748,26434,28648,28296,27570,33512,18429,27936
32805,33391,32730,32852,32666,33896,35440,30794,33476,33664,36756,32748,26434,28648,28296,27570,33512,18429,27936
32763,32867,32717,32755,32772,33896,35440,30794,33476,33664,36756,32748,26434,28648,28296,27570,33512,18429,27936
32907,33059,32703,32663,32868,33896,35440,30794,33476,33664,36756,32748,26434,28648,28296,27570,33512,18429,27936
32943,33111,32615,32689,32783,33896,35440,30794,33476,33664,36756,32748,26434,28648,28296,27570,33512,18429,27936
33061,32954,32663,32850,32601,33896,35440,30794,33476,33664,36756,32748,26434,28648,28296,27570,33512,18429,27936
33034,32951,32699,32895,32934,33896,35440,30794,33476,33664,36756,32748,26434,28648,28296,27570,33512,18429,27936
33034,33176,32790,32867,32811,33896,35440,30794,33476,33664,36756,32748,26434,28648,28296,27570,33512,18429,27936
32741,32975,32864,32823,32459,33896,35440,30794,33476,33664,36756,32748,26434,28648,28296,27570,33512,18429,27936
32707,32893,32871,32759,32711,34244,35472,30548,33368,33908,36650,32640,26528,29031,27824,29482,31004,19618,28628
32688,32957,32835,32731,32631,34244,35472,30548,33368,33908,36650,32640,26528,29031,27824,29482,31004,19618,28628
32697,32804,32867,32715,32854,34244,35472,30548,33368,33908,36650,32640,26528,29031,27824,29482,31004,19618,28628
32679,32875,32831,32667,32803,34244,35472,30548,33368,33908,36650,32640,26528,29031,27824,29482,31004,19618,28628
32637,33107,32863,32749,32729,34244,35472,30548,33368,33908,36650,32640,26528,29031,27824,29482,31004,19618,28628
32551,32918,32799,32773,32775,34244,35472,30548,33368,33908,36650,32640,26528,29031,27824,29482,31004,19618,28628
32501,32924,32775,32742,32889,34244,35472,30548,33368,33908,36650,32640,26528,29031,27824,29482,31004,19618,28628
32581,33266,32843,32802,32799,34244,35472,30548,33368,33908,36650,32640,26528,29031,27824,29482,31004,19618,28628
32632,33171,32907,32791,32925,34244,35472,30548,33368,33908,36650,32640,26528,29031,27824,29482,31004,19618,28628
32633,33047,33028,32831,32636,34244,35472,30548,33368,33908,36650,32640,26528,29031,27824,29482,31004,19618,28628
32533,33059,32969,32879,32750,34478,35440,30396,33512,34114,36590,32354,26556,29320,27277,31268,30145,21945,31293
32319,33211,32991,32898,32915,34478,35440,30396,33512,34114,36590,32354,26556,29320,27277,31268,30145,21945,31293
32006,33239,32967,32819,32719,34478,35440,30396,33512,34114,36590,32354,26556,29320,27277,31268,30145,21945,31293
31842,33031,32967,32803,32818,34478,35440,30396,33512,34114,36590,32354,26556,29320,27277,31268,30145,21945,31293
31684,32966,33008,32802,32731,34478,35440,30396,33512,34114,36590,32354,26556,29320,27277,31268,30145,21945,31293
31806,33056,33031,32830,32807,34478,35440,30396,33512,34114,36590,32354,26556,29320,27277,31268,30145,21945,31293
32000,33199,32973,32871,33011,34478,35440,30396,33512,34114,36590,32354,26556,29320,27277,31268,30145,21945,31293
32242,33243,33044,32839,32727,34478,35440,30396,33512,34114,36590,32354,26556,29320,27277,31268,30145,21945,31293
32442,33061,33063,32841,33072,34478,35440,30396,33512,34114,36590,32354,26556,29320,27277,31268,30145,21945,31293
32615,32568,33019,32763,32909,34478,35440,30396,33512,34114,36590,32354,26556,29320,27277,31268,30145,21945,31293
32680,32733,33029,32813,32719,34720,35280,30188,33572,34292,36645,32200,26680,29576,27056,31894,32810,22964,32976
32855,33122,32967,32850,32823,34720,35280,30188,33572,34292,36645,32200,26680,29576,27056,31894,32810,22964,32976
32957,33107,32891,32877,32893,34720,35280,30188,33572,34292,36645,32200,26680,29576,27056,31894,32810,22964,32976
33058,33175,32939,32903,32843,34720,35280,30188,33572,34292,36645,32200,26680,29576,27056,31894,32810,22964,32976
33106,33067,32766,32755,32660,34720,35280,30188,33572,34292,36645,32200,26680,29576,27056,31894,32810,22964,32976
33104,33100,32730,32787,33261,34720,35280,30188,33572,34292,36645,32200,26680,29576,27056,31894,32810,22964,32976
33154,32639,32683,32699,32898,34720,35280,30188,33572,34292,36645,32200,26680,29576,27056,31894,32810,22964,32976
33046,33042,32574,32661,32861,34720,35280,30188,33572,34292,36645,32200,26680,29576,27056,31894,32810,22964,32976
33112,33174,32618,32689,33047,34720,35280,30188,33572,34292,36645,32200,26680,29576,27056,31894,32810,22964,32976
33144,32798,32683,32679,32835,34720,35280,30188,33572,34292,36645,32200,26680,29576,27056,31894,32810,22964,32976
33010,32853,32663,32675,32884,34864,35194,29692,33580,34352,36576,32192,26722,29919,26521,31492,32241,23590,35712
32938,33577,32741,32721,32732,34864,35194,29692,33580,34352,36576,32192,26722,29919,26521,31492,32241,23590,35712
32953,32985,32767,32687,32522,34864,35194,29692,33580,34352,36576,32192,26722,29919,26521,31492,32241,23590,35712
33066,32981,32774,32769,32829,34864,35194,29692,33580,34352,36576,32192,26722,29919,26521,31492,32241,23590,35712
33040,33105,32743,32748,32621,34864,35194,29692,33580,34352,36576,32192,26722,29919,26521,31492,32241,23590,35712
33170,32609,32667,32815,32933,34864,35194,29692,33580,34352,36576,32192,26722,29919,26521,31492,32241,23590,35712
33119,33028,32613,32871,32997,34864,35194,29692,33580,34352,36576,32192,26722,29919,26521,31492,32241,23590,35712
32997,32914,32575,32981,32854,34864,35194,29692,33580,34352,36576,32192,26722,29919,26521,31492,32241,23590,35712
32932,32807,32694,32970,32643,34864,35194,29692,33580,34352,36576,32192,26722,29919,26521,31492,32241,23590,35712
32828,33171,32587,32895,32557,34864,35194,29692,33580,34352,36576,32192,26722,29919,26521,31492,32241,23590,35712
32819,33527,32615,32805,32422,34864,35302,29184,33636,34472,36652,32109,26736,30408,25792,31901,30185,25040,37160
32784,33671,32658,32743,32169,34864,35302,29184,33636,34472,36652,32109,26736,30408,25792,31901,30185,25040,37160
32818,33579,32716,32739,32455,34864,35302,29184,33636,34472,36652,32109,26736,30408,25792,31901,30185,25040,37160
32864,33713,32771,32697,32519,34864,35302,29184,33636,34472,36652,32109,26736,30408,25792,31901,30185,25040,37160
32868,33646,32842,32873,32751,34864,35302,29184,33636,34472,36652,32109,26736,30408,25792,31901,30185,25040,37160
32827,33085,32785,32851,32797,34864,35302,29184,33636,34472,36652,32109,26736,30408,25792,31901,30185,25040,37160
32934,33364,32775,32765,32977,34864,35302,29184,33636,34472,36652,32109,26736,30408,25792,31901,30185,25040,37160
32933,32655,32851,32551,33047,34864,35302,29184,33636,34472,36652,32109,26736,30408,25792,31901,30185,25040,37160
32954,32110,32869,32601,32935,34864,35302,29184,33636,34472,36652,32109,26736,30408,25792,31901,30185,25040,37160
32908,32219,32879,32659,33093,34864,35302,29184,33636,34472,36652,32109,26736,30408,25792,31901,30185,25040,37160
32960,32303,32907,32711,32951,34820,35572,28772,33600,34548,36904,32032,26792,30905,25156,33208,27570,26316,41220
32849,32711,32877,32947,32485,34820,35572,28772,33600,34548,36904,32032,26792,30905,25156,33208,27570,26316,41220
32913,33047,32841,33007,32822,34820,35572,28772,33600,34548,36904,32032,26792,30905,25156,33208,27570,26316,41220
32939,33423,32869,33063,32795,34820,35572,28772,33600,34548,36904,32032,26792,30905,25156,33208,27570,26316,41220
32871,33679,32729,33031,33043,34820,35572,28772,33600,34548,36904,32032,26792,30905,25156,33208,27570,26316,41220
32952,33427,32770,33017,33209,34820,35572,28772,33600,34548,36904,32032,26792,30905,25156,33208,27570,26316,41220
32976,33377,32799,32967,33229,34820,35572,28772,33600,34548,36904,32032,26792,30905,25156,33208,27570,26316,41220
32989,33780,32863,32705,32961,34820,35572,28772,33600,34548,36904,32032,26792,30905,25156,33208,27570,26316,41220
32952,33427,32803,32697,32765,34820,35572,28772,33600,34548,36904,32032,26792,30905,25156,33208,27570,26316,41220
32818,33191,32835,32743,32667,34820,35572,28772,33600,34548,36904,32032,26792,30905,25156,33208,27570,26316,41220
32858,33341,32932,32803,32331,34784,35996,28518,33553,34832,37208,31924,26829,31403,24264,34580,25988,28100,42681
32710,33351,32959,32827,32546,34784,35996,28518,33553,34832,37208,31924,26829,31403,24264,34580,25988,28100,42681
32620,33245,32933,32931,32567,34784,35996,28518,33553,34832,37208,31924,26829,31403,24264,34580,25988,28100,42681
32589,33038,32951,32916,32513,34784,35996,28518,33553,34832,37208,31924,26829,31403,24264,34580,25988,28100,42681
32551,33187,32971,32923,32481,34784,35996,28518,33553,34832,37208,31924,26829,31403,24264,34580,25988,28100,42681
32551,32967,32909,32843,32775,34784,35996,28518,33553,34832,37208,31924,26829,31403,24264,34580,25988,28100,42681
32579,32869,33029,32783,32583,34784,35996,28518,33553,34832,37208,31924,26829,31403,24264,34580,25988,28100,42681
32647,32297,33109,32766,32823,34784,35996,28518,33553,34832,37208,31924,26829,31403,24264,34580,25988,28100,42681
32674,32847,32991,32775,32825,34784,35996,28518,33553,34832,37208,31924,26829,31403,24264,34580,25988,28100,42681
32820,32749,32894,32827,32825,34784,35996,28518,33553,34832,37208,31924,26829,31403,24264,34580,25988,28100,42681
32974,32775,32806,32979,32869,34836,36180,28512,33744,35012,37444,32005,26874,31058,23445,34740,27560,32416,39980
33164,32951,32791,33065,33167,34836,36180,28512,33744,35012,37444,32005,26874,31058,23445,34740,27560,32416,39980
33223,33106,32717,33019,32973,34836,36180,28512,33744,35012,37444,32005,26874,31058,23445,34740,27560,32416,39980
33374,33219,32703,32991,33031,34836,36180,28512,33744,35012,37444,32005,26874,31058,23445,34740,27560,32416,39980
33292,32940,32583,32843,33229,34836,36180,28512,33744,35012,37444,32005,26874,31058,23445,34740,27560,32416,39980
33320,32723,32623,32775,33109,34836,36180,28512,33744,35012,37444,32005,26874,31058,23445,34740,27560,32416,39980
33188,32819,32681,32687,32871,34836,36180,28512,33744,35012,37444,32005,26874,31058,23445,34740,27560,32416,39980
32991,33205,32679,32659,32583,34836,36180,28512,33744,35012,37444,32005,26874,31058,23445,34740,27560,32416,39980
32796,33307,32735,32684,32699,34836,36180,28512,33744,35012,37444,32005,26874,31058,23445,34740,27560,32416,39980
32720,33069,32691,32751,32419,34836,36180,28512,33744,35012,37444,32005,26874,31058,23445,34740,27560,32416,39980
32656,33043,32815,32871,32620,34774,36272,28424,33744,34948,37464,31908,26888,30058,23552,35312,25324,29620,41332
32697,33375,32857,32927,32439,34774,36272,28424,33744,34948,37464,31908,26888,30058,23552,35312,25324,29620,41332
32596,33203,32857,32981,32713,34774,36272,28424,33744,34948,37464,31908,26888,30058,23552,35312,25324,29620,41332
32450,33102,32805,32932,32551,34774,36272,28424,33744,34948,37464,31908,26888,30058,23552,35312,25324,29620,41332
32440,32619,32684,32741,32854,34774,36272,28424,33744,34948,37464,31908,26888,30058,23552,35312,25324,29620,41332
32436,32611,32743,32711,32975,34774,36272,28424,33744,34948,37464,31908,26888,30058,23552,35312,25324,29620,41332
32479,33123,32713,32685,33083,34774,36272,28424,33744,34948,37464,31908,26888,30058,23552,35312,25324,29620,41332
32519,33124,32750,32697,33025,34774,36272,28424,33744,34948,37464,31908,26888,30058,23552,35312,25324,29620,41332
32635,33105,32795,32731,33023,34774,36272,28424,33744,34948,37464,31908,26888,30058,23552,35312,25324,29620,41332
32818,32848,32759,32739,32839,34774,36272,28424,33744,34948,37464,31908,26888,30058,23552,35312,25324,29620,41332
32896,33055,32677,32878,32866,34744,36174,28460,33533,34800,37332,31509,26912,28661,25007,35545,24699,30109,36201
32903,33351,32701,32924,32859,34744,36174,28460,33533,34800,37332,31509,26912,28661,25007,35545,24699,30109,36201
32843,33063,32709,32890,32810,34744,36174,28460,33533,34800,37332,31509,26912,28661,25007,35545,24699,30109,36201
32908,32583,32743,32886,32789,34744,36174,28460,33533,34800,37332,31509,26912,28661,25007,35545,24699,30109,36201
32939,33051,32698,32804,32654,34744,36174,28460,33533,34800,37332,31509,26912,28661,25007,35545,24699,30109,36201
32995,33283,32599,32677,32493,34744,36174,28460,33533,34800,37332,31509,26912,28661,25007,35545,24699,30109,36201
33023,33277,32610,32743,32668,34744,36174,28460,33533,34800,37332,31509,26912,28661,25007,35545,24699,30109,36201
32924,32825,32594,32807,32751,34744,36174,28460,33533,34800,37332,31509,26912,28661,25007,35545,24699,30109,36201
32602,32571,32617,32706,32576,34744,36174,28460,33533,34800,37332,31509,26912,28661,25007,35545,24699,30109,36201
32434,33047,32679,32654,32679,34744,36174,28460,33533,34800,37332,31509,26912,28661,25007,35545,24699,30109,36201
32338,32976,32755,32653,32965,34656,36016,28388,33664,34602,37324,31152,26913,28169,27104,34994,27531,30586,29596
32412,33051,32705,32703,32797,34656,36016,28388,33664,34602,37324,31152,26913,28169,27104,34994,27531,30586,29596
32592,33506,32839,32606,32818,34656,36016,28388,33664,34602,37324,31152,26913,28169,27104,34994,27531,30586,29596
32684,33823,32770,32635,32989,34656,36016,28388,33664,34602,37324,31152,26913,28169,27104,34994,27531,30586,29596
32722,33936,32721,32569,33003,34656,36016,28388,33664,34602,37324,31152,26913,28169,27104,34994,27531,30586,29596
32687,33780,32788,32535,32914,34656,36016,28388,33664,34602,37324,31152,26913,28169,27104,34994,27531,30586,29596
32771,33562,32794,32668,33063,34656,36016,28388,33664,34602,37324,31152,26913,28169,27104,34994,27531,30586,29596
32824,32987,32775,32818,33006,34656,36016,28388,33664,34602,37324,31152,26913,28169,27104,34994,27531,30586,29596
32855,32221,32775,32861,32934,34656,36016,28388,33664,34602,37324,31152,26913,28169,27104,34994,27531,30586,29596
32926,32157,32846,32957,32870,34656,36016,28388,33664,34602,37324,31152,26913,28169,27104,34994,27531,30586,29596
32991,32862,32809,33011,32699,34500,35980,28236,33512,34272,37262,30857,26932,27817,28315,32789,28328,33864,27320
33024,33211,32833,32998,32742,34500,35980,28236,33512,34272,37262,30857,26932,27817,28315,32789,28328,33864,27320
33024,33218,32867,32919,32783,34500,35980,28236,33512,34272,37262,30857,26932,27817,28315,32789,28328,33864,27320
32943,33474,32787,32998,32775,34500,35980,28236,33512,34272,37262,30857,26932,27817,28315,32789,28328,33864,27320
32420,33239,32731,33069,32997,34500,35980,28236,33512,34272,37262,30857,26932,27817,28315,32789,28328,33864,27320
31858,33114,32791,32947,32943,34500,35980,28236,33512,34272,37262,30857,26932,27817,28315,32789,28328,33864,27320
31715,33147,32899,32833,32679,34500,35980,28236,33512,34272,37262,30857,26932,27817,28315,32789,28328,33864,27320
31861,33103,32885,32818,32658,34500,35980,28236,33512,34272,37262,30857,26932,27817,28315,32789,28328,33864,27320
31831,32675,32922,32767,32482,34500,35980,28236,33512,34272,37262,30857,26932,27817,28315,32789,28328,33864,27320
32002,32683,32775,32706,32627,34500,35980,28236,33512,34272,37262,30857,26932,27817,28315,32789,28328,33864,27320
32161,33399,32719,32741,32951,34276,35738,28418,33450,33844,37200,30768,26928,28197,30581,32112,30560,33424,25520
32312,33225,32689,32685,32927,34276,35738,28418,33450,33844,37200,30768,26928,28197,30581,32112,30560,33424,25520
32453,32935,32626,32700,32817,34276,35738,28418,33450,33844,37200,30768,26928,28197,30581,32112,30560,33424,25520
32619,32997,32633,32797,32903,34276,35738,28418,33450,33844,37200,30768,26928,28197,30581,32112,30560,33424,25520
32783,33239,32793,32917,32525,34276,35738,28418,33450,33844,37200,30768,26928,28197,30581,32112,30560,33424,25520
32866,33370,32875,32967,32359,34276,35738,28418,33450,33844,37200,30768,26928,28197,30581,32112,30560,33424,25520
32935,33262,32882,32871,32626,34276,35738,28418,33450,33844,37200,30768,26928,28197,30581,32112,30560,33424,25520
32952,32543,32855,32942,32462,34276,35738,28418,33450,33844,37200,30768,26928,28197,30581,32112,30560,33424,25520
33038,32831,32935,32876,32659,34276,35738,28418,33450,33844,37200,30768,26928,28197,30581,32112,30560,33424,25520
33013,33318,33019,32732,32691,34276,35738,28418,33450,33844,37200,30768,26928,28197,30581,32112,30560,33424,25520
33056,33085,32927,32663,32498,33825,35728,28517,33648,33520,37264,30730,26868,28490,32320,29960,28498,30120,25808
33099,32679,32783,32753,32659,33825,35728,28517,33648,33520,37264,30730,26868,28490,32320,29960,28498,30120,25808
32950,31949,32685,32809,32761,33825,35728,28517,33648,33520,37264,30730,26868,28490,32320,29960,28498,30120,25808
32825,32286,32609,32886,32983,33825,35728,28517,33648,33520,37264,30730,26868,28490,32320,29960,28498,30120,25808
32696,32707,32547,32925,32679,33825,35728,28517,33648,33520,37264,30730,26868,28490,32320,29960,28498,30120,25808
32770,32821,32535,32954,32843,33825,35728,28517,33648,33520,37264,30730,26868,28490,32320,29960,28498,30120,25808
32722,33026,32583,32946,32941,33825,35728,28517,33648,33520,37264,30730,26868,28490,32320,29960,28498,30120,25808
32649,33449,32770,32835,32903,33825,35728,28517,33648,33520,37264,30730,26868,28490,32320,29960,28498,30120,25808
32592,33277,32837,32745,33076,33825,35728,28517,33648,33520,37264,30730,26868,28490,32320,29960,28498,30120,25808
32678,33031,32806,32559,32959,33825,35728,28517,33648,33520,37264,30730,26868,28490,32320,29960,28498,30120,25808
32836,32831,32744,32579,32871,33452,35568,29036,33450,33572,37416,31066,26893,28360,34356,27724,29448,30772,26074
32812,32871,32679,32686,33381,33452,35568,29036,33450,33572,37416,31066,26893,28360,34356,27724,29448,30772,26074
32877,33043,32575,32731,33247,33452,35568,29036,33450,33572,37416,31066,26893,28360,34356,27724,29448,30772,26074
32792,32951,32502,32722,33263,33452,35568,29036,33450,33572,37416,31066,26893,28360,34356,27724,29448,30772,26074
32689,32770,32447,32689,33479,33452,35568,29036,33450,33572,37416,31066,26893,28360,34356,27724,29448,30772,26074
32708,33069,32517,32741,33103,33452,35568,29036,33450,33572,37416,31066,26893,28360,34356,27724,29448,30772,26074
32639,33659,32638,32891,32875,33452,35568,29036,33450,33572,37416,31066,26893,28360,34356,27724,29448,30772,26074
32609,34267,32836,33027,32583,33452,35568,29036,33450,33572,37416,31066,26893,28360,34356,27724,29448,30772,26074
32555,34453,32919,32971,32287,33452,35568,29036,33450,33572,37416,31066,26893,28360,34356,27724,29448,30772,26074
32681,34682,33069,32871,32503,33452,35568,29036,33450,33572,37416,31066,26893,28360,34356,27724,29448,30772,26074
32853,33961,32960,32797,32427,33125,35528,29180,33464,33648,37238,31537,26856,27829,36468,26981,34073,30965,24292
32926,33611,32927,32765,32692,33125,35528,29180,33464,33648,37238,31537,26856,27829,36468,26981,34073,30965,24292
32918,33789,32850,32672,32879,33125,35528,29180,33464,33648,37238,31537,26856,27829,36468,26981,34073,30965,24292
32971,32749,32761,32651,33244,33125,35528,29180,33464,33648,37238,31537,26856,27829,36468,26981,34073,30965,24292
33054,31589,32848,32615,34004,33125,35528,29180,33464,33648,37238,31537,26856,27829,36468,26981,34073,30965,24292
33054,31397,32814,32709,33287,33125,35528,29180,33464,33648,37238,31537,26856,27829,36468,26981,34073,30965,24292
32902,31871,32839,32655,32261,33125,35528,29180,33464,33648,37238,31537,26856,27829,36468,26981,34073,30965,24292
32871,32829,32830,32773,30867,33125,35528,29180,33464,33648,37238,31537,26856,27829,36468,26981,34073,30965,24292
32941,32957,32760,32796,30975,33125,35528,29180,33464,33648,37238,31537,26856,27829,36468,26981,34073,30965,24292
32988,32825,32815,32831,31478,33125,35528,29180,33464,33648,37238,31537,26856,27829,36468,26981,34073,30965,24292
32941,32537,32754,32811,32431,32878,35361,29364,33484,33851,37086,31556,26857,27480,40512,29416,33726,28167,22604
32879,32946,32811,32762,33306,32878,35361,29364,33484,33851,37086,31556,26857,27480,40512,29416,33726,28167,22604
32901,33060,32823,32771,33378,32878,35361,29364,33484,33851,37086,31556,26857,27480,40512,29416,33726,28167,22604
32996,33410,32855,32902,32973,32878,35361,29364,33484,33851,37086,31556,26857,27480,40512,29416,33726,28167,22604
32925,33618,32877,33047,32387,32878,35361,29364,33484,33851,37086,31556,26857,27480,40512,29416,33726,28167,22604
32910,33559,32786,32950,32322,32878,35361,29364,33484,33851,37086,31556,26857,27480,40512,29416,33726,28167,22604
32850,33262,32818,32931,32389,32878,35361,29364,33484,33851,37086,31556,26857,27480,40512,29416,33726,28167,22604
32765,32351,32847,32850,32391,32878,35361,29364,33484,33851,37086,31556,26857,27480,40512,29416,33726,28167,22604
32775,32039,32903,32703,32647,32878,35361,29364,33484,33851,37086,31556,26857,27480,40512,29416,33726,28167,22604
32807,32419,32851,32806,33197,32878,35361,29364,33484,33851,37086,31556,26857,27480,40512,29416,33726,28167,22604
32602,32628,32911,32806,33778,32696,35324,29640,33564,33956,36880,31776,26832,27797,42156,30092,33060,28989,19812
32428,32495,32973,32941,33955,32696,35324,29640,33564,33956,36880,31776,26832,27797,42156,30092,33060,28989,19812
32495,33091,32915,33007,33759,32696,35324,29640,33564,33956,36880,31776,26832,27797,42156,30092,33060,28989,19812
32574,33103,32802,33042,33487,32696,35324,29640,33564,33956,36880,31776,26832,27797,42156,30092,33060,28989,19812
32699,32965,32883,33031,33267,32696,35324,29640,33564,33956,36880,31776,26832,27797,42156,30092,33060,28989,19812
32541,33331,32844,32785,33156,32696,35324,29640,33564,33956,36880,31776,26832,27797,42156,30092,33060,28989,19812
32524,33275,32759,32681,32965,32696,35324,29640,33564,33956,36880,31776,26832,27797,42156,30092,33060,28989,19812
32546,33023,32733,32689,32785,32696,35324,29640,33564,33956,36880,31776,26832,27797,42156,30092,33060,28989,19812
32253,33332,32729,32869,32891,32696,35324,29640,33564,33956,36880,31776,26832,27797,42156,30092,33060,28989,19812
32180,33110,32751,32973,33027,32696,35324,29640,33564,33956,36880,31776,26832,27797,42156,30092,33060,28989,19812
32143,32578,32755,32951,32717,32656,35060,30144,33624,33702,36586,31840,26824,27890,43181,29236,35485,27172,19324
32370,32663,32806,32767,32787,32656,35060,30144,33624,33702,36586,31840,26824,27890,43181,29236,35485,27172,19324
32477,33014,32839,32829,32605,32656,35060,30144,33624,33702,36586,31840,26824,27890,43181,29236,35485,27172,19324
32596,33055,32903,32775,32582,32656,35060,30144,33624,33702,36586,31840,26824,27890,43181,29236,35485,27172,19324
32598,33069,32833,32854,32720,32656,35060,30144,33624,33702,36586,31840,26824,27890,43181,29236,35485,27172,19324
32605,33645,32763,32775,32615,32656,35060,30144,33624,33702,36586,31840,26824,27890,43181,29236,35485,27172,19324
32690,34159,32673,32850,32919,32656,35060,30144,33624,33702,36586,31840,26824,27890,43181,29236,35485,27172,19324
32729,34226,32593,32767,32833,32656,35060,30144,33624,33702,36586,31840,26824,27890,43181,29236,35485,27172,19324
32741,34213,32562,32743,32754,32656,35060,30144,33624,33702,36586,31840,26824,27890,43181,29236,35485,27172,19324
32612,32991,32545,32733,32866,32656,35060,30144,33624,33702,36586,31840,26824,27890,43181,29236,35485,27172,19324
32694,32390,32599,32869,32702,32770,34688,30874,33680,33336,36273,32160,26780,27625,46463,28066,32241,26984,20166
32818,31471,32578,32863,32339,32770,34688,30874,33680,33336,36273,32160,26780,27625,46463,28066,32241,26984,20166
33026,30117,32572,32799,32566,32770,34688,30874,33680,33336,36273,32160,26780,27625,46463,28066,32241,26984,20166
33029,30759,32623,32786,32519,32770,34688,30874,33680,33336,36273,32160,26780,27625,46463,28066,32241,26984,20166
32892,32087,32863,32686,32654,32770,34688,30874,33680,33336,36273,32160,26780,27625,46463,28066,32241,26984,20166
32710,33415,32859,32763,32655,32770,34688,30874,33680,33336,36273,32160,26780,27625,46463,28066,32241,26984,20166
32726,33611,32935,32759,32647,32770,34688,30874,33680,33336,36273,32160,26780,27625,46463,28066,32241,26984,20166
33041,33353,33055,32927,32535,32770,34688,30874,33680,33336,36273,32160,26780,27625,46463,28066,32241,26984,20166
33356,33095,33151,33025,32679,32770,34688,30874,33680,33336,36273,32160,26780,27625,46463,28066,32241,26984,20166
33629,33359,33229,33023,32743,32770,34688,30874,33680,33336,36273,32160,26780,27625,46463,28066,32241,26984,20166
33602,33551,33183,33007,32530,32796,34310,31184,33604,33180,35908,32448,26840,27544,47954,26928,31896,28084,23108
33415,33191,33071,32897,32433,32796,34310,31184,33604,33180,35908,32448,26840,27544,47954,26928,31896,28084,23108
33034,33245,32823,32879,32477,32796,34310,31184,33604,33180,35908,32448,26840,27544,47954,26928,31896,28084,23108
32793,33487,32685,32787,32477,32796,34310,31184,33604,33180,35908,32448,26840,27544,47954,26928,31896,28084,23108
32853,33579,32500,32715,32328,32796,34310,31184,33604,33180,35908,32448,26840,27544,47954,26928,31896,28084,23108
32944,33399,32435,32678,32827,32796,34310,31184,33604,33180,35908,32448,26840,27544,47954,26928,31896,28084,23108
32925,33411,32381,32639,32917,32796,34310,31184,33604,33180,35908,32448,26840,27544,47954,26928,31896,28084,23108
32912,33351,32527,32626,33219,32796,34310,31184,33604,33180,35908,32448,26840,27544,47954,26928,31896,28084,23108
32868,32871,32567,32611,32724,32796,34310,31184,33604,33180,35908,32448,26840,27544,47954,26928,31896,28084,23108
32774,33370,32586,32523,33325,32796,34310,31184,33604,33180,35908,32448,26840,27544,47954,26928,31896,28084,23108
32684,33799,32583,32454,33565,32944,34196,31152,33611,33284,35403,32828,26853,27800,47088,27550,33048,29364,28214
32665,34203,32639,32551,33368,32944,34196,31152,33611,33284,35403,32828,26853,27800,47088,27550,33048,29364,28214
32687,33463,32681,32705,33181,32944,34196,31152,33611,33284,35403,32828,26853,27800,47088,27550,33048,29364,28214
32724,32074,32725,32822,33203,32944,34196,31152,33611,33284,35403,32828,26853,27800,47088,27550,33048,29364,28214
32643,32599,32744,32839,32935,32944,34196,31152,33611,33284,35403,32828,26853,27800,47088,27550,33048,29364,28214
32644,32867,32771,32845,33325,32944,34196,31152,33611,33284,35403,32828,26853,27800,47088,27550,33048,29364,28214
32628,32470,32828,33031,32919,32944,34196,31152,33611,33284,35403,32828,26853,27800,47088,27550,33048,29364,28214
32603,32775,32851,32965,33090,32944,34196,31152,33611,33284,35403,32828,26853,27800,47088,27550,33048,29364,28214
32585,32999,32857,32827,32965,32944,34196,31152,33611,33284,35403,32828,26853,27800,47088,27550,33048,29364,28214
32543,33063,32882,32725,32962,32944,34196,31152,33611,33284,35403,32828,26853,27800,47088,27550,33048,29364,28214
32611,32948,32867,32714,32795,33304,33902,30956,33892,33624,35072,33016,26976,28192,47745,28612,31048,31140,29292
32675,32627,32842,32684,32666,33304,33902,30956,33892,33624,35072,33016,26976,28192,47745,28612,31048,31140,29292
32775,32977,32757,32951,32555,33304,33902,30956,33892,33624,35072,33016,26976,28192,47745,28612,31048,31140,29292
32798,32801,32708,32987,32402,33304,33902,30956,33892,33624,35072,33016,26976,28192,47745,28612,31048,31140,29292
32788,32499,32768,32861,32387,33304,33902,30956,33892,33624,35072,33016,26976,28192,47745,28612,31048,31140,29292
32908,33122,32672,32717,32239,33304,33902,30956,33892,33624,35072,33016,26976,28192,47745,28612,31048,31140,29292
32984,33620,32685,32615,32283,33304,33902,30956,33892,33624,35072,33016,26976,28192,47745,28612,31048,31140,29292
33038,33623,32637,32631,32063,33304,33902,30956,33892,33624,35072,33016,26976,28192,47745,28612,31048,31140,29292
33095,33455,32665,32673,32143,33304,33902,30956,33892,33624,35072,33016,26976,28192,47745,28612,31048,31140,29292
33094,33695,32674,32715,32206,33304,33902,30956,33892,33624,35072,33016,26976,28192,47745,28612,31048,31140,29292
33003,33900,32675,32838,32225,33472,33676,30968,33960,33916,34848,33244,26993,29104,50846,29814,29922,32640,30580
32926,33019,32615,32775,32791,33472,33676,30968,33960,33916,34848,33244,26993,29104,50846,29814,29922,32640,30580
32895,31847,32651,32726,32941,33472,33676,30968,33960,33916,34848,33244,26993,29104,50846,29814,29922,32640,30580
32872,32447,32746,32765,33207,33472,33676,30968,33960,33916,34848,33244,26993,29104,50846,29814,29922,32640,30580
32829,33515,32815,32751,33239,33472,33676,30968,33960,33916,34848,33244,26993,29104,50846,29814,29922,32640,30580
32815,33095,32813,32771,33471,33472,33676,30968,33960,33916,34848,33244,26993,29104,50846,29814,29922,32640,30580
32891,33314,32847,32795,33103,33472,33676,30968,33960,33916,34848,33244,26993,29104,50846,29814,29922,32640,30580
32856,33810,32867,32841,33644,33472,33676,30968,33960,33916,34848,33244,26993,29104,50846,29814,29922,32640,30580
32747,33199,32878,32929,33410,33472,33676,30968,33960,33916,34848,33244,26993,29104,50846,29814,29922,32640,30580
32714,32578,32754,32940,33055,33472,33676,30968,33960,33916,34848,33244,26993,29104,50846,29814,29922,32640,30580
32637,32534,32750,32899,32893,33572,33644,30872,33976,33944,34720,33436,27072,29556,49817,31634,31072,36229,34741
32718,32820,32759,32925,33039,33572,33644,30872,33976,33944,34720,33436,27072,29556,49817,31634,31072,36229,34741
32786,33427,32627,32831,32926,33572,33644,30872,33976,33944,34720,33436,27072,29556,49817,31634,31072,36229,34741
32848,33271,32610,32831,33209,33572,33644,30872,33976,33944,34720,33436,27072,29556,49817,31634,31072,36229,34741
32878,33138,32589,32909,33038,33572,33644,30872,33976,33944,34720,33436,27072,29556,49817,31634,31072,36229,34741
32962,32783,32475,32698,33375,33572,33644,30872,33976,33944,34720,33436,27072,29556,49817,31634,31072,36229,34741
33057,33399,32423,32701,33407,33572,33644,30872,33976,33944,34720,33436,27072,29556,49817,31634,31072,36229,34741
33150,33050,32477,32579,32991,33572,33644,30872,33976,33944,34720,33436,27072,29556,49817,31634,31072,36229,34741
33208,32115,32534,32646,33029,33572,33644,30872,33976,33944,34720,33436,27072,29556,49817,31634,31072,36229,34741
33201,32289,32635,32791,32647,33572,33644,30872,33976,33944,34720,33436,27072,29556,49817,31634,31072,36229,34741
32946,33035,32827,32950,32283,33796,33644,30800,34018,33780,34640,33684,27172,29956,49983,33956,27609,42256,36732
32896,33446,33261,32959,32213,33796,33644,30800,34018,33780,34640,33684,27172,29956,49983,33956,27609,42256,36732
32754,32731,33602,32916,32107,33796,33644,30800,34018,33780,34640,33684,27172,29956,49983,33956,27609,42256,36732
32595,32711,33695,32915,32418,33796,33644,30800,34018,33780,34640,33684,27172,29956,49983,33956,27609,42256,36732
32639,33255,33106,32775,32429,33796,33644,30800,34018,33780,34640,33684,27172,29956,49983,33956,27609,42256,36732
32715,33207,32601,32743,32411,33796,33644,30800,34018,33780,34640,33684,27172,29956,49983,33956,27609,42256,36732
32763,33007,32260,32914,32361,33796,33644,30800,34018,33780,34640,33684,27172,29956,49983,33956,27609,42256,36732
32644,33195,32211,33013,32534,33796,33644,30800,34018,33780,34640,33684,27172,29956,49983,33956,27609,42256,36732
32661,33163,32175,33115,32551,33796,33644,30800,34018,33780,34640,33684,27172,29956,49983,33956,27609,42256,36732
32584,32830,32300,33151,32354,33796,33644,30800,34018,33780,34640,33684,27172,29956,49983,33956,27609,42256,36732
32681,32871,32223,33053,32530,34082,33704,30846,34008,33516,34628,33725,27328,29188,49193,36928,25086,40970,35141
32664,33229,32073,32878,32775,34082,33704,30846,34008,33516,34628,33725,27328,29188,49193,36928,25086,40970,35141
32743,33046,32293,33055,32735,34082,33704,30846,34008,33516,34628,33725,27328,29188,49193,36928,25086,40970,35141
32598,33383,33287,33018,32755,34082,33704,30846,34008,33516,34628,33725,27328,29188,49193,36928,25086,40970,35141
32802,33319,33151,32983,33047,34082,33704,30846,34008,33516,34628,33725,27328,29188,49193,36928,25086,40970,35141
32888,33119,33791,32731,32895,34082,33704,30846,34008,33516,34628,33725,27328,29188,49193,36928,25086,40970,35141
32976,33287,34191,32855,33163,34082,33704,30846,34008,33516,34628,33725,27328,29188,49193,36928,25086,40970,35141
32920,32834,34095,32818,33287,34082,33704,30846,34008,33516,34628,33725,27328,29188,49193,36928,25086,40970,35141
32773,32859,33391,33112,33314,34082,33704,30846,34008,33516,34628,33725,27328,29188,49193,36928,25086,40970,35141
32538,33054,32805,32909,33147,34082,33704,30846,34008,33516,34628,33725,27328,29188,49193,36928,25086,40970,35141
32530,33007,32578,32749,33098,34296,33904,30860,34104,33239,34690,33882,27432,27000,49080,42016,21728,51244,40528
32488,33269,32935,32229,32915,34296,33904,30860,34104,33239,34690,33882,27432,27000,49080,42016,21728,51244,40528
32556,32863,33077,32407,32687,34296,33904,30860,34104,33239,34690,33882,27432,27000,49080,42016,21728,51244,40528
32643,32695,32823,32116,32711,34296,33904,30860,34104,33239,34690,33882,27432,27000,49080,42016,21728,51244,40528
32644,32818,31837,32696,32583,34296,33904,30860,34104,33239,34690,33882,27432,27000,49080,42016,21728,51244,40528
32648,33232,30990,33005,32362,34296,33904,30860,34104,33239,34690,33882,27432,27000,49080,42016,21728,51244,40528
32782,33055,31044,33535,32754,34296,33904,30860,34104,33239,34690,33882,27432,27000,49080,42016,21728,51244,40528
32844,32957,33223,33239,32976,34296,33904,30860,34104,33239,34690,33882,27432,27000,49080,42016,21728,51244,40528
32933,32557,34962,33153,32891,34296,33904,30860,34104,33239,34690,33882,27432,27000,49080,42016,21728,51244,40528
32843,33132,35847,33298,32752,34296,33904,30860,34104,33239,34690,33882,27432,27000,49080,42016,21728,51244,40528
32811,33562,35329,33142,33065,34523,34216,30572,34096,33200,34668,33864,27544,23327,50556,47876,23610,52660,39612
32848,33835,34021,32479,33107,34523,34216,30572,34096,33200,34668,33864,27544,23327,50556,47876,23610,52660,39612
32787,33951,32757,32102,32918,34523,34216,30572,34096,33200,34668,33864,27544,23327,50556,47876,23610,52660,39612
32694,33403,32142,31327,32722,34523,34216,30572,34096,33200,34668,33864,27544,23327,50556,47876,23610,52660,39612
32402,33046,31911,28370,32433,34523,34216,30572,34096,33200,34668,33864,27544,23327,50556,47876,23610,52660,39612
32307,32739,31669,31751,32538,34523,34216,30572,34096,33200,34668,33864,27544,23327,50556,47876,23610,52660,39612
32566,33183,32143,35271,32852,34523,34216,30572,34096,33200,34668,33864,27544,23327,50556,47876,23610,52660,39612
32905,33667,32802,33548,32700,34523,34216,30572,34096,33200,34668,33864,27544,23327,50556,47876,23610,52660,39612
32952,33645,32991,32709,32543,34523,34216,30572,34096,33200,34668,33864,27544,23327,50556,47876,23610,52660,39612
32856,32821,32866,33344,32790,34523,34216,30572,34096,33200,34668,33864,27544,23327,50556,47876,23610,52660,39612
32902,32726,32679,34015,32499,34632,34622,30016,34144,33232,34668,33620,27716,19012,53936,55872,22974,52624,34798
32885,32971,32655,34616,32487,34632,34622,30016,34144,33232,34668,33620,27716,19012,53936,55872,22974,52624,34798
32630,32485,32927,34244,32504,34632,34622,30016,34144,33232,34668,33620,27716,19012,53936,55872,22974,52624,34798
32319,31823,33355,33307,32851,34632,34622,30016,34144,33232,34668,33620,27716,19012,53936,55872,22974,52624,34798
32114,31881,33454,32339,32834,34632,34622,30016,34144,33232,34668,33620,27716,19012,53936,55872,22974,52624,34798
32333,32891,32615,31863,32847,34632,34622,30016,34144,33232,34668,33620,27716,19012,53936,55872,22974,52624,34798
32800,33194,31897,31112,33127,34632,34622,30016,34144,33232,34668,33620,27716,19012,53936,55872,22974,52624,34798
33010,33167,31927,31462,33287,34632,34622,30016,34144,33232,34668,33620,27716,19012,53936,55872,22974,52624,34798
33136,33093,32231,32571,33176,34632,34622,30016,34144,33232,34668,33620,27716,19012,53936,55872,22974,52624,34798
33385,32543,32195,32604,33491,34632,34622,30016,34144,33232,34668,33620,27716,19012,53936,55872,22974,52624,34798
33554,32566,32135,32691,33051,34532,35194,29168,34232,32892,34496,33416,27828,15034,58703,64544,20856,50988,27619
33210,32791,32065,32948,33367,34532,35194,29168,34232,32892,34496,33416,27828,15034,58703,64544,20856,50988,27619
33134,33615,32105,33797,33228,34532,35194,29168,34232,32892,34496,33416,27828,15034,58703,64544,20856,50988,27619
32694,34138,31967,33149,33087,34532,35194,29168,34232,32892,34496,33416,27828,15034,58703,64544,20856,50988,27619
32650,33951,31852,33069,33398,34532,35194,29168,34232,32892,34496,33416,27828,15034,58703,64544,20856,50988,27619
32789,33476,32052,33062,32670,34532,35194,29168,34232,32892,34496,33416,27828,15034,58703,64544,20856,50988,27619
32644,32943,32374,33111,32775,34532,35194,29168,34232,32892,34496,33416,27828,15034,58703,64544,20856,50988,27619
32554,33383,32557,32953,32799,34532,35194,29168,34232,32892,34496,33416,27828,15034,58703,64544,20856,50988,27619
32124,33154,32510,32933,32775,34532,35194,29168,34232,32892,34496,33416,27828,15034,58703,64544,20856,50988,27619
31914,32397,32775,32712,32647,34532,35194,29168,34232,32892,34496,33416,27828,15034,58703,64544,20856,50988,27619
32087,32277,32822,32867,32416,34098,35680,28400,34072,32292,34396,33368,27902,17356,65480,56532,19758,32172,29674
32543,33079,32657,32399,32211,34098,35680,28400,34072,32292,34396,33368,27902,17356,65480,56532,19758,32172,29674
32944,33541,32732,33118,32177,34098,35680,28400,34072,32292,34396,33368,27902,17356,65480,56532,19758,32172,29674
33255,33738,33029,33527,32338,34098,35680,28400,34072,32292,34396,33368,27902,17356,65480,56532,19758,32172,29674
33725,33415,33863,33351,32135,34098,35680,28400,34072,32292,34396,33368,27902,17356,65480,56532,19758,32172,29674
34240,32171,34294,32759,32308,34098,35680,28400,34072,32292,34396,33368,27902,17356,65480,56532,19758,32172,29674
34258,31599,34015,32255,32331,34098,35680,28400,34072,32292,34396,33368,27902,17356,65480,56532,19758,32172,29674
33850,32413,33573,32610,32379,34098,35680,28400,34072,32292,34396,33368,27902,17356,65480,56532,19758,32172,29674
32779,33027,33736,32950,32419,34098,35680,28400,34072,32292,34396,33368,27902,17356,65480,56532,19758,32172,29674
32069,33119,34290,32803,32434,34098,35680,28400,34072,32292,34396,33368,27902,17356,65480,56532,19758,32172,29674
31879,33322,34417,32236,32387,33324,35504,28562,34122,31360,34528,33364,27954,31248,65481,20813,30973,20372,6132
31648,33261,33897,32242,32456,33324,35504,28562,34122,31360,34528,33364,27954,31248,65481,20813,30973,20372,6132
31880,34043,32890,32421,32645,33324,35504,28562,34122,31360,34528,33364,27954,31248,65481,20813,30973,20372,6132
32256,33383,32343,32607,32926,33324,35504,28562,34122,31360,34528,33364,27954,31248,65481,20813,30973,20372,6132
32815,31741,32187,33057,32914,33324,35504,28562,34122,31360,34528,33364,27954,31248,65481,20813,30973,20372,6132
33052,31910,32015,33229,32756,33324,35504,28562,34122,31360,34528,33364,27954,31248,65481,20813,30973,20372,6132
32997,32606,32037,33126,32859,33324,35504,28562,34122,31360,34528,33364,27954,31248,65481,20813,30973,20372,6132
32364,32723,32128,32993,32646,33324,35504,28562,34122,31360,34528,33364,27954,31248,65481,20813,30973,20372,6132
31477,34203,31972,32831,32793,33324,35504,28562,34122,31360,34528,33364,27954,31248,65481,20813,30973,20372,6132
31653,34095,31803,32671,33283,33324,35504,28562,34122,31360,34528,33364,27954,31248,65481,20813,30973,20372,6132
31950,32848,32059,33330,33379,32652,34896,29560,34234,30404,34716,33696,27972,28796,65480,97,17107,25569,35086
30594,31219,32259,33287,33589,32652,34896,29560,34234,30404,34716,33696,27972,28796,65480,97,17107,25569,35086
29930,30686,32374,33191,33487,32652,34896,29560,34234,30404,34716,33696,27972,28796,65480,97,17107,25569,35086
31186,30805,32599,32809,33165,32652,34896,29560,34234,30404,34716,33696,27972,28796,65480,97,17107,25569,35086
33011,33090,32965,32498,33155,32652,34896,29560,34234,30404,34716,33696,27972,28796,65480,97,17107,25569,35086
33922,34098,33255,32277,32965,32652,34896,29560,34234,30404,34716,33696,27972,28796,65480,97,17107,25569,35086
33948,33863,33225,32102,33479,32652,34896,29560,34234,30404,34716,33696,27972,28796,65480,97,17107,25569,35086
33076,34787,32967,31871,32287,32652,34896,29560,34234,30404,34716,33696,27972,28796,65480,97,17107,25569,35086
32972,34210,33085,32504,33063,32652,34896,29560,34234,30404,34716,33696,27972,28796,65480,97,17107,25569,35086
33230,32463,33223,32920,33003,32652,34896,29560,34234,30404,34716,33696,27972,28796,65480,97,17107,25569,35086
33618,30970,32735,32967,32794,31750,34240,31648,34265,29924,35076,32760,28020,24673,24479,65484,15396,47472,59880
33005,30835,32575,33303,32546,31750,34240,31648,34265,29924,35076,32760,28020,24673,24479,65484,15396,47472,59880
33097,32014,32494,33238,32562,31750,34240,31648,34265,29924,35076,32760,28020,24673,24479,65484,15396,47472,59880
33716,33271,32605,33091,32187,31750,34240,31648,34265,29924,35076,32760,28020,24673,24479,65484,15396,47472,59880
34128,33839,32541,32807,32569,31750,34240,31648,34265,29924,35076,32760,28020,24673,24479,65484,15396,47472,59880
33989,33757,32402,32369,32579,31750,34240,31648,34265,29924,35076,32760,28020,24673,24479,65484,15396,47472,59880
33662,34596,32516,32337,32519,31750,34240,31648,34265,29924,35076,32760,28020,24673,24479,65484,15396,47472,59880
33885,35815,32767,32707,32416,31750,34240,31648,34265,29924,35076,32760,28020,24673,24479,65484,15396,47472,59880
33860,34006,33217,33058,32593,31750,34240,31648,34265,29924,35076,32760,28020,24673,24479,65484,15396,47472,59880
33113,32971,33670,33047,32927,31750,34240,31648,34265,29924,35076,32760,28020,24673,24479,65484,15396,47472,59880
32816,33198,33706,33126,33090,31236,33680,36328,34248,33458,39058,25373,28088,26528,14956,55956,25102,45888,20204
32356,33875,33811,33370,33991,31236,33680,36328,34248,33458,39058,25373,28088,26528,14956,55956,25102,45888,20204
31367,36269,33418,33418,36517,31236,33680,36328,34248,33458,39058,25373,28088,26528,14956,55956,25102,45888,20204
29952,34057,32970,33268,32287,31236,33680,36328,34248,33458,39058,25373,28088,26528,14956,55956,25102,45888,20204
28964,31391,32879,32824,32330,31236,33680,36328,34248,33458,39058,25373,28088,26528,14956,55956,25102,45888,20204
28870,28424,32924,32289,31431,31236,33680,36328,34248,33458,39058,25373,28088,26528,14956,55956,25102,45888,20204
29622,28166,32859,31802,32107,31236,33680,36328,34248,33458,39058,25373,28088,26528,14956,55956,25102,45888,20204
30756,32021,32692,31705,33699,31236,33680,36328,34248,33458,39058,25373,28088,26528,14956,55956,25102,45888,20204
31272,32711,32471,31687,33231,31236,33680,36328,34248,33458,39058,25373,28088,26528,14956,55956,25102,45888,20204
31289,34089,32315,31715,32319,31236,33680,36328,34248,33458,39058,25373,28088,26528,14956,55956,25102,45888,20204
31811,33550,32335,32313,32914,34784,35624,39114,34016,42232,54480,20348,28047,30445,23464,97,29236,45008,63
32028,32927,32327,33185,31590,34784,35624,39114,34016,42232,54480,20348,28047,30445,23464,97,29236,45008,63
33255,34239,32497,33626,31250,34784,35624,39114,34016,42232,54480,20348,28047,30445,23464,97,29236,45008,63
34366,32227,32750,33931,32096,34784,35624,39114,34016,42232,54480,20348,28047,30445,23464,97,29236,45008,63
34534,33035,33047,34188,31661,34784,35624,39114,34016,42232,54480,20348,28047,30445,23464,97,29236,45008,63
33563,35837,33125,33718,31218,34784,35624,39114,34016,42232,54480,20348,28047,30445,23464,97,29236,45008,63
31819,34981,33038,33117,31767,34784,35624,39114,34016,42232,54480,20348,28047,30445,23464,97,29236,45008,63
32747,31714,32787,32607,30854,34784,35624,39114,34016,42232,54480,20348,28047,30445,23464,97,29236,45008,63
34239,31158,32747,32506,31239,34784,35624,39114,34016,42232,54480,20348,28047,30445,23464,97,29236,45008,63
34337,32685,32723,32594,32577,34784,35624,39114,34016,42232,54480,20348,28047,30445,23464,97,29236,45008,63
34815,34009,32629,32424,33938,38212,50588,27708,33748,32636,38397,26536,28294,26235,11351,99,34580,45870,66
34622,33967,32534,32559,33706,38212,50588,27708,33748,32636,38397,26536,28294,26235,11351,99,34580,45870,66
34364,31359,32580,32781,34510,38212,50588,27708,33748,32636,38397,26536,28294,26235,11351,99,34580,45870,66
33362,30994,32709,33087,33904,38212,50588,27708,33748,32636,38397,26536,28294,26235,11351,99,34580,45870,66
32208,32599,32819,32827,34884,38212,50588,27708,33748,32636,38397,26536,28294,26235,11351,99,34580,45870,66
32768,34304,32968,32857,34969,38212,50588,27708,33748,32636,38397,26536,28294,26235,11351,99,34580,45870,66
33945,33628,32963,33338,34937,38212,50588,27708,33748,32636,38397,26536,28294,26235,11351,99,34580,45870,66
34740,28962,33099,33205,35052,38212,50588,27708,33748,32636,38397,26536,28294,26235,11351,99,34580,45870,66
35171,29823,33151,32551,34820,38212,50588,27708,33748,32636,38397,26536,28294,26235,11351,99,34580,45870,66
34390,30989,33123,32853,34121,38212,50588,27708,33748,32636,38397,26536,28294,26235,11351,99,34580,45870,66
33287,31618,32975,33325,33718,33160,54196,11451,34080,32072,37646,26834,28538,25596,22024,1504,30124,44032,11024
33364,33656,32915,33503,33687,33160,54196,11451,34080,32072,37646,26834,28538,25596,22024,1504,30124,44032,11024
34130,34073,32855,32959,33257,33160,54196,11451,34080,32072,37646,26834,28538,25596,22024,1504,30124,44032,11024
34548,33407,33055,32613,32863,33160,54196,11451,34080,32072,37646,26834,28538,25596,22024,1504,30124,44032,11024
34424,32471,32999,32287,32287,33160,54196,11451,34080,32072,37646,26834,28538,25596,22024,1504,30124,44032,11024
34123,29613,32387,31447,31980,33160,54196,11451,34080,32072,37646,26834,28538,25596,22024,1504,30124,44032,11024
33510,32485,32163,32191,32297,33160,54196,11451,34080,32072,37646,26834,28538,25596,22024,1504,30124,44032,11024
31936,32217,32160,33070,32233,33160,54196,11451,34080,32072,37646,26834,28538,25596,22024,1504,30124,44032,11024
30709,32591,32093,33234,32120,33160,54196,11451,34080,32072,37646,26834,28538,25596,22024,1504,30124,44032,11024
30848,32882,32141,32962,31363,33160,54196,11451,34080,32072,37646,26834,28538,25596,22024,1504,30124,44032,11024
32698,33931,32165,32318,30548,23548,46608,28672,34212,31772,40852,25256,28658,25149,24142,17952,27128,43644,9909
35122,34806,31694,32335,30979,23548,46608,28672,34212,31772,40852,25256,28658,25149,24142,17952,27128,43644,9909
36045,34405,31487,32506,30573,23548,46608,28672,34212,31772,40852,25256,28658,25149,24142,17952,27128,43644,9909
37871,34815,31497,32654,31061,23548,46608,28672,34212,31772,40852,25256,28658,25149,24142,17952,27128,43644,9909
42015,34309,31519,32480,32794,23548,46608,28672,34212,31772,40852,25256,28658,25149,24142,17952,27128,43644,9909
40924,33613,31484,32607,34083,23548,46608,28672,34212,31772,40852,25256,28658,25149,24142,17952,27128,43644,9909
36419,34456,31538,32808,35559,23548,46608,28672,34212,31772,40852,25256,28658,25149,24142,17952,27128,43644,9909
32739,34120,31825,32833,35641,23548,46608,28672,34212,31772,40852,25256,28658,25149,24142,17952,27128,43644,9909
29606,33359,32404,32532,35994,23548,46608,28672,34212,31772,40852,25256,28658,25149,24142,17952,27128,43644,9909
27857,34780,32862,32682,35333,23548,46608,28672,34212,31772,40852,25256,28658,25149,24142,17952,27128,43644,9909
28032,33828,33262,32701,34480,27892,44064,23587,34042,33236,41898,31612,28508,22556,23368,40984,25643,46664,9376
29229,31312,33496,32968,35335,27892,44064,23587,34042,33236,41898,31612,28508,22556,23368,40984,25643,46664,9376
29390,30701,33977,32988,35816,27892,44064,23587,34042,33236,41898,31612,28508,22556,23368,40984,25643,46664,9376
29054,32127,34372,33087,32760,27892,44064,23587,34042,33236,41898,31612,28508,22556,23368,40984,25643,46664,9376
28524,33410,34458,33140,30059,27892,44064,23587,34042,33236,41898,31612,28508,22556,23368,40984,25643,46664,9376
29035,33647,34394,33313,29879,27892,44064,23587,34042,33236,41898,31612,28508,22556,23368,40984,25643,46664,9376
29253,32866,34351,32838,31826,27892,44064,23587,34042,33236,41898,31612,28508,22556,23368,40984,25643,46664,9376
29117,30646,34251,31984,32206,27892,44064,23587,34042,33236,41898,31612,28508,22556,23368,40984,25643,46664,9376
29847,29235,34013,31571,33357,27892,44064,23587,34042,33236,41898,31612,28508,22556,23368,40984,25643,46664,9376
30532,32031,33725,31687,30629,27892,44064,23587,34042,33236,41898,31612,28508,22556,23368,40984,25643,46664,9376
31560,33917,33671,32475,29970,33210,37984,30040,33616,34964,39694,31484,28308,24256,29096,52328,23540,41296,22875
33807,35754,33557,33136,28699,33210,37984,30040,33616,34964,39694,31484,28308,24256,29096,52328,23540,41296,22875
34717,35399,33497,33991,28423,33210,37984,30040,33616,34964,39694,31484,28308,24256,29096,52328,23540,41296,22875
34136,34079,33343,34284,26614,33210,37984,30040,33616,34964,39694,31484,28308,24256,29096,52328,23540,41296,22875
33223,33329,33229,34035,23783,33210,37984,30040,33616,34964,39694,31484,28308,24256,29096,52328,23540,41296,22875
32836,33190,33255,33613,22994,33210,37984,30040,33616,34964,39694,31484,28308,24256,29096,52328,23540,41296,22875
32689,32038,33191,33067,23981,33210,37984,30040,33616,34964,39694,31484,28308,24256,29096,52328,23540,41296,22875
32992,30583,32841,32439,27739,33210,37984,30040,33616,34964,39694,31484,28308,24256,29096,52328,23540,41296,22875
32888,29746,32328,31810,32562,33210,37984,30040,33616,34964,39694,31484,28308,24256,29096,52328,23540,41296,22875
31254,29538,32270,31650,35542,33210,37984,30040,33616,34964,39694,31484,28308,24256,29096,52328,23540,41296,22875
30574,31051,32387,31849,35923,34252,36378,33518,33720,32886,37182,33498,28216,28826,32786,31245,20112,50901,39025
30204,32693,32423,32573,37343,34252,36378,33518,33720,32886,37182,33498,28216,28826,32786,31245,20112,50901,39025
29241,35621,32503,33170,37198,34252,36378,33518,33720,32886,37182,33498,28216,28826,32786,31245,20112,50901,39025
29329,36223,32518,33427,35620,34252,36378,33518,33720,32886,37182,33498,28216,28826,32786,31245,20112,50901,39025
29568,35463,32643,33234,34605,34252,36378,33518,33720,32886,37182,33498,28216,28826,32786,31245,20112,50901,39025
30307,33554,32330,33082,35623,34252,36378,33518,33720,32886,37182,33498,28216,28826,32786,31245,20112,50901,39025
31608,28322,32190,32749,37340,34252,36378,33518,33720,32886,37182,33498,28216,28826,32786,31245,20112,50901,39025
33915,28949,31792,32596,39404,34252,36378,33518,33720,32886,37182,33498,28216,28826,32786,31245,20112,50901,39025
35471,31897,31560,32900,39518,34252,36378,33518,33720,32886,37182,33498,28216,28826,32786,31245,20112,50901,39025
35090,34934,31319,32960,38665,34252,36378,33518,33720,32886,37182,33498,28216,28826,32786,31245,20112,50901,39025
33278,34484,31035,32569,37803,33772,35220,36842,33700,31532,36184,34979,28124,31520,27905,22848,21840,44960,44643
31868,32031,30831,31848,35988,33772,35220,36842,33700,31532,36184,34979,28124,31520,27905,22848,21840,44960,44643
30937,32054,31031,31565,34135,33772,35220,36842,33700,31532,36184,34979,28124,31520,27905,22848,21840,44960,44643
30971,32749,31150,31265,32487,33772,35220,36842,33700,31532,36184,34979,28124,31520,27905,22848,21840,44960,44643
32148,34227,31631,31711,31236,33772,35220,36842,33700,31532,36184,34979,28124,31520,27905,22848,21840,44960,44643
33872,32882,31974,32310,29819,33772,35220,36842,33700,31532,36184,34979,28124,31520,27905,22848,21840,44960,44643
34812,33543,31920,32843,28833,33772,35220,36842,33700,31532,36184,34979,28124,31520,27905,22848,21840,44960,44643
35899,35463,32086,33264,28663,33772,35220,36842,33700,31532,36184,34979,28124,31520,27905,22848,21840,44960,44643
36235,34697,32426,33678,29434,33772,35220,36842,33700,31532,36184,34979,28124,31520,27905,22848,21840,44960,44643
34923,34302,32564,33778,30571,33772,35220,36842,33700,31532,36184,34979,28124,31520,27905,22848,21840,44960,44643
33966,34507,32543,33540,32283,34912,33480,37020,33864,30928,35756,35936,27856,31476,26112,21437,24579,48018,33498
33810,32047,32427,33095,33451,34912,33480,37020,33864,30928,35756,35936,27856,31476,26112,21437,24579,48018,33498
33567,28466,32351,32333,34534,34912,33480,37020,33864,30928,35756,35936,27856,31476,26112,21437,24579,48018,33498
33221,31811,32167,32002,35183,34912,33480,37020,33864,30928,35756,35936,27856,31476,26112,21437,24579,48018,33498
32680,33464,32543,32159,34906,34912,33480,37020,33864,30928,35756,35936,27856,31476,26112,21437,24579,48018,33498
32755,33188,32692,32439,34958,34912,33480,37020,33864,30928,35756,35936,27856,31476,26112,21437,24579,48018,33498
33506,32723,32741,32349,35450,34912,33480,37020,33864,30928,35756,35936,27856,31476,26112,21437,24579,48018,33498
33572,31672,32916,32458,35055,34912,33480,37020,33864,30928,35756,35936,27856,31476,26112,21437,24579,48018,33498
33317,31723,33047,32901,34747,34912,33480,37020,33864,30928,35756,35936,27856,31476,26112,21437,24579,48018,33498
32352,32514,33130,32907,34174,34912,33480,37020,33864,30928,35756,35936,27856,31476,26112,21437,24579,48018,33498
31748,32355,33105,32691,33349,32960,33488,36928,33992,31288,35920,36304,27680,31077,30044,18436,29396,37972,26765
32478,34444,33086,32621,32760,32960,33488,36928,33992,31288,35920,36304,27680,31077,30044,18436,29396,37972,26765
33583,34706,33029,32578,32377,32960,33488,36928,33992,31288,35920,36304,27680,31077,30044,18436,29396,37972,26765
34542,32871,33182,32677,31750,32960,33488,36928,33992,31288,35920,36304,27680,31077,30044,18436,29396,37972,26765
34729,31142,33211,32393,31231,32960,33488,36928,33992,31288,35920,36304,27680,31077,30044,18436,29396,37972,26765
34153,30662,33526,32423,31063,32960,33488,36928,33992,31288,35920,36304,27680,31077,30044,18436,29396,37972,26765
34609,32302,33704,32314,31415,32960,33488,36928,33992,31288,35920,36304,27680,31077,30044,18436,29396,37972,26765
34972,34047,33716,32263,31337,32960,33488,36928,33992,31288,35920,36304,27680,31077,30044,18436,29396,37972,26765
34770,34503,33462,32390,30945,32960,33488,36928,33992,31288,35920,36304,27680,31077,30044,18436,29396,37972,26765
33337,33871,33481,32554,30995,32960,33488,36928,33992,31288,35920,36304,27680,31077,30044,18436,29396,37972,26765
31898,33842,33663,33188,30994,30000,35294,38048,33981,31576,36176,36736,27569,29764,31308,19335,28581,38132,22292
32360,33810,33419,33363,31148,30000,35294,38048,33981,31576,36176,36736,27569,29764,31308,19335,28581,38132,22292
33396,33313,33300,33455,31673,30000,35294,38048,33981,31576,36176,36736,27569,29764,31308,19335,28581,38132,22292
33583,33415,33543,33613,31911,30000,35294,38048,33981,31576,36176,36736,27569,29764,31308,19335,28581,38132,22292
32991,33304,33813,33614,31790,30000,35294,38048,33981,31576,36176,36736,27569,29764,31308,19335,28581,38132,22292
33202,33445,33679,33368,32178,30000,35294,38048,33981,31576,36176,36736,27569,29764,31308,19335,28581,38132,22292
32751,33206,33569,33523,32755,30000,35294,38048,33981,31576,36176,36736,27569,29764,31308,19335,28581,38132,22292
31716,32775,33335,33203,32855,30000,35294,38048,33981,31576,36176,36736,27569,29764,31308,19335,28581,38132,22292
31881,32667,33174,33194,32906,30000,35294,38048,33981,31576,36176,36736,27569,29764,31308,19335,28581,38132,22292
32511,32526,33126,33029,33115,30000,35294,38048,33981,31576,36176,36736,27569,29764,31308,19335,28581,38132,22292
33017,33353,32969,33123,33323,29284,38692,36224,33944,31184,37548,36380,27428,28718,30755,25694,30924,34855,18604
33882,33889,32979,33206,33495,29284,38692,36224,33944,31184,37548,36380,27428,28718,30755,25694,30924,34855,18604
34205,33646,33043,33181,33438,29284,38692,36224,33944,31184,37548,36380,27428,28718,30755,25694,30924,34855,18604
34600,33383,33195,33208,33274,29284,38692,36224,33944,31184,37548,36380,27428,28718,30755,25694,30924,34855,18604
34858,33317,33260,33223,33555,29284,38692,36224,33944,31184,37548,36380,27428,28718,30755,25694,30924,34855,18604
33493,33117,33153,32999,33639,29284,38692,36224,33944,31184,37548,36380,27428,28718,30755,25694,30924,34855,18604
32328,32805,32963,32670,33739,29284,38692,36224,33944,31184,37548,36380,27428,28718,30755,25694,30924,34855,18604
32238,33044,32823,32805,33754,29284,38692,36224,33944,31184,37548,36380,27428,28718,30755,25694,30924,34855,18604
32615,32999,32583,33067,34047,29284,38692,36224,33944,31184,37548,36380,27428,28718,30755,25694,30924,34855,18604
33019,33007,32527,33103,34422,29284,38692,36224,33944,31184,37548,36380,27428,28718,30755,25694,30924,34855,18604
33946,33405,32674,33007,34254,30080,39714,35364,33794,30964,39598,35776,27380,27800,30553,28912,31130,34720,16882
34068,33127,32832,32883,33979,30080,39714,35364,33794,30964,39598,35776,27380,27800,30553,28912,31130,34720,16882
34067,33075,32806,32922,33451,30080,39714,35364,33794,30964,39598,35776,27380,27800,30553,28912,31130,34720,16882
33225,33159,32511,33164,33313,30080,39714,35364,33794,30964,39598,35776,27380,27800,30553,28912,31130,34720,16882
31763,33335,32367,33205,33146,30080,39714,35364,33794,30964,39598,35776,27380,27800,30553,28912,31130,34720,16882
30754,32895,32367,33189,32887,30080,39714,35364,33794,30964,39598,35776,27380,27800,30553,28912,31130,34720,16882
30378,32485,32539,33039,32814,30080,39714,35364,33794,30964,39598,35776,27380,27800,30553,28912,31130,34720,16882
30030,32473,32658,32847,33197,30080,39714,35364,33794,30964,39598,35776,27380,27800,30553,28912,31130,34720,16882
30772,32787,32431,32731,33303,30080,39714,35364,33794,30964,39598,35776,27380,27800,30553,28912,31130,34720,16882
31984,32749,32406,32859,33967,30080,39714,35364,33794,30964,39598,35776,27380,27800,30553,28912,31130,34720,16882
32790,33445,32310,32993,33612,31460,39552,35232,33645,31540,41032,35260,27332,27185,32216,27450,30880,36500,23232
33734,33579,32519,33043,32750,31460,39552,35232,33645,31540,41032,35260,27332,27185,32216,27450,30880,36500,23232
33955,33227,32938,32957,31023,31460,39552,35232,33645,31540,41032,35260,27332,27185,32216,27450,30880,36500,23232
33598,33323,33222,32849,29939,31460,39552,35232,33645,31540,41032,35260,27332,27185,32216,27450,30880,36500,23232
33020,33269,33235,32969,30007,31460,39552,35232,33645,31540,41032,35260,27332,27185,32216,27450,30880,36500,23232
31643,32498,33109,33138,30595,31460,39552,35232,33645,31540,41032,35260,27332,27185,32216,27450,30880,36500,23232
31046,32604,33157,33101,31623,31460,39552,35232,33645,31540,41032,35260,27332,27185,32216,27450,30880,36500,23232
30943,32653,33143,32948,32199,31460,39552,35232,33645,31540,41032,35260,27332,27185,32216,27450,30880,36500,23232
31358,32482,33302,33031,32486,31460,39552,35232,33645,31540,41032,35260,27332,27185,32216,27450,30880,36500,23232
31776,33491,33095,33195,33188,31460,39552,35232,33645,31540,41032,35260,27332,27185,32216,27450,30880,36500,23232
32114,33408,32851,33345,33131,32792,38896,34146,33752,31796,39802,35032,27314,27436,33812,31950,27628,32648,28212
32203,32541,32821,33250,33133,32792,38896,34146,33752,31796,39802,35032,27314,27436,33812,31950,27628,32648,28212
31804,32676,32663,32996,32775,32792,38896,34146,33752,31796,39802,35032,27314,27436,33812,31950,27628,32648,28212
31940,33159,32565,32830,33387,32792,38896,34146,33752,31796,39802,35032,27314,27436,33812,31950,27628,32648,28212
32460,32167,32519,32810,33492,32792,38896,34146,33752,31796,39802,35032,27314,27436,33812,31950,27628,32648,28212
32861,33655,32538,32774,33843,32792,38896,34146,33752,31796,39802,35032,27314,27436,33812,31950,27628,32648,28212
32388,35093,32562,32774,33365,32792,38896,34146,33752,31796,39802,35032,27314,27436,33812,31950,27628,32648,28212
32049,33557,32573,32379,33690,32792,38896,34146,33752,31796,39802,35032,27314,27436,33812,31950,27628,32648,28212
32335,33871,32546,32221,33078,32792,38896,34146,33752,31796,39802,35032,27314,27436,33812,31950,27628,32648,28212
32740,34095,32596,32130,32314,32792,38896,34146,33752,31796,39802,35032,27314,27436,33812,31950,27628,32648,28212
32585,33350,32574,31801,32114,33412,39024,32920,33642,32400,37864,34820,27288,28964,37064,31901,26989,34873,32264
33026,33263,32567,31609,31943,33412,39024,32920,33642,32400,37864,34820,27288,28964,37064,31901,26989,34873,32264
33626,32665,32686,31719,32213,33412,39024,32920,33642,32400,37864,34820,27288,28964,37064,31901,26989,34873,32264
33389,28175,32718,32118,32294,33412,39024,32920,33642,32400,37864,34820,27288,28964,37064,31901,26989,34873,32264
33516,27865,32479,32323,32490,33412,39024,32920,33642,32400,37864,34820,27288,28964,37064,31901,26989,34873,32264
33547,31347,32436,32691,32558,33412,39024,32920,33642,32400,37864,34820,27288,28964,37064,31901,26989,34873,32264
32858,34131,32445,33036,32812,33412,39024,32920,33642,32400,37864,34820,27288,28964,37064,31901,26989,34873,32264
32713,35321,32495,33455,32979,33412,39024,32920,33642,32400,37864,34820,27288,28964,37064,31901,26989,34873,32264
32655,34631,32617,33369,32822,33412,39024,32920,33642,32400,37864,34820,27288,28964,37064,31901,26989,34873,32264
32607,33823,32775,33299,32458,33412,39024,32920,33642,32400,37864,34820,27288,28964,37064,31901,26989,34873,32264
32276,30324,32686,33092,32614,33160,38370,33548,33688,32984,37165,35112,27244,30070,37040,30104,28970,37066,36756
32110,29558,32613,33127,32733,33160,38370,33548,33688,32984,37165,35112,27244,30070,37040,30104,28970,37066,36756
32101,32761,32812,33175,32650,33160,38370,33548,33688,32984,37165,35112,27244,30070,37040,30104,28970,37066,36756
32178,34733,32951,32891,32247,33160,38370,33548,33688,32984,37165,35112,27244,30070,37040,30104,28970,37066,36756
32353,33651,33190,32515,32301,33160,38370,33548,33688,32984,37165,35112,27244,30070,37040,30104,28970,37066,36756
32362,32471,33339,32324,32619,33160,38370,33548,33688,32984,37165,35112,27244,30070,37040,30104,28970,37066,36756
32636,31279,33326,31819,32502,33160,38370,33548,33688,32984,37165,35112,27244,30070,37040,30104,28970,37066,36756
32577,31359,33313,31531,32975,33160,38370,33548,33688,32984,37165,35112,27244,30070,37040,30104,28970,37066,36756
32521,32601,33094,31703,33367,33160,38370,33548,33688,32984,37165,35112,27244,30070,37040,30104,28970,37066,36756
33189,33605,33105,32228,32871,33160,38370,33548,33688,32984,37165,35112,27244,30070,37040,30104,28970,37066,36756
33638,34435,33016,32790,33047,33192,37408,33945,33670,33160,37224,35180,27306,30008,36656,32880,29132,36306,34672
33576,33615,32981,33165,32795,33192,37408,33945,33670,33160,37224,35180,27306,30008,36656,32880,29132,36306,34672
33029,32615,32839,33245,33109,33192,37408,33945,33670,33160,37224,35180,27306,30008,36656,32880,29132,36306,34672
32447,33543,32715,33077,33405,33192,37408,33945,33670,33160,37224,35180,27306,30008,36656,32880,29132,36306,34672
32667,33515,32520,33031,33087,33192,37408,33945,33670,33160,37224,35180,27306,30008,36656,32880,29132,36306,34672
32730,32756,32453,33327,33197,33192,37408,33945,33670,33160,37224,35180,27306,30008,36656,32880,29132,36306,34672
33433,32108,32349,33399,33253,33192,37408,33945,33670,33160,37224,35180,27306,30008,36656,32880,29132,36306,34672
33463,32219,32561,33233,33123,33192,37408,33945,33670,33160,37224,35180,27306,30008,36656,32880,29132,36306,34672
32971,32935,32733,33118,33079,33192,37408,33945,33670,33160,37224,35180,27306,30008,36656,32880,29132,36306,34672
32022,32652,32747,32879,33323,33192,37408,33945,33670,33160,37224,35180,27306,30008,36656,32880,29132,36306,34672
31751,32378,32531,32533,33189,33312,36616,34184,33656,33338,37632,35200,27216,30068,36540,33624,28972,35365,37586
32006,32775,32436,32366,33263,33312,36616,34184,33656,33338,37632,35200,27216,30068,36540,33624,28972,35365,37586
32455,33382,32572,32294,33061,33312,36616,34184,33656,33338,37632,35200,27216,30068,36540,33624,28972,35365,37586
32884,33439,32687,32615,32967,33312,36616,34184,33656,33338,37632,35200,27216,30068,36540,33624,28972,35365,37586
33431,33195,32846,32795,32343,33312,36616,34184,33656,33338,37632,35200,27216,30068,36540,33624,28972,35365,37586
33692,32741,32784,32873,32361,33312,36616,34184,33656,33338,37632,35200,27216,30068,36540,33624,28972,35365,37586
32762,32887,32730,32927,32562,33312,36616,34184,33656,33338,37632,35200,27216,30068,36540,33624,28972,35365,37586
32011,33741,32637,32737,32726,33312,36616,34184,33656,33338,37632,35200,27216,30068,36540,33624,28972,35365,37586
32461,33741,32654,32768,32507,33312,36616,34184,33656,33338,37632,35200,27216,30068,36540,33624,28972,35365,37586
33132,33671,32823,32971,32345,33312,36616,34184,33656,33338,37632,35200,27216,30068,36540,33624,28972,35365,37586
33535,34002,32918,33053,32086,33132,36683,34096,33817,33420,37848,34884,27252,30008,36760,33928,28806,30557,35377
33074,33639,32687,33015,32421,33132,36683,34096,33817,33420,37848,34884,27252,30008,36760,33928,28806,30557,35377
33210,32796,32411,32847,32614,33132,36683,34096,33817,33420,37848,34884,27252,30008,36760,33928,28806,30557,35377
33386,32457,32455,32923,32656,33132,36683,34096,33817,33420,37848,34884,27252,30008,36760,33928,28806,30557,35377
32953,32471,32418,33079,33154,33132,36683,34096,33817,33420,37848,34884,27252,30008,36760,33928,28806,30557,35377
32373,32775,32583,33316,32221,33132,36683,34096,33817,33420,37848,34884,27252,30008,36760,33928,28806,30557,35377
32580,33339,32631,33231,32871,33132,36683,34096,33817,33420,37848,34884,27252,30008,36760,33928,28806,30557,35377
32684,32946,32723,33013,32441,33132,36683,34096,33817,33420,37848,34884,27252,30008,36760,33928,28806,30557,35377
32500,33481,32703,33037,33083,33132,36683,34096,33817,33420,37848,34884,27252,30008,36760,33928,28806,30557,35377
32164,33767,32571,33175,33047,33132,36683,34096,33817,33420,37848,34884,27252,30008,36760,33928,28806,30557,35377
32630,33910,32464,32923,33287,33248,37232,33676,33796,33314,37832,34616,27272,30122,35228,32216,31480,32554,31980
32295,32818,32375,32613,32831,33248,37232,33676,33796,33314,37832,34616,27272,30122,35228,32216,31480,32554,31980
32492,32588,32338,32207,32610,33248,37232,33676,33796,33314,37832,34616,27272,30122,35228,32216,31480,32554,31980
32568,33533,32519,31975,32566,33248,37232,33676,33796,33314,37832,34616,27272,30122,35228,32216,31480,32554,31980
34054,33292,32395,32230,33071,33248,37232,33676,33796,33314,37832,34616,27272,30122,35228,32216,31480,32554,31980
34788,30691,32455,32471,33210,33248,37232,33676,33796,33314,37832,34616,27272,30122,35228,32216,31480,32554,31980
35237,31079,32411,32655,33171,33248,37232,33676,33796,33314,37832,34616,27272,30122,35228,32216,31480,32554,31980
34519,31419,32311,32846,33005,33248,37232,33676,33796,33314,37832,34616,27272,30122,35228,32216,31480,32554,31980
33339,32770,32525,32983,33383,33248,37232,33676,33796,33314,37832,34616,27272,30122,35228,32216,31480,32554,31980
32977,33767,32840,33103,33271,33248,37232,33676,33796,33314,37832,34616,27272,30122,35228,32216,31480,32554,31980
32681,34271,32869,33157,33567,33097,37705,33240,33824,33048,37740,34028,27332,29821,35168,30844,32356,29086,31184
32352,33774,32935,32949,33115,33097,37705,33240,33824,33048,37740,34028,27332,29821,35168,30844,32356,29086,31184
32186,33935,33103,32703,32671,33097,37705,33240,33824,33048,37740,34028,27332,29821,35168,30844,32356,29086,31184
32319,33970,33236,32749,32573,33097,37705,33240,33824,33048,37740,34028,27332,29821,35168,30844,32356,29086,31184
31840,33057,33327,32767,33135,33097,37705,33240,33824,33048,37740,34028,27332,29821,35168,30844,32356,29086,31184
31945,33072,33398,32762,33263,33097,37705,33240,33824,33048,37740,34028,27332,29821,35168,30844,32356,29086,31184
32662,33271,33402,32810,32844,33097,37705,33240,33824,33048,37740,34028,27332,29821,35168,30844,32356,29086,31184
32671,33702,33187,32873,32139,33097,37705,33240,33824,33048,37740,34028,27332,29821,35168,30844,32356,29086,31184
32789,33105,33018,32877,31291,33097,37705,33240,33824,33048,37740,34028,27332,29821,35168,30844,32356,29086,31184
32833,32467,32785,32799,31408,33097,37705,33240,33824,33048,37740,34028,27332,29821,35168,30844,32356,29086,31184
31773,31955,32754,32745,31647,32527,37768,32981,33784,32588,37880,33522,27324,29955,35254,28317,28948,28686,26751
31555,32871,32882,32767,32167,32527,37768,32981,33784,32588,37880,33522,27324,29955,35254,28317,28948,28686,26751
32023,33439,32759,32865,32439,32527,37768,32981,33784,32588,37880,33522,27324,29955,35254,28317,28948,28686,26751
32594,33245,32855,32849,33211,32527,37768,32981,33784,32588,37880,33522,27324,29955,35254,28317,28948,28686,26751
33381,33027,32731,32693,32914,32527,37768,32981,33784,32588,37880,33522,27324,29955,35254,28317,28948,28686,26751
33662,32239,32773,32454,32837,32527,37768,32981,33784,32588,37880,33522,27324,29955,35254,28317,28948,28686,26751
34266,30741,32782,32415,33123,32527,37768,32981,33784,32588,37880,33522,27324,29955,35254,28317,28948,28686,26751
33137,32948,32571,32533,32739,32527,37768,32981,33784,32588,37880,33522,27324,29955,35254,28317,28948,28686,26751
32487,33707,32591,32649,32895,32527,37768,32981,33784,32588,37880,33522,27324,29955,35254,28317,28948,28686,26751
32073,32674,32697,32925,33100,32527,37768,32981,33784,32588,37880,33522,27324,29955,35254,28317,28948,28686,26751
32101,32175,32713,33036,32783,32048,37580,32784,33633,32034,37790,33065,27396,29788,34104,26396,29668,27989,24764
32369,32693,32735,33067,32794,32048,37580,32784,33633,32034,37790,33065,27396,29788,34104,26396,29668,27989,24764
32888,33317,32871,33142,33247,32048,37580,32784,33633,32034,37790,33065,27396,29788,34104,26396,29668,27989,24764
33320,33723,32827,33203,33035,32048,37580,32784,33633,32034,37790,33065,27396,29788,34104,26396,29668,27989,24764
33199,32511,32787,33103,33483,32048,37580,32784,33633,32034,37790,33065,27396,29788,34104,26396,29668,27989,24764
32781,32791,32802,32975,32914,32048,37580,32784,33633,32034,37790,33065,27396,29788,34104,26396,29668,27989,24764
32954,33071,32767,32715,32941,32048,37580,32784,33633,32034,37790,33065,27396,29788,34104,26396,29668,27989,24764
32820,32643,32827,32731,33037,32048,37580,32784,33633,32034,37790,33065,27396,29788,34104,26396,29668,27989,24764
32667,32634,32799,32905,33086,32048,37580,32784,33633,32034,37790,33065,27396,29788,34104,26396,29668,27989,24764
32466,32982,32853,32987,32807,32048,37580,32784,33633,32034,37790,33065,27396,29788,34104,26396,29668,27989,24764
31482,33359,32848,33043,32955,31704,37404,32656,33792,31760,37608,32756,27412,29548,34632,27872,33005,30332,26425
31360,33358,33101,32927,32575,31704,37404,32656,33792,31760,37608,32756,27412,29548,34632,27872,33005,30332,26425
31653,33589,33062,32763,32439,31704,37404,32656,33792,31760,37608,32756,27412,29548,34632,27872,33005,30332,26425
32032,33325,32978,32645,32565,31704,37404,32656,33792,31760,37608,32756,27412,29548,34632,27872,33005,30332,26425
32702,32996,33085,32706,32882,31704,37404,32656,33792,31760,37608,32756,27412,29548,34632,27872,33005,30332,26425
33430,33119,33235,32584,32723,31704,37404,32656,33792,31760,37608,32756,27412,29548,34632,27872,33005,30332,26425
34268,33023,32983,32575,32695,31704,37404,32656,33792,31760,37608,32756,27412,29548,34632,27872,33005,30332,26425
33533,32615,32926,32571,32789,31704,37404,32656,33792,31760,37608,32756,27412,29548,34632,27872,33005,30332,26425
32850,32793,33087,32429,32775,31704,37404,32656,33792,31760,37608,32756,27412,29548,34632,27872,33005,30332,26425
33273,32791,33129,32572,32676,31704,37404,32656,33792,31760,37608,32756,27412,29548,34632,27872,33005,30332,26425
33292,32673,32995,32950,32668,31784,37146,32360,33653,31780,37442,32472,27478,29844,34161,27183,31009,31732,27856
33280,33142,32919,32818,32614,31784,37146,32360,33653,31780,37442,32472,27478,29844,34161,27183,31009,31732,27856
33784,33351,32941,32647,32838,31784,37146,32360,33653,31780,37442,32472,27478,29844,34161,27183,31009,31732,27856
33599,33237,33046,32667,32563,31784,37146,32360,33653,31780,37442,32472,27478,29844,34161,27183,31009,31732,27856
32952,33445,33001,32752,32093,31784,37146,32360,33653,31780,37442,32472,27478,29844,34161,27183,31009,31732,27856
33017,33119,32881,32871,32500,31784,37146,32360,33653,31780,37442,32472,27478,29844,34161,27183,31009,31732,27856
32764,33415,32916,32879,32743,31784,37146,32360,33653,31780,37442,32472,27478,29844,34161,27183,31009,31732,27856
32151,33199,32835,33057,32767,31784,37146,32360,33653,31780,37442,32472,27478,29844,34161,27183,31009,31732,27856
31524,32759,32541,33263,32950,31784,37146,32360,33653,31780,37442,32472,27478,29844,34161,27183,31009,31732,27856
31465,33063,32511,33148,33231,31784,37146,32360,33653,31780,37442,32472,27478,29844,34161,27183,31009,31732,27856
31662,32975,32695,32935,32543,32040,37072,32148,33596,32216,37304,32380,27522,29800,33818,28220,29277,32844,31113
32329,32542,32647,32858,33461,32040,37072,32148,33596,32216,37304,32380,27522,29800,33818,28220,29277,32844,31113
32599,32527,32522,32827,33042,32040,37072,32148,33596,32216,37304,32380,27522,29800,33818,28220,29277,32844,31113
32411,32933,32557,32710,33346,32040,37072,32148,33596,32216,37304,32380,27522,29800,33818,28220,29277,32844,31113
32359,32759,32686,32626,33415,32040,37072,32148,33596,32216,37304,32380,27522,29800,33818,28220,29277,32844,31113
32840,33039,33135,32725,33599,32040,37072,32148,33596,32216,37304,32380,27522,29800,33818,28220,29277,32844,31113
32834,33503,33139,32754,33261,32040,37072,32148,33596,32216,37304,32380,27522,29800,33818,28220,29277,32844,31113
32719,33287,32867,32647,33135,32040,37072,32148,33596,32216,37304,32380,27522,29800,33818,28220,29277,32844,31113
32522,33151,32775,32693,32656,32040,37072,32148,33596,32216,37304,32380,27522,29800,33818,28220,29277,32844,31113
32099,33275,32690,32775,32617,32040,37072,32148,33596,32216,37304,32380,27522,29800,33818,28220,29277,32844,31113
31950,33363,32651,32903,32311,32388,36944,31828,33689,32728,37136,31981,27580,29244,33308,31148,29188,30718,33662
32463,33050,32633,32807,32263,32388,36944,31828,33689,32728,37136,31981,27580,29244,33308,31148,29188,30718,33662
32611,33193,32711,32692,31871,32388,36944,31828,33689,32728,37136,31981,27580,29244,33308,31148,29188,30718,33662
31500,33029,32751,32590,31851,32388,36944,31828,33689,32728,37136,31981,27580,29244,33308,31148,29188,30718,33662
31846,32551,32628,32607,32259,32388,36944,31828,33689,32728,37136,31981,27580,29244,33308,31148,29188,30718,33662
33142,33183,32598,32739,32239,32388,36944,31828,33689,32728,37136,31981,27580,29244,33308,31148,29188,30718,33662
34462,32687,32499,32822,32292,32388,36944,31828,33689,32728,37136,31981,27580,29244,33308,31148,29188,30718,33662
35137,32975,32623,32861,32287,32388,36944,31828,33689,32728,37136,31981,27580,29244,33308,31148,29188,30718,33662
35301,33471,32872,32700,32519,32388,36944,31828,33689,32728,37136,31981,27580,29244,33308,31148,29188,30718,33662
34754,33603,32545,32842,32538,32388,36944,31828,33689,32728,37136,31981,27580,29244,33308,31148,29188,30718,33662
33472,33791,32456,32815,32854,32336,36676,31622,33754,32914,37088,31836,27640,28772,32424,32760,29368,31504,33389
32573,33559,32717,32837,32711,32336,36676,31622,33754,32914,37088,31836,27640,28772,32424,32760,29368,31504,33389
32070,33261,33047,32951,32668,32336,36676,31622,33754,32914,37088,31836,27640,28772,32424,32760,29368,31504,33389
31845,33475,33159,32991,32626,32336,36676,31622,33754,32914,37088,31836,27640,28772,32424,32760,29368,31504,33389
32848,33509,33035,32767,32839,32336,36676,31622,33754,32914,37088,31836,27640,28772,32424,32760,29368,31504,33389
34005,33626,33023,32815,32869,32336,36676,31622,33754,32914,37088,31836,27640,28772,32424,32760,29368,31504,33389
33235,32722,32995,33047,32879,32336,36676,31622,33754,32914,37088,31836,27640,28772,32424,32760,29368,31504,33389
32097,32946,32840,33039,33059,32336,36676,31622,33754,32914,37088,31836,27640,28772,32424,32760,29368,31504,33389
32344,32971,32681,32804,33225,32336,36676,31622,33754,32914,37088,31836,27640,28772,32424,32760,29368,31504,33389
32634,32966,32466,32742,33151,32336,36676,31622,33754,32914,37088,31836,27640,28772,32424,32760,29368,31504,33389
32765,33249,32281,32791,33081,32310,36580,31488,33608,32944,36988,31726,27692,28456,31696,32555,29792,31129,31846
32727,32443,32543,32906,33347,32310,36580,31488,33608,32944,36988,31726,27692,28456,31696,32555,29792,31129,31846
32447,32298,33081,32735,33195,32310,36580,31488,33608,32944,36988,31726,27692,28456,31696,32555,29792,31129,31846
32291,32310,32863,32628,33210,32310,36580,31488,33608,32944,36988,31726,27692,28456,31696,32555,29792,31129,31846
32113,32094,32494,32661,33139,32310,36580,31488,33608,32944,36988,31726,27692,28456,31696,32555,29792,31129,31846
32315,32415,32589,32878,33438,32310,36580,31488,33608,32944,36988,31726,27692,28456,31696,32555,29792,31129,31846
32250,32205,32939,32918,33415,32310,36580,31488,33608,32944,36988,31726,27692,28456,31696,32555,29792,31129,31846
32598,32543,32803,32997,33458,32310,36580,31488,33608,32944,36988,31726,27692,28456,31696,32555,29792,31129,31846
32708,32832,32749,33178,33207,32310,36580,31488,33608,32944,36988,31726,27692,28456,31696,32555,29792,31129,31846
32810,33058,32696,33076,32956,32310,36580,31488,33608,32944,36988,31726,27692,28456,31696,32555,29792,31129,31846
33330,33884,32669,32749,32755,32448,36788,31496,33746,32768,37000,31626,27720,28193,30528,33191,30932,32939,29404
33741,34015,32811,32599,32727,32448,36788,31496,33746,32768,37000,31626,27720,28193,30528,33191,30932,32939,29404
33672,33750,33110,32711,33066,32448,36788,31496,33746,32768,37000,31626,27720,28193,30528,33191,30932,32939,29404
33122,33868,33146,32763,32743,32448,36788,31496,33746,32768,37000,31626,27720,28193,30528,33191,30932,32939,29404
32761,32932,32931,32774,32473,32448,36788,31496,33746,32768,37000,31626,27720,28193,30528,33191,30932,32939,29404
32407,32612,32647,32751,32037,32448,36788,31496,33746,32768,37000,31626,27720,28193,30528,33191,30932,32939,29404
32080,32763,32633,32775,32235,32448,36788,31496,33746,32768,37000,31626,27720,28193,30528,33191,30932,32939,29404
31546,32911,32923,33063,32235,32448,36788,31496,33746,32768,37000,31626,27720,28193,30528,33191,30932,32939,29404
32366,33419,32929,33063,32226,32448,36788,31496,33746,32768,37000,31626,27720,28193,30528,33191,30932,32939,29404
33058,33179,32894,32751,32494,32448,36788,31496,33746,32768,37000,31626,27720,28193,30528,33191,30932,32939,29404
32130,33082,32915,32689,32834,32334,37082,31611,33592,32404,37184,31544,27776,28624,29089,31577,29156,30644,27882
31688,33147,33126,32735,32767,32334,37082,31611,33592,32404,37184,31544,27776,28624,29089,31577,29156,30644,27882
31990,32959,33183,32933,33059,32334,37082,31611,33592,32404,37184,31544,27776,28624,29089,31577,29156,30644,27882
33109,33271,32871,32941,32575,32334,37082,31611,33592,32404,37184,31544,27776,28624,29089,31577,29156,30644,27882
33591,33055,32502,32901,32606,32334,37082,31611,33592,32404,37184,31544,27776,28624,29089,31577,29156,30644,27882
33876,33014,32297,32977,32575,32334,37082,31611,33592,32404,37184,31544,27776,28624,29089,31577,29156,30644,27882
34406,33260,32428,32935,32626,32334,37082,31611,33592,32404,37184,31544,27776,28624,29089,31577,29156,30644,27882
33408,33019,32541,32863,32703,32334,37082,31611,33592,32404,37184,31544,27776,28624,29089,31577,29156,30644,27882
32588,32735,32595,32976,32845,32334,37082,31611,33592,32404,37184,31544,27776,28624,29089,31577,29156,30644,27882
32502,33031,32641,32673,32631,32334,37082,31611,33592,32404,37184,31544,27776,28624,29089,31577,29156,30644,27882
33102,33367,32694,32599,32647,32212,37336,31484,33828,32274,37314,31488,27841,29316,27368,29164,29040,31076,27796
33910,32995,32669,32629,32795,32212,37336,31484,33828,32274,37314,31488,27841,29316,27368,29164,29040,31076,27796
33372,33086,32678,32636,32614,32212,37336,31484,33828,32274,37314,31488,27841,29316,27368,29164,29040,31076,27796
32426,32978,32806,32478,32827,32212,37336,31484,33828,32274,37314,31488,27841,29316,27368,29164,29040,31076,27796
31390,32562,32865,32475,32854,32212,37336,31484,33828,32274,37314,31488,27841,29316,27368,29164,29040,31076,27796
30434,32582,32935,32578,32814,32212,37336,31484,33828,32274,37314,31488,27841,29316,27368,29164,29040,31076,27796
30963,32567,33063,32562,32903,32212,37336,31484,33828,32274,37314,31488,27841,29316,27368,29164,29040,31076,27796
32118,32469,32941,32437,33083,32212,37336,31484,33828,32274,37314,31488,27841,29316,27368,29164,29040,31076,27796
33223,32919,33131,32475,33202,32212,37336,31484,33828,32274,37314,31488,27841,29316,27368,29164,29040,31076,27796
33968,32995,33109,32827,33162,32212,37336,31484,33828,32274,37314,31488,27841,29316,27368,29164,29040,31076,27796
34209,33129,33118,32743,33083,32192,37308,31288,33802,32396,37228,31390,27872,29504,26692,28573,32334,35235,30280
32794,32801,33016,32775,32929,32192,37308,31288,33802,32396,37228,31390,27872,29504,26692,28573,32334,35235,30280
32662,33045,33035,33055,32875,32192,37308,31288,33802,32396,37228,31390,27872,29504,26692,28573,32334,35235,30280
32809,32938,32825,33077,33201,32192,37308,31288,33802,32396,37228,31390,27872,29504,26692,28573,32334,35235,30280
31794,32826,32747,32927,33006,32192,37308,31288,33802,32396,37228,31390,27872,29504,26692,28573,32334,35235,30280
31519,33187,32707,32703,33075,32192,37308,31288,33802,32396,37228,31390,27872,29504,26692,28573,32334,35235,30280
31935,33202,32411,32744,32903,32192,37308,31288,33802,32396,37228,31390,27872,29504,26692,28573,32334,35235,30280
32760,33114,32274,32987,32911,32192,37308,31288,33802,32396,37228,31390,27872,29504,26692,28573,32334,35235,30280
33348,33451,32559,32973,32888,32192,37308,31288,33802,32396,37228,31390,27872,29504,26692,28573,32334,35235,30280
34388,33127,32765,32878,32846,32192,37308,31288,33802,32396,37228,31390,27872,29504,26692,28573,32334,35235,30280
34057,32923,32962,32922,32663,32112,37349,31200,33824,32488,37240,31428,27878,29442,25804,29940,32192,34860,31256
33437,32774,33097,32742,32824,32112,37349,31200,33824,32488,37240,31428,27878,29442,25804,29940,32192,34860,31256
32839,33055,33095,32754,32754,32112,37349,31200,33824,32488,37240,31428,27878,29442,25804,29940,32192,34860,31256
33039,33109,32911,32935,32406,32112,37349,31200,33824,32488,37240,31428,27878,29442,25804,29940,32192,34860,31256
32564,33340,32835,32951,32758,32112,37349,31200,33824,32488,37240,31428,27878,29442,25804,29940,32192,34860,31256
32252,33547,32731,32861,32818,32112,37349,31200,33824,32488,37240,31428,27878,29442,25804,29940,32192,34860,31256
32439,33061,32607,32762,32769,32112,37349,31200,33824,32488,37240,31428,27878,29442,25804,29940,32192,34860,31256
32338,33240,32563,32828,32863,32112,37349,31200,33824,32488,37240,31428,27878,29442,25804,29940,32192,34860,31256
32368,32839,32609,32845,33060,32112,37349,31200,33824,32488,37240,31428,27878,29442,25804,29940,32192,34860,31256
32989,33341,32438,32615,32829,32112,37349,31200,33824,32488,37240,31428,27878,29442,25804,29940,32192,34860,31256
33516,33087,32386,32775,33047,32077,37412,31064,33620,32708,37240,31614,27890,29488,25638,30328,28968,32236,31074
33052,33418,32471,32927,32809,32077,37412,31064,33620,32708,37240,31614,27890,29488,25638,30328,28968,32236,31074
32747,33463,32466,32877,32567,32077,37412,31064,33620,32708,37240,31614,27890,29488,25638,30328,28968,32236,31074
32676,33076,32551,32915,32463,32077,37412,31064,33620,32708,37240,31614,27890,29488,25638,30328,28968,32236,31074
32134,32903,32681,33017,32533,32077,37412,31064,33620,32708,37240,31614,27890,29488,25638,30328,28968,32236,31074
31545,32883,32829,32929,32585,32077,37412,31064,33620,32708,37240,31614,27890,29488,25638,30328,28968,32236,31074
32160,32583,32835,33047,32739,32077,37412,31064,33620,32708,37240,31614,27890,29488,25638,30328,28968,32236,31074
32100,32515,32791,32873,32339,32077,37412,31064,33620,32708,37240,31614,27890,29488,25638,30328,28968,32236,31074
32134,33095,32753,32806,32498,32077,37412,31064,33620,32708,37240,31614,27890,29488,25638,30328,28968,32236,31074
32787,32802,32754,32731,32789,32077,37412,31064,33620,32708,37240,31614,27890,29488,25638,30328,28968,32236,31074
33351,32946,32861,33037,33415,32260,37432,31160,33858,32964,37216,31716,27873,29440,25464,30672,31476,37212,30344
32994,32895,32830,33115,33085,32260,37432,31160,33858,32964,37216,31716,27873,29440,25464,30672,31476,37212,30344
33775,32786,32739,33043,32987,32260,37432,31160,33858,32964,37216,31716,27873,29440,25464,30672,31476,37212,30344
34794,33031,32623,32999,33060,32260,37432,31160,33858,32964,37216,31716,27873,29440,25464,30672,31476,37212,30344
33799,33155,32507,33037,32878,32260,37432,31160,33858,32964,37216,31716,27873,29440,25464,30672,31476,37212,30344
32080,32997,32665,32966,32891,32260,37432,31160,33858,32964,37216,31716,27873,29440,25464,30672,31476,37212,30344
31175,32658,32836,32850,32762,32260,37432,31160,33858,32964,37216,31716,27873,29440,25464,30672,31476,37212,30344
31582,33266,32709,32639,32923,32260,37432,31160,33858,32964,37216,31716,27873,29440,25464,30672,31476,37212,30344
32384,33307,32599,32565,32996,32260,37432,31160,33858,32964,37216,31716,27873,29440,25464,30672,31476,37212,30344
33491,33095,32632,32360,33275,32260,37432,31160,33858,32964,37216,31716,27873,29440,25464,30672,31476,37212,30344
33468,33245,32679,32359,32939,32614,37376,31312,33708,33156,37244,31755,27876,29017,25192,31431,29151,32885,31181
33511,33369,32495,32557,32815,32614,37376,31312,33708,33156,37244,31755,27876,29017,25192,31431,29151,32885,31181
33275,32751,32816,32477,32503,32614,37376,31312,33708,33156,37244,31755,27876,29017,25192,31431,29151,32885,31181
33446,32953,32790,32431,32571,32614,37376,31312,33708,33156,37244,31755,27876,29017,25192,31431,29151,32885,31181
33984,33076,32550,32738,32375,32614,37376,31312,33708,33156,37244,31755,27876,29017,25192,31431,29151,32885,31181
33728,32965,32594,33241,32547,32614,37376,31312,33708,33156,37244,31755,27876,29017,25192,31431,29151,32885,31181
32981,33063,32802,33505,32347,32614,37376,31312,33708,33156,37244,31755,27876,29017,25192,31431,29151,32885,31181
32259,32583,32671,33447,32327,32614,37376,31312,33708,33156,37244,31755,27876,29017,25192,31431,29151,32885,31181
32011,32495,32566,33056,32475,32614,37376,31312,33708,33156,37244,31755,27876,29017,25192,31431,29151,32885,31181
32304,32915,32719,33054,32775,32614,37376,31312,33708,33156,37244,31755,27876,29017,25192,31431,29151,32885,31181
32561,32677,32951,33095,32569,32736,37280,31392,33776,33216,37216,31888,27840,28832,24884,32036,32448,36664,29704
31721,32583,33060,32811,32447,32736,37280,31392,33776,33216,37216,31888,27840,28832,24884,32036,32448,36664,29704
31387,32871,33078,32461,33077,32736,37280,31392,33776,33216,37216,31888,27840,28832,24884,32036,32448,36664,29704
31131,33189,33083,32175,32583,32736,37280,31392,33776,33216,37216,31888,27840,28832,24884,32036,32448,36664,29704
31598,33043,32935,32382,32692,32736,37280,31392,33776,33216,37216,31888,27840,28832,24884,32036,32448,36664,29704
32318,33550,32889,32807,32946,32736,37280,31392,33776,33216,37216,31888,27840,28832,24884,32036,32448,36664,29704
32941,33227,33213,32557,33355,32736,37280,31392,33776,33216,37216,31888,27840,28832,24884,32036,32448,36664,29704
33378,33429,33405,32623,32878,32736,37280,31392,33776,33216,37216,31888,27840,28832,24884,32036,32448,36664,29704
33060,32695,33373,33165,32916,32736,37280,31392,33776,33216,37216,31888,27840,28832,24884,32036,32448,36664,29704
32797,32571,33318,33170,32951,32736,37280,31392,33776,33216,37216,31888,27840,28832,24884,32036,32448,36664,29704
33566,32775,32994,32903,32951,32696,37168,31666,33716,33056,37225,32140,27834,29189,24905,31112,29597,36576,31685
34278,32722,32977,32939,32506,32696,37168,31666,33716,33056,37225,32140,27834,29189,24905,31112,29597,36576,31685
34311,32942,33269,33075,32277,32696,37168,31666,33716,33056,37225,32140,27834,29189,24905,31112,29597,36576,31685
32851,33021,33432,32947,33027,32696,37168,31666,33716,33056,37225,32140,27834,29189,24905,31112,29597,36576,31685
32085,32829,33486,32885,33131,32696,37168,31666,33716,33056,37225,32140,27834,29189,24905,31112,29597,36576,31685
32138,33156,33285,32846,32502,32696,37168,31666,33716,33056,37225,32140,27834,29189,24905,31112,29597,36576,31685
32159,32884,32947,32709,32551,32696,37168,31666,33716,33056,37225,32140,27834,29189,24905,31112,29597,36576,31685
31931,33133,32953,32705,32913,32696,37168,31666,33716,33056,37225,32140,27834,29189,24905,31112,29597,36576,31685
31857,33079,32850,32911,33179,32696,37168,31666,33716,33056,37225,32140,27834,29189,24905,31112,29597,36576,31685
32610,32674,32725,32615,32615,32696,37168,31666,33716,33056,37225,32140,27834,29189,24905,31112,29597,36576,31685
33680,32987,32498,32514,32602,32756,37188,31680,33764,32896,37186,32309,27810,29689,24821,30908,28921,32560,30552
33394,33621,32578,32669,33126,32756,37188,31680,33764,32896,37186,32309,27810,29689,24821,30908,28921,32560,30552
33040,33575,32795,32957,32951,32756,37188,31680,33764,32896,37186,32309,27810,29689,24821,30908,28921,32560,30552
33245,33887,32479,32723,32826,32756,37188,31680,33764,32896,37186,32309,27810,29689,24821,30908,28921,32560,30552
33589,33153,32217,32687,32866,32756,37188,31680,33764,32896,37186,32309,27810,29689,24821,30908,28921,32560,30552
33429,32421,32082,32861,33255,32756,37188,31680,33764,32896,37186,32309,27810,29689,24821,30908,28921,32560,30552
33099,32647,31879,32649,32590,32756,37188,31680,33764,32896,37186,32309,27810,29689,24821,30908,28921,32560,30552
32748,32582,31853,32533,32482,32756,37188,31680,33764,32896,37186,32309,27810,29689,24821,30908,28921,32560,30552
32460,32930,31963,32608,32595,32756,37188,31680,33764,32896,37186,32309,27810,29689,24821,30908,28921,32560,30552
32258,32903,32231,32839,32911,32756,37188,31680,33764,32896,37186,32309,27810,29689,24821,30908,28921,32560,30552
32333,32745,32359,32914,32709,32640,37512,31764,33774,32844,37256,32448,27788,29841,24416,30464,32280,36585,29592
32914,33127,32338,32727,32735,32640,37512,31764,33774,32844,37256,32448,27788,29841,24416,30464,32280,36585,29592
32332,33508,32391,32727,32775,32640,37512,31764,33774,32844,37256,32448,27788,29841,24416,30464,32280,36585,29592
32076,33398,32527,33107,33013,32640,37512,31764,33774,32844,37256,32448,27788,29841,24416,30464,32280,36585,29592
32888,33235,32535,32843,32543,32640,37512,31764,33774,32844,37256,32448,27788,29841,24416,30464,32280,36585,29592
33876,33140,32490,32743,32549,32640,37512,31764,33774,32844,37256,32448,27788,29841,24416,30464,32280,36585,29592
33805,32823,32531,32807,32757,32640,37512,31764,33774,32844,37256,32448,27788,29841,24416,30464,32280,36585,29592
33064,33071,32479,32823,33317,32640,37512,31764,33774,32844,37256,32448,27788,29841,24416,30464,32280,36585,29592
32743,33599,32732,32861,32996,32640,37512,31764,33774,32844,37256,32448,27788,29841,24416,30464,32280,36585,29592
32546,33533,32887,32770,32739,32640,37512,31764,33774,32844,37256,32448,27788,29841,24416,30464,32280,36585,29592
32754,33389,33012,32647,33213,32424,37392,32092,33916,32768,37362,32628,27736,29917,25211,29980,32153,34520,28957
32292,33881,33023,32734,33027,32424,37392,32092,33916,32768,37362,32628,27736,29917,25211,29980,32153,34520,28957
31504,33719,32981,32784,32903,32424,37392,32092,33916,32768,37362,32628,27736,29917,25211,29980,32153,34520,28957
31253,33026,32982,32699,32387,32424,37392,32092,33916,32768,37362,32628,27736,29917,25211,29980,32153,34520,28957
31317,32576,33127,32750,32752,32424,37392,32092,33916,32768,37362,32628,27736,29917,25211,29980,32153,34520,28957
32160,32617,33230,32799,32934,32424,37392,32092,33916,32768,37362,32628,27736,29917,25211,29980,32153,34520,28957
32762,32717,33287,32967,32638,32424,37392,32092,33916,32768,37362,32628,27736,29917,25211,29980,32153,34520,28957
32664,32706,33107,32948,32215,32424,37392,32092,33916,32768,37362,32628,27736,29917,25211,29980,32153,34520,28957
33086,32803,33015,32787,32503,32424,37392,32092,33916,32768,37362,32628,27736,29917,25211,29980,32153,34520,28957
33440,32946,33051,32579,32879,32424,37392,32092,33916,32768,37362,32628,27736,29917,25211,29980,32153,34520,28957
33901,33170,33042,32491,33251,32300,37144,32428,33992,32676,37408,32952,27672,29836,26236,29829,28532,30988,31120
34157,33019,32965,32658,32879,32300,37144,32428,33992,32676,37408,32952,27672,29836,26236,29829,28532,30988,31120
33484,33351,32966,32674,32537,32300,37144,32428,33992,32676,37408,32952,27672,29836,26236,29829,28532,30988,31120
33650,33371,32971,32733,32847,32300,37144,32428,33992,32676,37408,32952,27672,29836,26236,29829,28532,30988,31120
33676,33215,32927,32739,32815,32300,37144,32428,33992,32676,37408,32952,27672,29836,26236,29829,28532,30988,31120
33587,33437,32787,32967,32676,32300,37144,32428,33992,32676,37408,32952,27672,29836,26236,29829,28532,30988,31120
32514,33074,32647,33253,32799,32300,37144,32428,33992,32676,37408,32952,27672,29836,26236,29829,28532,30988,31120
32278,32981,32697,33061,33303,32300,37144,32428,33992,32676,37408,32952,27672,29836,26236,29829,28532,30988,31120
31718,33311,32918,32808,33187,32300,37144,32428,33992,32676,37408,32952,27672,29836,26236,29829,28532,30988,31120
31656,32939,32908,32775,32717,32300,37144,32428,33992,32676,37408,32952,27672,29836,26236,29829,28532,30988,31120
32252,33379,33023,32749,32615,32308,37048,32772,33880,32484,37348,33270,27656,29869,26301,30848,28299,30746,30945
32627,32911,33031,32659,33191,32308,37048,32772,33880,32484,37348,33270,27656,29869,26301,30848,28299,30746,30945
32417,32667,33007,32555,32743,32308,37048,32772,33880,32484,37348,33270,27656,29869,26301,30848,28299,30746,30945
32527,32903,32819,32469,32578,32308,37048,32772,33880,32484,37348,33270,27656,29869,26301,30848,28299,30746,30945
32532,32691,32743,32518,32614,32308,37048,32772,33880,32484,37348,33270,27656,29869,26301,30848,28299,30746,30945
32340,32314,32667,32604,33134,32308,37048,32772,33880,32484,37348,33270,27656,29869,26301,30848,28299,30746,30945
32664,32452,32775,32623,32403,32308,37048,32772,33880,32484,37348,33270,27656,29869,26301,30848,28299,30746,30945
32945,32599,32843,32997,32516,32308,37048,32772,33880,32484,37348,33270,27656,29869,26301,30848,28299,30746,30945
32898,33234,33049,32900,32565,32308,37048,32772,33880,32484,37348,33270,27656,29869,26301,30848,28299,30746,30945
32906,33551,32791,32595,32986,32308,37048,32772,33880,32484,37348,33270,27656,29869,26301,30848,28299,30746,30945
32903,33007,32751,32431,32236,32352,37064,33028,34084,32360,37268,33556,27560,30216,26064,32074,28693,31004,30752
32804,33339,32543,32445,32699,32352,37064,33028,34084,32360,37268,33556,27560,30216,26064,32074,28693,31004,30752
32438,33120,32461,32390,32871,32352,37064,33028,34084,32360,37268,33556,27560,30216,26064,32074,28693,31004,30752
32527,33117,32455,32855,33053,32352,37064,33028,34084,32360,37268,33556,27560,30216,26064,32074,28693,31004,30752
32879,33237,32525,33369,32547,32352,37064,33028,34084,32360,37268,33556,27560,30216,26064,32074,28693,31004,30752
33026,32709,32661,33516,32751,32352,37064,33028,34084,32360,37268,33556,27560,30216,26064,32074,28693,31004,30752
33204,32473,32717,33189,32924,32352,37064,33028,34084,32360,37268,33556,27560,30216,26064,32074,28693,31004,30752
33230,32975,32933,32959,33303,32352,37064,33028,34084,32360,37268,33556,27560,30216,26064,32074,28693,31004,30752
32902,32945,32997,33439,33174,32352,37064,33028,34084,32360,37268,33556,27560,30216,26064,32074,28693,31004,30752
32851,32855,32871,33479,32839,32352,37064,33028,34084,32360,37268,33556,27560,30216,26064,32074,28693,31004,30752
32638,33255,32679,33046,32943,32466,37044,33337,34090,32356,37264,33932,27538,30666,25300,33113,28692,31512,36360
32098,32835,32771,33357,32925,32466,37044,33337,34090,32356,37264,33932,27538,30666,25300,33113,28692,31512,36360
32093,32691,32783,33227,32805,32466,37044,33337,34090,32356,37264,33932,27538,30666,25300,33113,28692,31512,36360
32651,33187,32687,33034,32441,32466,37044,33337,34090,32356,37264,33932,27538,30666,25300,33113,28692,31512,36360
32813,33060,32583,33010,33047,32466,37044,33337,34090,32356,37264,33932,27538,30666,25300,33113,28692,31512,36360
32247,33095,32548,32595,32967,32466,37044,33337,34090,32356,37264,33932,27538,30666,25300,33113,28692,31512,36360
32194,33127,32767,32455,32543,32466,37044,33337,34090,32356,37264,33932,27538,30666,25300,33113,28692,31512,36360
32665,33755,32965,32049,32687,32466,37044,33337,34090,32356,37264,33932,27538,30666,25300,33113,28692,31512,36360
32784,33653,32964,31751,33169,32466,37044,33337,34090,32356,37264,33932,27538,30666,25300,33113,28692,31512,36360
32740,32853,32607,32243,32790,32466,37044,33337,34090,32356,37264,33932,27538,30666,25300,33113,28692,31512,36360
33496,32775,32455,32557,32649,32704,37192,33472,33948,32512,37298,34298,27444,31081,24558,33876,27613,31508,39048
33997,32597,32463,32754,32775,32704,37192,33472,33948,32512,37298,34298,27444,31081,24558,33876,27613,31508,39048
34057,32695,32467,33435,33083,32704,37192,33472,33948,32512,37298,34298,27444,31081,24558,33876,27613,31508,39048
33596,32835,32551,33122,32655,32704,37192,33472,33948,32512,37298,34298,27444,31081,24558,33876,27613,31508,39048
33033,33071,32698,32850,32621,32704,37192,33472,33948,32512,37298,34298,27444,31081,24558,33876,27613,31508,39048
32793,33015,32745,32791,32674,32704,37192,33472,33948,32512,37298,34298,27444,31081,24558,33876,27613,31508,39048
32808,33394,32631,32937,32786,32704,37192,33472,33948,32512,37298,34298,27444,31081,24558,33876,27613,31508,39048
32911,33341,32685,33039,32690,32704,37192,33472,33948,32512,37298,34298,27444,31081,24558,33876,27613,31508,39048
32759,32911,32694,32770,32621,32704,37192,33472,33948,32512,37298,34298,27444,31081,24558,33876,27613,31508,39048
32524,33171,32685,32583,32879,32704,37192,33472,33948,32512,37298,34298,27444,31081,24558,33876,27613,31508,39048
31996,33095,32705,32871,32839,33032,37312,33516,34148,32816,37332,34549,27384,31208,22740,34364,30564,36228,37083
31830,32806,32774,32825,32531,33032,37312,33516,34148,32816,37332,34549,27384,31208,22740,34364,30564,36228,37083
32046,33317,32795,32743,32572,33032,37312,33516,34148,32816,37332,34549,27384,31208,22740,34364,30564,36228,37083
32047,33388,32889,32677,32679,33032,37312,33516,34148,32816,37332,34549,27384,31208,22740,34364,30564,36228,37083
32422,33109,32882,32598,32751,33032,37312,33516,34148,32816,37332,34549,27384,31208,22740,34364,30564,36228,37083
33186,33017,32873,32503,32621,33032,37312,33516,34148,32816,37332,34549,27384,31208,22740,34364,30564,36228,37083
33420,33494,32767,32623,32363,33032,37312,33516,34148,32816,37332,34549,27384,31208,22740,34364,30564,36228,37083
33104,33452,32942,32741,32893,33032,37312,33516,34148,32816,37332,34549,27384,31208,22740,34364,30564,36228,37083
32978,33647,33039,32741,33067,33032,37312,33516,34148,32816,37332,34549,27384,31208,22740,34364,30564,36228,37083
32898,33567,32831,32489,33087,33032,37312,33516,34148,32816,37332,34549,27384,31208,22740,34364,30564,36228,37083
32870,33067,32839,32351,32857,33208,37460,33373,34152,33240,37384,34512,27356,30969,22637,33816,27996,31944,37040
32765,33110,32731,32589,33111,33208,37460,33373,34152,33240,37384,34512,27356,30969,22637,33816,27996,31944,37040
32666,32423,32767,32584,33159,33208,37460,33373,34152,33240,37384,34512,27356,30969,22637,33816,27996,31944,37040
32333,31865,32846,32755,32775,33208,37460,33373,34152,33240,37384,34512,27356,30969,22637,33816,27996,31944,37040
32196,32559,32883,33211,32594,33208,37460,33373,34152,33240,37384,34512,27356,30969,22637,33816,27996,31944,37040
32539,32875,32791,33335,33262,33208,37460,33373,34152,33240,37384,34512,27356,30969,22637,33816,27996,31944,37040
32684,33159,32851,33151,33171,33208,37460,33373,34152,33240,37384,34512,27356,30969,22637,33816,27996,31944,37040
32843,32939,32952,33123,32674,33208,37460,33373,34152,33240,37384,34512,27356,30969,22637,33816,27996,31944,37040
32942,33132,33055,32993,32473,33208,37460,33373,34152,33240,37384,34512,27356,30969,22637,33816,27996,31944,37040
33143,32765,33055,32503,32763,33208,37460,33373,34152,33240,37384,34512,27356,30969,22637,33816,27996,31944,37040
33076,32969,32786,32531,32909,33240,37524,33080,34044,33556,37416,34172,27313,30700,22468,32284,28164,34186,36508
33055,33651,32839,32791,32308,33240,37524,33080,34044,33556,37416,34172,27313,30700,22468,32284,28164,34186,36508
33045,33333,32803,32719,32567,33240,37524,33080,34044,33556,37416,34172,27313,30700,22468,32284,28164,34186,36508
33033,33123,32763,32922,32594,33240,37524,33080,34044,33556,37416,34172,27313,30700,22468,32284,28164,34186,36508
32894,33263,32775,33119,32873,33240,37524,33080,34044,33556,37416,34172,27313,30700,22468,32284,28164,34186,36508
32172,32799,32907,33287,32775,33240,37524,33080,34044,33556,37416,34172,27313,30700,22468,32284,28164,34186,36508
32110,32775,32915,33031,32683,33240,37524,33080,34044,33556,37416,34172,27313,30700,22468,32284,28164,34186,36508
32491,32965,32873,33084,32610,33240,37524,33080,34044,33556,37416,34172,27313,30700,22468,32284,28164,34186,36508
32908,32557,32819,32895,32931,33240,37524,33080,34044,33556,37416,34172,27313,30700,22468,32284,28164,34186,36508
33199,32810,32799,33134,32563,33240,37524,33080,34044,33556,37416,34172,27313,30700,22468,32284,28164,34186,36508
33088,33359,32984,33239,32790,33050,37480,32800,34152,33472,37488,33800,27292,30512,23026,31742,30328,32202,31570
33202,32685,33071,32863,32935,33050,37480,32800,34152,33472,37488,33800,27292,30512,23026,31742,30328,32202,31570
32965,32994,32948,32647,33014,33050,37480,32800,34152,33472,37488,33800,27292,30512,23026,31742,30328,32202,31570
32854,33005,32927,32890,33023,33050,37480,32800,34152,33472,37488,33800,27292,30512,23026,31742,30328,32202,31570
32846,33339,32973,32667,32855,33050,37480,32800,34152,33472,37488,33800,27292,30512,23026,31742,30328,32202,31570
32852,33491,32875,32511,32775,33050,37480,32800,34152,33472,37488,33800,27292,30512,23026,31742,30328,32202,31570
32875,33150,32886,32635,32892,33050,37480,32800,34152,33472,37488,33800,27292,30512,23026,31742,30328,32202,31570
32865,33175,32855,32667,33015,33050,37480,32800,34152,33472,37488,33800,27292,30512,23026,31742,30328,32202,31570
32741,32726,32871,32707,32563,33050,37480,32800,34152,33472,37488,33800,27292,30512,23026,31742,30328,32202,31570
32681,32975,32863,32705,32639,33050,37480,32800,34152,33472,37488,33800,27292,30512,23026,31742,30328,32202,31570
32703,33337,32918,32855,32799,32880,37514,32528,34056,33154,37440,33484,27248,30797,22448,31640,30621,32286,29612
32574,32876,33055,32807,33069,32880,37514,32528,34056,33154,37440,33484,27248,30797,22448,31640,30621,32286,29612
32437,32994,33010,32555,32927,32880,37514,32528,34056,33154,37440,33484,27248,30797,22448,31640,30621,32286,29612
32226,33358,32850,32618,32858,32880,37514,32528,34056,33154,37440,33484,27248,30797,22448,31640,30621,32286,29612
32420,33134,32827,32709,32950,32880,37514,32528,34056,33154,37440,33484,27248,30797,22448,31640,30621,32286,29612
32596,33413,32830,32540,33083,32880,37514,32528,34056,33154,37440,33484,27248,30797,22448,31640,30621,32286,29612
32735,33111,32854,32711,32682,32880,37514,32528,34056,33154,37440,33484,27248,30797,22448,31640,30621,32286,29612
32878,33388,32915,32891,32752,32880,37514,32528,34056,33154,37440,33484,27248,30797,22448,31640,30621,32286,29612
33082,33207,32861,32882,33018,32880,37514,32528,34056,33154,37440,33484,27248,30797,22448,31640,30621,32286,29612
33071,33011,32921,33046,32935,32880,37514,32528,34056,33154,37440,33484,27248,30797,22448,31640,30621,32286,29612
33038,32788,32788,33015,32645,32728,37294,32270,34096,32824,37302,33202,27224,31024,22423,31560,30356,32308,29188
33028,32816,32699,32807,32755,32728,37294,32270,34096,32824,37302,33202,27224,31024,22423,31560,30356,32308,29188
32984,33435,32642,32858,32903,32728,37294,32270,34096,32824,37302,33202,27224,31024,22423,31560,30356,32308,29188
32871,33283,32679,32959,32981,32728,37294,32270,34096,32824,37302,33202,27224,31024,22423,31560,30356,32308,29188
32788,33285,32855,32886,32609,32728,37294,32270,34096,32824,37302,33202,27224,31024,22423,31560,30356,32308,29188
32699,32775,32742,32707,32659,32728,37294,32270,34096,32824,37302,33202,27224,31024,22423,31560,30356,32308,29188
32587,33103,32716,32883,32645,32728,37294,32270,34096,32824,37302,33202,27224,31024,22423,31560,30356,32308,29188
32323,32991,32770,32823,32487,32728,37294,32270,34096,32824,37302,33202,27224,31024,22423,31560,30356,32308,29188
32119,32671,32871,32745,32459,32728,37294,32270,34096,32824,37302,33202,27224,31024,22423,31560,30356,32308,29188
32244,33087,32898,32619,32297,32728,37294,32270,34096,32824,37302,33202,27224,31024,22423,31560,30356,32308,29188
32372,32750,32623,32471,32627,32452,37160,32352,34330,32459,37277,33204,27156,31112,23016,32241,28837,31200,31956
32687,32645,32551,32772,32885,32452,37160,32352,34330,32459,37277,33204,27156,31112,23016,32241,28837,31200,31956
32835,32962,32678,32767,32931,32452,37160,32352,34330,32459,37277,33204,27156,31112,23016,32241,28837,31200,31956
32775,32959,32830,32655,32863,32452,37160,32352,34330,32459,37277,33204,27156,31112,23016,32241,28837,31200,31956
32934,33395,32822,32943,32813,32452,37160,32352,34330,32459,37277,33204,27156,31112,23016,32241,28837,31200,31956
33060,33159,32847,32851,32631,32452,37160,32352,34330,32459,37277,33204,27156,31112,23016,32241,28837,31200,31956
33232,33327,32775,32775,32797,32452,37160,32352,34330,32459,37277,33204,27156,31112,23016,32241,28837,31200,31956
33187,33479,32732,32623,32738,32452,37160,32352,34330,32459,37277,33204,27156,31112,23016,32241,28837,31200,31956
32888,32957,32707,32518,33455,32452,37160,32352,34330,32459,37277,33204,27156,31112,23016,32241,28837,31200,31956
32901,33189,32663,32713,33095,32452,37160,32352,34330,32459,37277,33204,27156,31112,23016,32241,28837,31200,31956
32862,33174,32658,32927,32941,32268,36928,32420,34208,32200,37196,33388,27104,31192,23700,31060,28476,30920,30076
32730,32898,32642,32941,33113,32268,36928,32420,34208,32200,37196,33388,27104,31192,23700,31060,28476,30920,30076
32626,33114,32634,32891,32313,32268,36928,32420,34208,32200,37196,33388,27104,31192,23700,31060,28476,30920,30076
32672,32824,32703,32930,32851,32268,36928,32420,34208,32200,37196,33388,27104,31192,23700,31060,28476,30920,30076
32525,33109,32869,32917,32636,32268,36928,32420,34208,32200,37196,33388,27104,31192,23700,31060,28476,30920,30076
32453,32723,32847,32419,32453,32268,36928,32420,34208,32200,37196,33388,27104,31192,23700,31060,28476,30920,30076
32677,33134,32771,32466,33130,32268,36928,32420,34208,32200,37196,33388,27104,31192,23700,31060,28476,30920,30076
32877,32883,32752,32542,32879,32268,36928,32420,34208,32200,37196,33388,27104,31192,23700,31060,28476,30920,30076
32878,33154,32847,32702,32711,32268,36928,32420,34208,32200,37196,33388,27104,31192,23700,31060,28476,30920,30076
32815,32855,32723,32787,33007,32268,36928,32420,34208,32200,37196,33388,27104,31192,23700,31060,28476,30920,30076
32607,33233,32711,32899,32303,32244,36844,32372,34440,32168,37056,33620,27044,31360,23840,30076,28733,30792,30344
32470,33019,32600,32761,33311,32244,36844,32372,34440,32168,37056,33620,27044,31360,23840,30076,28733,30792,30344
32669,32884,32715,32665,33205,32244,36844,32372,34440,32168,37056,33620,27044,31360,23840,30076,28733,30792,30344
32765,33123,32694,32827,32430,32244,36844,32372,34440,32168,37056,33620,27044,31360,23840,30076,28733,30792,30344
32790,32996,32676,33098,38770,32244,36844,32372,34440,32168,37056,33620,27044,31360,23840,30076,28733,30792,30344
32984,33204,32633,33195,25868,32244,36844,32372,34440,32168,37056,33620,27044,31360,23840,30076,28733,30792,30344
33225,32914,32656,33069,33353,32244,36844,32372,34440,32168,37056,33620,27044,31360,23840,30076,28733,30792,30344
33424,32478,32733,33130,29902,32244,36844,32372,34440,32168,37056,33620,27044,31360,23840,30076,28733,30792,30344
33342,32685,32639,32901,29036,32244,36844,32372,34440,32168,37056,33620,27044,31360,23840,30076,28733,30792,30344
33044,32649,32607,32999,30623,32244,36844,32372,34440,32168,37056,33620,27044,31360,23840,30076,28733,30792,30344
32871,33104,32677,32894,36515,32001,37016,32284,34241,32228,37168,33808,26984,31498,24205,28884,32236,33848,30934
32802,32951,32851,32735,34841,32001,37016,32284,34241,32228,37168,33808,26984,31498,24205,28884,32236,33848,30934
32671,32919,32876,32605,33826,32001,37016,32284,34241,32228,37168,33808,26984,31498,24205,28884,32236,33848,30934
32588,33471,32863,32503,33799,32001,37016,32284,34241,32228,37168,33808,26984,31498,24205,28884,32236,33848,30934
32618,33283,32815,32367,31372,32001,37016,32284,34241,32228,37168,33808,26984,31498,24205,28884,32236,33848,30934
32616,33505,32799,32651,31999,32001,37016,32284,34241,32228,37168,33808,26984,31498,24205,28884,32236,33848,30934
32703,33363,32686,32479,32773,32001,37016,32284,34241,32228,37168,33808,26984,31498,24205,28884,32236,33848,30934
32815,33107,32631,32966,32570,32001,37016,32284,34241,32228,37168,33808,26984,31498,24205,28884,32236,33848,30934
32590,33309,32655,33249,32554,32001,37016,32284,34241,32228,37168,33808,26984,31498,24205,28884,32236,33848,30934
32556,33245,32634,33093,32034,32001,37016,32284,34241,32228,37168,33808,26984,31498,24205,28884,32236,33848,30934
32647,32883,32671,32914,33629,31780,37307,32432,34520,32268,37522,33916,26926,31608,24518,29561,32500,30326,28056
32514,33414,32730,32947,33362,31780,37307,32432,34520,32268,37522,33916,26926,31608,24518,29561,32500,30326,28056
32604,33127,32751,32735,34039,31780,37307,32432,34520,32268,37522,33916,26926,31608,24518,29561,32500,30326,28056
32726,33035,32895,32473,33935,31780,37307,32432,34520,32268,37522,33916,26926,31608,24518,29561,32500,30326,28056
32782,33318,32843,32471,31487,31780,37307,32432,34520,32268,37522,33916,26926,31608,24518,29561,32500,30326,28056
32803,33166,32735,32743,32617,31780,37307,32432,34520,32268,37522,33916,26926,31608,24518,29561,32500,30326,28056
32768,33223,32848,32829,33039,31780,37307,32432,34520,32268,37522,33916,26926,31608,24518,29561,32500,30326,28056
32811,33087,32850,32886,30221,31780,37307,32432,34520,32268,37522,33916,26926,31608,24518,29561,32500,30326,28056
32722,33119,32789,32769,32960,31780,37307,32432,34520,32268,37522,33916,26926,31608,24518,29561,32500,30326,28056
32667,32935,32865,32533,32624,31780,37307,32432,34520,32268,37522,33916,26926,31608,24518,29561,32500,30326,28056
32576,33119,33007,33104,30340,31732,37471,32684,34484,32260,37629,34116,26864,31553,26248,27716,30376,29234,26168
32616,32861,32863,33162,34512,31732,37471,32684,34484,32260,37629,34116,26864,31553,26248,27716,30376,29234,26168
32638,33415,32735,32749,32374,31732,37471,32684,34484,32260,37629,34116,26864,31553,26248,27716,30376,29234,26168
32666,33045,32685,32681,32263,31732,37471,32684,34484,32260,37629,34116,26864,31553,26248,27716,30376,29234,26168
32815,33415,32698,32879,33366,31732,37471,32684,34484,32260,37629,34116,26864,31553,26248,27716,30376,29234,26168
32720,33077,32755,32738,32247,31732,37471,32684,34484,32260,37629,34116,26864,31553,26248,27716,30376,29234,26168
32762,32807,32875,32674,33931,31732,37471,32684,34484,32260,37629,34116,26864,31553,26248,27716,30376,29234,26168
32818,33102,32815,32707,33475,31732,37471,32684,34484,32260,37629,34116,26864,31553,26248,27716,30376,29234,26168
32839,32946,32615,32842,32386,31732,37471,32684,34484,32260,37629,34116,26864,31553,26248,27716,30376,29234,26168
32802,33242,32638,32929,34295,31732,37471,32684,34484,32260,37629,34116,26864,31553,26248,27716,30376,29234,26168
32754,32941,32758,32607,32443,31656,37664,32892,34320,32260,37652,34194,26857,31498,28187,26696,31328,29016,25944
32734,32956,32787,32539,32271,31656,37664,32892,34320,32260,37652,34194,26857,31498,28187,26696,31328,29016,25944
32793,32893,32658,32953,32390,31656,37664,32892,34320,32260,37652,34194,26857,31498,28187,26696,31328,29016,25944
32802,33103,32699,32864,31699,31656,37664,32892,34320,32260,37652,34194,26857,31498,28187,26696,31328,29016,25944
32834,33183,32787,32837,32207,31656,37664,32892,34320,32260,37652,34194,26857,31498,28187,26696,31328,29016,25944
32850,33106,32873,32933,33277,31656,37664,32892,34320,32260,37652,34194,26857,31498,28187,26696,31328,29016,25944
32886,33487,32787,32871,32179,31656,37664,32892,34320,32260,37652,34194,26857,31498,28187,26696,31328,29016,25944
32840,33166,32813,32549,33977,31656,37664,32892,34320,32260,37652,34194,26857,31498,28187,26696,31328,29016,25944
32617,33333,32768,32735,32427,31656,37664,32892,34320,32260,37652,34194,26857,31498,28187,26696,31328,29016,25944
31937,32934,32791,32890,32125,31656,37664,32892,34320,32260,37652,34194,26857,31498,28187,26696,31328,29016,25944
31768,33206,32690,32876,33614,31592,37520,33032,34516,32054,37562,34402,26792,31372,29739,24770,31170,28173,25780
32174,33104,32691,32694,31542,31592,37520,33032,34516,32054,37562,34402,26792,31372,29739,24770,31170,28173,25780
32653,32871,32683,32815,32323,31592,37520,33032,34516,32054,37562,34402,26792,31372,29739,24770,31170,28173,25780
32654,33050,32686,33053,32713,31592,37520,33032,34516,32054,37562,34402,26792,31372,29739,24770,31170,28173,25780
33012,33001,32604,32818,31843,31592,37520,33032,34516,32054,37562,34402,26792,31372,29739,24770,31170,28173,25780
33508,33018,32654,32729,33364,31592,37520,33032,34516,32054,37562,34402,26792,31372,29739,24770,31170,28173,25780
33667,32911,32762,32927,32772,31592,37520,33032,34516,32054,37562,34402,26792,31372,29739,24770,31170,28173,25780
33313,33086,32910,32827,33919,31592,37520,33032,34516,32054,37562,34402,26792,31372,29739,24770,31170,28173,25780
33078,32915,32951,32687,33369,31592,37520,33032,34516,32054,37562,34402,26792,31372,29739,24770,31170,28173,25780
32705,33099,32833,32775,33126,31592,37520,33032,34516,32054,37562,34402,26792,31372,29739,24770,31170,28173,25780
32660,32819,32850,32965,33423,31492,37480,33352,34416,31844,37450,34656,26728,30901,30754,24641,30764,26861,23986
32696,33146,32933,32878,32519,31492,37480,33352,34416,31844,37450,34656,26728,30901,30754,24641,30764,26861,23986
32762,32971,32881,32806,32543,31492,37480,33352,34416,31844,37450,34656,26728,30901,30754,24641,30764,26861,23986
32823,32701,32791,32723,32631,31492,37480,33352,34416,31844,37450,34656,26728,30901,30754,24641,30764,26861,23986
32822,33138,32803,32842,32711,31492,37480,33352,34416,31844,37450,34656,26728,30901,30754,24641,30764,26861,23986
32856,32914,32785,33107,33388,31492,37480,33352,34416,31844,37450,34656,26728,30901,30754,24641,30764,26861,23986
32782,33164,32819,32933,31714,31492,37480,33352,34416,31844,37450,34656,26728,30901,30754,24641,30764,26861,23986
32752,32955,32873,32718,33823,31492,37480,33352,34416,31844,37450,34656,26728,30901,30754,24641,30764,26861,23986
32600,32933,32864,32731,32599,31492,37480,33352,34416,31844,37450,34656,26728,30901,30754,24641,30764,26861,23986
32628,33267,32873,32891,32626,31492,37480,33352,34416,31844,37450,34656,26728,30901,30754,24641,30764,26861,23986
32565,33015,33003,32746,33903,31576,37374,33784,34506,31776,37488,34838,26752,30433,32536,23912,31294,27576,24076
32582,33394,32998,32567,31975,31576,37374,33784,34506,31776,37488,34838,26752,30433,32536,23912,31294,27576,24076
32704,33125,32897,32633,33007,31576,37374,33784,34506,31776,37488,34838,26752,30433,32536,23912,31294,27576,24076
32797,32882,32839,32815,32822,31576,37374,33784,34506,31776,37488,34838,26752,30433,32536,23912,31294,27576,24076
32676,33382,32789,32765,31922,31576,37374,33784,34506,31776,37488,34838,26752,30433,32536,23912,31294,27576,24076
32693,32903,32731,32749,33811,31576,37374,33784,34506,31776,37488,34838,26752,30433,32536,23912,31294,27576,24076
32694,33167,32691,32771,32645,31576,37374,33784,34506,31776,37488,34838,26752,30433,32536,23912,31294,27576,24076
32579,33058,32709,32775,32519,31576,37374,33784,34506,31776,37488,34838,26752,30433,32536,23912,31294,27576,24076
32611,32868,32643,32836,33059,31576,37374,33784,34506,31776,37488,34838,26752,30433,32536,23912,31294,27576,24076
32669,33135,32717,32701,31442,31576,37374,33784,34506,31776,37488,34838,26752,30433,32536,23912,31294,27576,24076
32749,32954,32667,32762,33658,31682,37420,34212,34352,31728,37436,35192,26704,30112,33624,24453,32064,25680,24112
32763,32867,32715,32975,32346,31682,37420,34212,34352,31728,37436,35192,26704,30112,33624,24453,32064,25680,24112
32859,33231,32681,33207,31655,31682,37420,34212,34352,31728,37436,35192,26704,30112,33624,24453,32064,25680,24112
32873,33059,32717,33059,33475,31682,37420,34212,34352,31728,37436,35192,26704,30112,33624,24453,32064,25680,24112
32922,33065,32763,32822,31635,31682,37420,34212,34352,31728,37436,35192,26704,30112,33624,24453,32064,25680,24112
32775,33051,32861,32678,32192,31682,37420,34212,34352,31728,37436,35192,26704,30112,33624,24453,32064,25680,24112
32658,32828,32763,32758,34059,31682,37420,34212,34352,31728,37436,35192,26704,30112,33624,24453,32064,25680,24112
32660,33202,32739,32643,32623,31682,37420,34212,34352,31728,37436,35192,26704,30112,33624,24453,32064,25680,24112
32561,32871,32797,32615,32899,31682,37420,34212,34352,31728,37436,35192,26704,30112,33624,24453,32064,25680,24112
32646,33225,32755,32602,33170,31682,37420,34212,34352,31728,37436,35192,26704,30112,33624,24453,32064,25680,24112
32773,32967,32691,32679,31955,31856,37464,34356,34560,31724,37308,35558,26672,29988,34540,24696,33006,25742,25540
32797,33159,32797,32599,33045,31856,37464,34356,34560,31724,37308,35558,26672,29988,34540,24696,33006,25742,25540
32797,33213,32839,32626,32671,31856,37464,34356,34560,31724,37308,35558,26672,29988,34540,24696,33006,25742,25540
32850,33025,32857,32921,33061,31856,37464,34356,34560,31724,37308,35558,26672,29988,34540,24696,33006,25742,25540
32988,33219,32864,32810,34173,31856,37464,34356,34560,31724,37308,35558,26672,29988,34540,24696,33006,25742,25540
33083,33029,32723,32790,32993,31856,37464,34356,34560,31724,37308,35558,26672,29988,34540,24696,33006,25742,25540
33058,33235,32625,32983,32742,31856,37464,34356,34560,31724,37308,35558,26672,29988,34540,24696,33006,25742,25540
32907,32979,32641,33039,32658,31856,37464,34356,34560,31724,37308,35558,26672,29988,34540,24696,33006,25742,25540
32788,33253,32678,32846,31868,31856,37464,34356,34560,31724,37308,35558,26672,29988,34540,24696,33006,25742,25540
32958,32962,32711,32762,32866,31856,37464,34356,34560,31724,37308,35558,26672,29988,34540,24696,33006,25742,25540
32994,33055,32718,32975,32550,32280,37600,34401,34492,31876,37202,35717,26580,29792,33861,24688,30700,24611,24292
32827,33223,32757,32963,32915,32280,37600,34401,34492,31876,37202,35717,26580,29792,33861,24688,30700,24611,24292
32902,33101,32767,32659,33146,32280,37600,34401,34492,31876,37202,35717,26580,29792,33861,24688,30700,24611,24292
32943,33362,32722,32610,32311,32280,37600,34401,34492,31876,37202,35717,26580,29792,33861,24688,30700,24611,24292
33008,33083,32763,32743,33186,32280,37600,34401,34492,31876,37202,35717,26580,29792,33861,24688,30700,24611,24292
33058,33419,32735,32765,32433,32280,37600,34401,34492,31876,37202,35717,26580,29792,33861,24688,30700,24611,24292
32882,33099,32669,32599,32641,32280,37600,34401,34492,31876,37202,35717,26580,29792,33861,24688,30700,24611,24292
32768,32839,32739,32795,32829,32280,37600,34401,34492,31876,37202,35717,26580,29792,33861,24688,30700,24611,24292
32594,33072,32775,32794,32762,32280,37600,34401,34492,31876,37202,35717,26580,29792,33861,24688,30700,24611,24292
32635,32979,32752,32534,33399,32280,37600,34401,34492,31876,37202,35717,26580,29792,33861,24688,30700,24611,24292
32702,33278,32797,32655,32981,32516,37560,34376,34432,32192,37246,35764,26722,29392,33332,25266,30957,25562,23748
32775,32942,32892,32919,32851,32516,37560,34376,34432,32192,37246,35764,26722,29392,33332,25266,30957,25562,23748
32856,33249,32884,32771,33143,32516,37560,34376,34432,32192,37246,35764,26722,29392,33332,25266,30957,25562,23748
32882,32882,32885,32765,32611,32516,37560,34376,34432,32192,37246,35764,26722,29392,33332,25266,30957,25562,23748
32858,33118,32947,32824,32675,32516,37560,34376,34432,32192,37246,35764,26722,29392,33332,25266,30957,25562,23748
32798,32950,32895,32963,32809,32516,37560,34376,34432,32192,37246,35764,26722,29392,33332,25266,30957,25562,23748
32850,33159,32901,32939,32301,32516,37560,34376,34432,32192,37246,35764,26722,29392,33332,25266,30957,25562,23748
32853,33123,32967,32763,33073,32516,37560,34376,34432,32192,37246,35764,26722,29392,33332,25266,30957,25562,23748
32792,32853,32950,32967,32640,32516,37560,34376,34432,32192,37246,35764,26722,29392,33332,25266,30957,25562,23748
32711,33081,33006,32815,33099,32516,37560,34376,34432,32192,37246,35764,26722,29392,33332,25266,30957,25562,23748
32623,32859,32975,32359,33391,32668,37792,34218,34530,32462,37440,35584,26633,29113,33064,25940,30961,24942,24508
32642,33202,32983,32243,33016,32668,37792,34218,34530,32462,37440,35584,26633,29113,33064,25940,30961,24942,24508
32633,32969,32946,32670,32677,32668,37792,34218,34530,32462,37440,35584,26633,29113,33064,25940,30961,24942,24508
32721,33319,32835,32802,33063,32668,37792,34218,34530,32462,37440,35584,26633,29113,33064,25940,30961,24942,24508
32768,33127,32766,32783,32302,32668,37792,34218,34530,32462,37440,35584,26633,29113,33064,25940,30961,24942,24508
32831,32921,32775,32799,32831,32668,37792,34218,34530,32462,37440,35584,26633,29113,33064,25940,30961,24942,24508
32870,33283,32789,33155,33009,32668,37792,34218,34530,32462,37440,35584,26633,29113,33064,25940,30961,24942,24508
32860,32985,32748,33703,32487,32668,37792,34218,34530,32462,37440,35584,26633,29113,33064,25940,30961,24942,24508
32804,32903,32908,33506,33159,32668,37792,34218,34530,32462,37440,35584,26633,29113,33064,25940,30961,24942,24508
32825,33223,32895,33017,32807,32668,37792,34218,34530,32462,37440,35584,26633,29113,33064,25940,30961,24942,24508
32856,32877,32927,32970,33115,32792,38032,34136,34376,32596,37668,35484,26745,29090,32542,25972,30586,24888,23672
32846,33227,32988,33089,33383,32792,38032,34136,34376,32596,37668,35484,26745,29090,32542,25972,30586,24888,23672
32928,33095,32988,33055,32803,32792,38032,34136,34376,32596,37668,35484,26745,29090,32542,25972,30586,24888,23672
32920,33081,33047,33030,32978,32792,38032,34136,34376,32596,37668,35484,26745,29090,32542,25972,30586,24888,23672
32818,33046,32964,32624,32203,32792,38032,34136,34376,32596,37668,35484,26745,29090,32542,25972,30586,24888,23672
32794,32833,32951,32596,32786,32792,38032,34136,34376,32596,37668,35484,26745,29090,32542,25972,30586,24888,23672
32832,33298,32979,32667,31811,32792,38032,34136,34376,32596,37668,35484,26745,29090,32542,25972,30586,24888,23672
32721,33147,32976,32761,33427,32792,38032,34136,34376,32596,37668,35484,26745,29090,32542,25972,30586,24888,23672
32639,32951,32854,32685,31551,32792,38032,34136,34376,32596,37668,35484,26745,29090,32542,25972,30586,24888,23672
32754,33389,32863,32955,34399,32792,38032,34136,34376,32596,37668,35484,26745,29090,32542,25972,30586,24888,23672
32760,33211,32911,33303,32009,32932,38290,34028,34348,32546,37704,35352,26684,29213,32264,25150,31588,24905,25304
32701,33102,32914,33127,33543,32932,38290,34028,34348,32546,37704,35352,26684,29213,32264,25150,31588,24905,25304
32577,33239,32919,32844,32223,32932,38290,34028,34348,32546,37704,35352,26684,29213,32264,25150,31588,24905,25304
32642,32883,32890,32546,32291,32932,38290,34028,34348,32546,37704,35352,26684,29213,32264,25150,31588,24905,25304
32774,33121,32815,32486,33145,32932,38290,34028,34348,32546,37704,35352,26684,29213,32264,25150,31588,24905,25304
32946,32747,32771,32603,32541,32932,38290,34028,34348,32546,37704,35352,26684,29213,32264,25150,31588,24905,25304
32898,33038,32655,32682,33330,32932,38290,34028,34348,32546,37704,35352,26684,29213,32264,25150,31588,24905,25304
32770,32991,32675,32423,32541,32932,38290,34028,34348,32546,37704,35352,26684,29213,32264,25150,31588,24905,25304
32709,32791,32660,32556,33391,32932,38290,34028,34348,32546,37704,35352,26684,29213,32264,25150,31588,24905,25304
32747,33227,32726,32983,32094,32932,38290,34028,34348,32546,37704,35352,26684,29213,32264,25150,31588,24905,25304
32767,32909,32737,32999,33485,33037,38168,34000,34360,32580,37610,35256,26770,29417,32124,25325,33742,24328,27512
32770,33237,32659,32805,32067,33037,38168,34000,34360,32580,37610,35256,26770,29417,32124,25325,33742,24328,27512
32904,33105,32763,32983,32911,33037,38168,34000,34360,32580,37610,35256,26770,29417,32124,25325,33742,24328,27512
32832,33114,32807,32886,32871,33037,38168,34000,34360,32580,37610,35256,26770,29417,32124,25325,33742,24328,27512
32581,33115,32772,32795,32314,33037,38168,34000,34360,32580,37610,35256,26770,29417,32124,25325,33742,24328,27512
32453,32732,32734,32775,33479,33037,38168,34000,34360,32580,37610,35256,26770,29417,32124,25325,33742,24328,27512
32513,33135,32599,32891,33104,33037,38168,34000,34360,32580,37610,35256,26770,29417,32124,25325,33742,24328,27512
32547,32835,32591,32793,32203,33037,38168,34000,34360,32580,37610,35256,26770,29417,32124,25325,33742,24328,27512
32635,33195,32710,32547,33571,33037,38168,34000,34360,32580,37610,35256,26770,29417,32124,25325,33742,24328,27512
32742,32910,32831,32775,32517,33037,38168,34000,34360,32580,37610,35256,26770,29417,32124,25325,33742,24328,27512
32811,33081,32869,33067,32993,33108,37896,33940,34562,32673,37420,35226,26770,30005,31354,24772,33186,24036,26568
32743,33159,32838,33140,34217,33108,37896,33940,34562,32673,37420,35226,26770,30005,31354,24772,33186,24036,26568
32861,32886,32756,32739,31367,33108,37896,33940,34562,32673,37420,35226,26770,30005,31354,24772,33186,24036,26568
32917,33172,32727,32690,34617,33108,37896,33940,34562,32673,37420,35226,26770,30005,31354,24772,33186,24036,26568
32976,33034,32706,32763,31643,33108,37896,33940,34562,32673,37420,35226,26770,30005,31354,24772,33186,24036,26568
32873,32873,32671,32837,33255,33108,37896,33940,34562,32673,37420,35226,26770,30005,31354,24772,33186,24036,26568
32729,33066,32679,32813,33047,33108,37896,33940,34562,32673,37420,35226,26770,30005,31354,24772,33186,24036,26568
32716,32957,32706,32775,31624,33108,37896,33940,34562,32673,37420,35226,26770,30005,31354,24772,33186,24036,26568
32480,32681,32743,32815,33780,33108,37896,33940,34562,32673,37420,35226,26770,30005,31354,24772,33186,24036,26568
32456,33030,32775,32763,32116,33108,37896,33940,34562,32673,37420,35226,26770,30005,31354,24772,33186,24036,26568
32338,32903,32741,32959,33221,33112,37568,33828,34352,32824,37216,35088,26826,29962,30512,23400,30408,23838,28080
32312,32839,32707,32745,32283,33112,37568,33828,34352,32824,37216,35088,26826,29962,30512,23400,30408,23838,28080
32367,33090,32744,32787,32479,33112,37568,33828,34352,32824,37216,35088,26826,29962,30512,23400,30408,23838,28080
32548,32706,32714,32895,33378,33112,37568,33828,34352,32824,37216,35088,26826,29962,30512,23400,30408,23838,28080
32645,33083,32715,32775,31735,33112,37568,33828,34352,32824,37216,35088,26826,29962,30512,23400,30408,23838,28080
32651,32871,32699,32663,33707,33112,37568,33828,34352,32824,37216,35088,26826,29962,30512,23400,30408,23838,28080
32764,32937,32634,32775,32021,33112,37568,33828,34352,32824,37216,35088,26826,29962,30512,23400,30408,23838,28080
32925,33159,32443,32711,32896,33112,37568,33828,34352,32824,37216,35088,26826,29962,30512,23400,30408,23838,28080
32968,33063,32314,32483,33093,33112,37568,33828,34352,32824,37216,35088,26826,29962,30512,23400,30408,23838,28080
32942,33368,32278,32475,32155,33112,37568,33828,34352,32824,37216,35088,26826,29962,30512,23400,30408,23838,28080
32812,33109,32315,32551,33324,33128,37328,33774,34568,32984,37010,34996,26838,29814,30880,22366,30956,25068,27376
32855,33394,32386,32479,32284,33128,37328,33774,34568,32984,37010,34996,26838,29814,30880,22366,30956,25068,27376
32917,33292,32433,32881,33370,33128,37328,33774,34568,32984,37010,34996,26838,29814,30880,22366,30956,25068,27376
32944,33273,32504,33129,32659,33128,37328,33774,34568,32984,37010,34996,26838,29814,30880,22366,30956,25068,27376
32922,33343,32634,32818,33558,33128,37328,33774,34568,32984,37010,34996,26838,29814,30880,22366,30956,25068,27376
32991,33085,32690,32619,32639,33128,37328,33774,34568,32984,37010,34996,26838,29814,30880,22366,30956,25068,27376
32815,33507,32787,32890,33055,33128,37328,33774,34568,32984,37010,34996,26838,29814,30880,22366,30956,25068,27376
32726,33324,32868,32975,32514,33128,37328,33774,34568,32984,37010,34996,26838,29814,30880,22366,30956,25068,27376
32640,33062,32937,32760,32759,33128,37328,33774,34568,32984,37010,34996,26838,29814,30880,22366,30956,25068,27376
32658,33364,33059,32711,33589,33128,37328,33774,34568,32984,37010,34996,26838,29814,30880,22366,30956,25068,27376
32602,33359,33081,32869,31803,33122,37116,33678,34517,33114,36904,34840,26922,29416,30856,20992,29672,24005,28047
32580,32999,33155,32775,33609,33122,37116,33678,34517,33114,36904,34840,26922,29416,30856,20992,29672,24005,28047
32521,33095,33135,32787,31717,33122,37116,33678,34517,33114,36904,34840,26922,29416,30856,20992,29672,24005,28047
32570,33309,33051,32929,32676,33122,37116,33678,34517,33114,36904,34840,26922,29416,30856,20992,29672,24005,28047
32643,32931,33023,32950,32871,33122,37116,33678,34517,33114,36904,34840,26922,29416,30856,20992,29672,24005,28047
32676,33043,32764,33037,32535,33122,37116,33678,34517,33114,36904,34840,26922,29416,30856,20992,29672,24005,28047
32699,33319,32743,32757,33046,33122,37116,33678,34517,33114,36904,34840,26922,29416,30856,20992,29672,24005,28047
32702,33053,32838,32723,32691,33122,37116,33678,34517,33114,36904,34840,26922,29416,30856,20992,29672,24005,28047
32658,33055,33055,32760,31999,33122,37116,33678,34517,33114,36904,34840,26922,29416,30856,20992,29672,24005,28047
32722,33223,33127,32727,33025,33122,37116,33678,34517,33114,36904,34840,26922,29416,30856,20992,29672,24005,28047
32770,32990,33102,32662,32275,33080,37060,33594,34540,33080,36888,34766,26962,28978,31068,20532,29994,23950,26521
32804,32933,33099,32696,33046,33080,37060,33594,34540,33080,36888,34766,26962,28978,31068,20532,29994,23950,26521
32863,33127,32957,32747,32835,33080,37060,33594,34540,33080,36888,34766,26962,28978,31068,20532,29994,23950,26521
32854,33157,32959,32691,32959,33080,37060,33594,34540,33080,36888,34766,26962,28978,31068,20532,29994,23950,26521
32794,32871,32857,32761,32461,33080,37060,33594,34540,33080,36888,34766,26962,28978,31068,20532,29994,23950,26521
32863,33166,32895,32837,32759,33080,37060,33594,34540,33080,36888,34766,26962,28978,31068,20532,29994,23950,26521
32896,33129,32951,32827,32238,33080,37060,33594,34540,33080,36888,34766,26962,28978,31068,20532,29994,23950,26521
32867,32947,32903,32774,33851,33080,37060,33594,34540,33080,36888,34766,26962,28978,31068,20532,29994,23950,26521
32932,33251,32755,32742,32290,33080,37060,33594,34540,33080,36888,34766,26962,28978,31068,20532,29994,23950,26521
32890,33063,32599,32674,33023,33080,37060,33594,34540,33080,36888,34766,26962,28978,31068,20532,29994,23950,26521
32866,32995,32519,32849,33747,33147,37180,33492,34592,33096,36908,34660,26994,28903,31222,21297,32048,24076,25392
32879,33223,32570,32875,32161,33147,37180,33492,34592,33096,36908,34660,26994,28903,31222,21297,32048,24076,25392
32804,32908,32539,32718,33822,33147,37180,33492,34592,33096,36908,34660,26994,28903,31222,21297,32048,24076,25392
32820,33158,32534,32623,32455,33147,37180,33492,34592,33096,36908,34660,26994,28903,31222,21297,32048,24076,25392
32833,32911,32608,32775,32473,33147,37180,33492,34592,33096,36908,34660,26994,28903,31222,21297,32048,24076,25392
32868,32807,32687,32957,33391,33147,37180,33492,34592,33096,36908,34660,26994,28903,31222,21297,32048,24076,25392
32934,32783,32696,32930,32466,33147,37180,33492,34592,33096,36908,34660,26994,28903,31222,21297,32048,24076,25392
32923,32891,32707,32814,33043,33147,37180,33492,34592,33096,36908,34660,26994,28903,31222,21297,32048,24076,25392
32935,33247,32727,32772,33543,33147,37180,33492,34592,33096,36908,34660,26994,28903,31222,21297,32048,24076,25392
32832,33037,32729,32943,32095,33147,37180,33492,34592,33096,36908,34660,26994,28903,31222,21297,32048,24076,25392
32739,33312,32751,32827,32999,33172,37152,33272,34380,33032,36937,34472,27008,28900,30874,21552,29710,23831,22897
32723,32855,32770,32651,33198,33172,37152,33272,34380,33032,36937,34472,27008,28900,30874,21552,29710,23831,22897
32710,33143,32873,32919,31253,33172,37152,33272,34380,33032,36937,34472,27008,28900,30874,21552,29710,23831,22897
32677,32741,32901,32864,34183,33172,37152,33272,34380,33032,36937,34472,27008,28900,30874,21552,29710,23831,22897
32756,33082,32839,32864,31941,33172,37152,33272,34380,33032,36937,34472,27008,28900,30874,21552,29710,23831,22897
32770,32759,32890,33014,32835,33172,37152,33272,34380,33032,36937,34472,27008,28900,30874,21552,29710,23831,22897
32805,33015,32775,33039,34051,33172,37152,33272,34380,33032,36937,34472,27008,28900,30874,21552,29710,23831,22897
32883,32950,32770,32743,31103,33172,37152,33272,34380,33032,36937,34472,27008,28900,30874,21552,29710,23831,22897
32854,32886,32763,32933,34151,33172,37152,33272,34380,33032,36937,34472,27008,28900,30874,21552,29710,23831,22897
32848,32927,32775,32655,32335,33172,37152,33272,34380,33032,36937,34472,27008,28900,30874,21552,29710,23831,22897
32732,32805,32799,32469,33062,33168,37088,33184,34529,32968,36970,34312,27072,28892,30766,21959,29605,25432,23908
32830,33137,32767,32815,33341,33168,37088,33184,34529,32968,36970,34312,27072,28892,30766,21959,29605,25432,23908
32758,33095,32811,32581,32602,33168,37088,33184,34529,32968,36970,34312,27072,28892,30766,21959,29605,25432,23908
32710,33111,32857,32655,32890,33168,37088,33184,34529,32968,36970,34312,27072,28892,30766,21959,29605,25432,23908
32798,33088,32903,32711,33471,33168,37088,33184,34529,32968,36970,34312,27072,28892,30766,21959,29605,25432,23908
32789,33373,32795,32879,31714,33168,37088,33184,34529,32968,36970,34312,27072,28892,30766,21959,29605,25432,23908
32803,32981,32823,32624,33785,33168,37088,33184,34529,32968,36970,34312,27072,28892,30766,21959,29605,25432,23908
32759,33074,32839,32747,32771,33168,37088,33184,34529,32968,36970,34312,27072,28892,30766,21959,29605,25432,23908
32781,32921,32813,32577,31615,33168,37088,33184,34529,32968,36970,34312,27072,28892,30766,21959,29605,25432,23908
32738,33425,32895,32314,34615,33168,37088,33184,34529,32968,36970,34312,27072,28892,30766,21959,29605,25432,23908
32802,33261,32768,32705,31327,33120,37108,33097,34392,32948,37020,34178,27160,28942,30334,22484,29998,24196,23129
32729,33037,32734,32827,33559,33120,37108,33097,34392,32948,37020,34178,27160,28942,30334,22484,29998,24196,23129
32669,33479,32670,33519,32543,33120,37108,33097,34392,32948,37020,34178,27160,28942,30334,22484,29998,24196,23129
32654,33139,32708,33546,32095,33120,37108,33097,34392,32948,37020,34178,27160,28942,30334,22484,29998,24196,23129
32675,32695,32715,32887,33351,33120,37108,33097,34392,32948,37020,34178,27160,28942,30334,22484,29998,24196,23129
32790,33054,32743,32429,32478,33120,37108,33097,34392,32948,37020,34178,27160,28942,30334,22484,29998,24196,23129
32839,32871,32774,32327,32572,33120,37108,33097,34392,32948,37020,34178,27160,28942,30334,22484,29998,24196,23129
32775,33202,32826,32473,33151,33120,37108,33097,34392,32948,37020,34178,27160,28942,30334,22484,29998,24196,23129
32741,33199,32847,32543,32446,33120,37108,33097,34392,32948,37020,34178,27160,28942,30334,22484,29998,24196,23129
32810,32989,32749,32477,33087,33120,37108,33097,34392,32948,37020,34178,27160,28942,30334,22484,29998,24196,23129
32903,32935,32662,32446,32879,33155,37144,33064,34596,32930,37100,34181,27128,28708,30076,23660,31476,23956,24552
32955,33154,32711,32655,32511,33155,37144,33064,34596,32930,37100,34181,27128,28708,30076,23660,31476,23956,24552
32927,33115,32686,33622,32995,33155,37144,33064,34596,32930,37100,34181,27128,28708,30076,23660,31476,23956,24552
32775,32839,32687,34163,32707,33155,37144,33064,34596,32930,37100,34181,27128,28708,30076,23660,31476,23956,24552
32684,33230,32722,34043,32482,33155,37144,33064,34596,32930,37100,34181,27128,28708,30076,23660,31476,23956,24552
32688,32983,32767,33307,33129,33155,37144,33064,34596,32930,37100,34181,27128,28708,30076,23660,31476,23956,24552
32717,32704,32795,32803,32871,33155,37144,33064,34596,32930,37100,34181,27128,28708,30076,23660,31476,23956,24552
32594,33053,32807,32721,32009,33155,37144,33064,34596,32930,37100,34181,27128,28708,30076,23660,31476,23956,24552
32539,33019,32807,32671,34103,33155,37144,33064,34596,32930,37100,34181,27128,28708,30076,23660,31476,23956,24552
32574,32937,32759,32575,31874,33155,37144,33064,34596,32930,37100,34181,27128,28708,30076,23660,31476,23956,24552
32618,32893,32791,32498,33340,33218,37336,33024,34368,32946,37166,34304,27194,28452,29672,23744,28962,25999,24684
32618,33173,32711,32543,32773,33218,37336,33024,34368,32946,37166,34304,27194,28452,29672,23744,28962,25999,24684
32692,33285,32689,32673,31680,33218,37336,33024,34368,32946,37166,34304,27194,28452,29672,23744,28962,25999,24684
32834,33303,32715,32603,33987,33218,37336,33024,34368,32946,37166,34304,27194,28452,29672,23744,28962,25999,24684
32750,32983,32698,32519,32293,33218,37336,33024,34368,32946,37166,34304,27194,28452,29672,23744,28962,25999,24684
32860,33462,32706,32387,32535,33218,37336,33024,34368,32946,37166,34304,27194,28452,29672,23744,28962,25999,24684
32917,33199,32774,32404,33471,33218,37336,33024,34368,32946,37166,34304,27194,28452,29672,23744,28962,25999,24684
32883,33036,32774,32569,31597,33218,37336,33024,34368,32946,37166,34304,27194,28452,29672,23744,28962,25999,24684
32858,33286,32871,32821,33541,33218,37336,33024,34368,32946,37166,34304,27194,28452,29672,23744,28962,25999,24684
32841,33249,32811,33055,32884,33218,37336,33024,34368,32946,37166,34304,27194,28452,29672,23744,28962,25999,24684
32797,33011,32807,32947,32402,33324,37544,33074,34592,33060,37280,34416,27248,28488,29274,23662,28892,25491,25202
32783,33247,32812,32983,34154,33324,37544,33074,34592,33060,37280,34416,27248,28488,29274,23662,28892,25491,25202
32740,33174,32789,33004,31837,33324,37544,33074,34592,33060,37280,34416,27248,28488,29274,23662,28892,25491,25202
32757,32943,32749,32939,33567,33324,37544,33074,34592,33060,37280,34416,27248,28488,29274,23662,28892,25491,25202
32610,33403,32811,32909,32722,33324,37544,33074,34592,33060,37280,34416,27248,28488,29274,23662,28892,25491,25202
32528,33117,32743,32937,32228,33324,37544,33074,34592,33060,37280,34416,27248,28488,29274,23662,28892,25491,25202
32415,32997,32806,32919,33541,33324,37544,33074,34592,33060,37280,34416,27248,28488,29274,23662,28892,25491,25202
32428,33390,32846,32866,32111,33324,37544,33074,34592,33060,37280,34416,27248,28488,29274,23662,28892,25491,25202
32738,33037,32770,32655,33039,33324,37544,33074,34592,33060,37280,34416,27248,28488,29274,23662,28892,25491,25202
32870,33321,32805,32622,32679,33324,37544,33074,34592,33060,37280,34416,27248,28488,29274,23662,28892,25491,25202
32887,33164,32819,32683,32278,33434,37664,33164,34444,33200,37322,34540,27264,28613,28842,23493,30624,24880,26200
32848,32991,32882,32705,32802,33434,37664,33164,34444,33200,37322,34540,27264,28613,28842,23493,30624,24880,26200
32882,33135,32898,32523,32578,33434,37664,33164,34444,33200,37322,34540,27264,28613,28842,23493,30624,24880,26200
32759,32858,32802,32565,32907,33434,37664,33164,34444,33200,37322,34540,27264,28613,28842,23493,30624,24880,26200
32854,33236,32751,32887,32987,33434,37664,33164,34444,33200,37322,34540,27264,28613,28842,23493,30624,24880,26200
32931,33053,32647,33043,32899,33434,37664,33164,34444,33200,37322,34540,27264,28613,28842,23493,30624,24880,26200
32847,32932,32679,32707,32700,33434,37664,33164,34444,33200,37322,34540,27264,28613,28842,23493,30624,24880,26200
32901,33135,32703,32578,32803,33434,37664,33164,34444,33200,37322,34540,27264,28613,28842,23493,30624,24880,26200
32812,33054,32701,32689,32911,33434,37664,33164,34444,33200,37322,34540,27264,28613,28842,23493,30624,24880,26200
32743,32775,32647,32665,32767,33434,37664,33164,34444,33200,37322,34540,27264,28613,28842,23493,30624,24880,26200
32765,33245,32794,32818,32827,33572,37728,33236,34612,33396,37368,34604,27260,28849,28701,23468,28554,26712,26852
32810,33312,32757,32966,32415,33572,37728,33236,34612,33396,37368,34604,27260,28849,28701,23468,28554,26712,26852
32755,32955,32771,32775,32869,33572,37728,33236,34612,33396,37368,34604,27260,28849,28701,23468,28554,26712,26852
32668,33331,32733,32563,32563,33572,37728,33236,34612,33396,37368,34604,27260,28849,28701,23468,28554,26712,26852
32674,33227,32782,32550,32643,33572,37728,33236,34612,33396,37368,34604,27260,28849,28701,23468,28554,26712,26852
32681,32995,32737,32895,32539,33572,37728,33236,34612,33396,37368,34604,27260,28849,28701,23468,28554,26712,26852
32736,33199,32739,32993,32813,33572,37728,33236,34612,33396,37368,34604,27260,28849,28701,23468,28554,26712,26852
32818,33302,32679,32967,32447,33572,37728,33236,34612,33396,37368,34604,27260,28849,28701,23468,28554,26712,26852
32803,33043,32698,32923,32706,33572,37728,33236,34612,33396,37368,34604,27260,28849,28701,23468,28554,26712,26852
32729,33125,32709,32626,32850,33572,37728,33236,34612,33396,37368,34604,27260,28849,28701,23468,28554,26712,26852
32844,33303,32775,32425,32935,33648,37732,33172,34448,33530,37330,34572,27238,29048,28490,23932,28344,26920,29180
32900,32943,32715,32652,33095,33648,37732,33172,34448,33530,37330,34572,27238,29048,28490,23932,28344,26920,29180
32867,33141,32684,32941,32925,33648,37732,33172,34448,33530,37330,34572,27238,29048,28490,23932,28344,26920,29180
32828,32903,32678,32861,33486,33648,37732,33172,34448,33530,37330,34572,27238,29048,28490,23932,28344,26920,29180
32796,32901,32693,32982,33094,33648,37732,33172,34448,33530,37330,34572,27238,29048,28490,23932,28344,26920,29180
32720,33199,32787,32915,33155,33648,37732,33172,34448,33530,37330,34572,27238,29048,28490,23932,28344,26920,29180
32666,33079,32811,32621,33270,33648,37732,33172,34448,33530,37330,34572,27238,29048,28490,23932,28344,26920,29180
32692,32879,32775,32539,32307,33648,37732,33172,34448,33530,37330,34572,27238,29048,28490,23932,28344,26920,29180
32711,33343,32775,32770,33495,33648,37732,33172,34448,33530,37330,34572,27238,29048,28490,23932,28344,26920,29180
32729,33074,32798,33000,32989,33648,37732,33172,34448,33530,37330,34572,27238,29048,28490,23932,28344,26920,29180
32807,33123,32797,32950,32428,33608,37612,33224,34484,33608,37276,34532,27332,29002,28288,24708,27852,24940,27928
32788,33215,32759,33090,33551,33608,37612,33224,34484,33608,37276,34532,27332,29002,28288,24708,27852,24940,27928
32760,32850,32745,33171,31947,33608,37612,33224,34484,33608,37276,34532,27332,29002,28288,24708,27852,24940,27928
32752,33086,32841,33075,33062,33608,37612,33224,34484,33608,37276,34532,27332,29002,28288,24708,27852,24940,27928
32762,32983,32833,32667,32196,33608,37612,33224,34484,33608,37276,34532,27332,29002,28288,24708,27852,24940,27928
32765,32882,32806,32518,32054,33608,37612,33224,34484,33608,37276,34532,27332,29002,28288,24708,27852,24940,27928
32795,33141,32791,32643,32930,33608,37612,33224,34484,33608,37276,34532,27332,29002,28288,24708,27852,24940,27928
32852,32947,32800,32763,32250,33608,37612,33224,34484,33608,37276,34532,27332,29002,28288,24708,27852,24940,27928
32896,32996,32814,32643,32871,33608,37612,33224,34484,33608,37276,34532,27332,29002,28288,24708,27852,24940,27928
32901,33181,32775,32481,33147,33608,37612,33224,34484,33608,37276,34532,27332,29002,28288,24708,27852,24940,27928
32902,33023,32867,32791,33037,33512,37532,33227,34540,33568,37272,34456,27338,28741,28616,25976,28353,27216,27728
32841,33127,32839,32922,33345,33512,37532,33227,34540,33568,37272,34456,27338,28741,28616,25976,28353,27216,27728
32784,33159,32893,33114,32519,33512,37532,33227,34540,33568,37272,34456,27338,28741,28616,25976,28353,27216,27728
32677,32947,32898,32825,32706,33512,37532,33227,34540,33568,37272,34456,27338,28741,28616,25976,28353,27216,27728
32622,33398,32787,32775,32254,33512,37532,33227,34540,33568,37272,34456,27338,28741,28616,25976,28353,27216,27728
32652,33205,32719,33351,32271,33512,37532,33227,34540,33568,37272,34456,27338,28741,28616,25976,28353,27216,27728
32634,32870,32770,33589,32586,33512,37532,33227,34540,33568,37272,34456,27338,28741,28616,25976,28353,27216,27728
32548,33085,32747,33283,33179,33512,37532,33227,34540,33568,37272,34456,27338,28741,28616,25976,28353,27216,27728
32566,32919,32775,32959,32982,33512,37532,33227,34540,33568,37272,34456,27338,28741,28616,25976,28353,27216,27728
32599,32683,32790,32922,33418,33512,37532,33227,34540,33568,37272,34456,27338,28741,28616,25976,28353,27216,27728
32741,33061,32826,32599,33186,33388,37472,33312,34596,33385,37262,34486,27316,28503,28989,27369,29725,25564,30392
32783,32994,32837,32599,33363,33388,37472,33312,34596,33385,37262,34486,27316,28503,28989,27369,29725,25564,30392
32822,33045,32823,32811,32710,33388,37472,33312,34596,33385,37262,34486,27316,28503,28989,27369,29725,25564,30392
32804,33421,32803,32775,31288,33388,37472,33312,34596,33385,37262,34486,27316,28503,28989,27369,29725,25564,30392
32863,33271,32767,32699,32997,33388,37472,33312,34596,33385,37262,34486,27316,28503,28989,27369,29725,25564,30392
32916,33155,32823,32647,32127,33388,37472,33312,34596,33385,37262,34486,27316,28503,28989,27369,29725,25564,30392
32943,33311,32787,32363,33441,33388,37472,33312,34596,33385,37262,34486,27316,28503,28989,27369,29725,25564,30392
32879,32959,32775,32431,32583,33388,37472,33312,34596,33385,37262,34486,27316,28503,28989,27369,29725,25564,30392
32758,33189,32909,32888,33399,33388,37472,33312,34596,33385,37262,34486,27316,28503,28989,27369,29725,25564,30392
32753,32935,32975,33127,34023,33388,37472,33312,34596,33385,37262,34486,27316,28503,28989,27369,29725,25564,30392
32723,32987,32864,32932,33495,33260,37440,33424,34592,33162,37234,34540,27332,28320,29632,28488,27872,26642,28410
32696,33157,32719,32816,33078,33260,37440,33424,34592,33162,37234,34540,27332,28320,29632,28488,27872,26642,28410
32669,32786,32658,32850,31879,33260,37440,33424,34592,33162,37234,34540,27332,28320,29632,28488,27872,26642,28410
32670,32883,32755,32869,32571,33260,37440,33424,34592,33162,37234,34540,27332,28320,29632,28488,27872,26642,28410
32715,32719,32875,32607,32254,33260,37440,33424,34592,33162,37234,34540,27332,28320,29632,28488,27872,26642,28410
32727,32870,32799,32451,32750,33260,37440,33424,34592,33162,37234,34540,27332,28320,29632,28488,27872,26642,28410
32779,33311,32823,32450,32467,33260,37440,33424,34592,33162,37234,34540,27332,28320,29632,28488,27872,26642,28410
32734,32945,32807,32637,32527,33260,37440,33424,34592,33162,37234,34540,27332,28320,29632,28488,27872,26642,28410
32743,33231,32731,32708,33309,33260,37440,33424,34592,33162,37234,34540,27332,28320,29632,28488,27872,26642,28410
32729,33175,32733,32598,33697,33260,37440,33424,34592,33162,37234,34540,27332,28320,29632,28488,27872,26642,28410
32733,32999,32751,32677,32287,33176,37392,33548,34640,32972,37169,34532,27459,28404,29970,29892,31237,26977,29688
32744,33245,32758,33047,31750,33176,37392,33548,34640,32972,37169,34532,27459,28404,29970,29892,31237,26977,29688
32775,32887,32731,33129,32342,33176,37392,33548,34640,32972,37169,34532,27459,28404,29970,29892,31237,26977,29688
32713,33307,32768,32843,32609,33176,37392,33548,34640,32972,37169,34532,27459,28404,29970,29892,31237,26977,29688
32746,32977,32839,33011,32996,33176,37392,33548,34640,32972,37169,34532,27459,28404,29970,29892,31237,26977,29688
32710,33162,32877,32887,32647,33176,37392,33548,34640,32972,37169,34532,27459,28404,29970,29892,31237,26977,29688
32692,32849,32853,32607,32855,33176,37392,33548,34640,32972,37169,34532,27459,28404,29970,29892,31237,26977,29688
32740,33270,32796,32754,34079,33176,37392,33548,34640,32972,37169,34532,27459,28404,29970,29892,31237,26977,29688
32765,33187,32731,32991,33391,33176,37392,33548,34640,32972,37169,34532,27459,28404,29970,29892,31237,26977,29688
32629,32830,32711,32795,33103,33176,37392,33548,34640,32972,37169,34532,27459,28404,29970,29892,31237,26977,29688
32653,33311,32668,32620,31271,33108,37330,33664,34524,32873,37166,34592,27436,28597,29409,30140,27544,26757,32468
32704,33063,32747,32817,32627,33108,37330,33664,34524,32873,37166,34592,27436,28597,29409,30140,27544,26757,32468
32754,33335,32775,32803,32110,33108,37330,33664,34524,32873,37166,34592,27436,28597,29409,30140,27544,26757,32468
32836,33186,32747,32691,33079,33108,37330,33664,34524,32873,37166,34592,27436,28597,29409,30140,27544,26757,32468
32834,33166,32750,32822,33262,33108,37330,33664,34524,32873,37166,34592,27436,28597,29409,30140,27544,26757,32468
32741,33217,32799,32887,32478,33108,37330,33664,34524,32873,37166,34592,27436,28597,29409,30140,27544,26757,32468
32747,32990,32937,32947,34325,33108,37330,33664,34524,32873,37166,34592,27436,28597,29409,30140,27544,26757,32468
32829,33015,32923,32871,33147,33108,37330,33664,34524,32873,37166,34592,27436,28597,29409,30140,27544,26757,32468
32882,33143,32857,32663,33051,33108,37330,33664,34524,32873,37166,34592,27436,28597,29409,30140,27544,26757,32468
32865,32983,32765,32877,31013,33108,37330,33664,34524,32873,37166,34592,27436,28597,29409,30140,27544,26757,32468
32935,33391,32769,32939,33155,33072,37248,33775,34488,32796,37168,34640,27460,28672,29824,30316,29864,26696,30102
32812,33082,32789,32667,31298,33072,37248,33775,34488,32796,37168,34640,27460,28672,29824,30316,29864,26696,30102
32822,33049,32803,32515,34391,33072,37248,33775,34488,32796,37168,34640,27460,28672,29824,30316,29864,26696,30102
32839,33282,32871,32443,31890,33072,37248,33775,34488,32796,37168,34640,27460,28672,29824,30316,29864,26696,30102
32838,33061,33047,32743,34151,33072,37248,33775,34488,32796,37168,34640,27460,28672,29824,30316,29864,26696,30102
32838,32949,32969,32863,33657,33072,37248,33775,34488,32796,37168,34640,27460,28672,29824,30316,29864,26696,30102
32740,32887,32991,32775,34399,33072,37248,33775,34488,32796,37168,34640,27460,28672,29824,30316,29864,26696,30102
32821,33183,32829,33113,32878,33072,37248,33775,34488,32796,37168,34640,27460,28672,29824,30316,29864,26696,30102
32966,33223,32727,33021,31604,33072,37248,33775,34488,32796,37168,34640,27460,28672,29824,30316,29864,26696,30102
33052,33031,32616,32905,33039,33072,37248,33775,34488,32796,37168,34640,27460,28672,29824,30316,29864,26696,30102
32952,33313,32651,32748,31749,33030,37219,33786,34648,32756,37156,34678,27476,28654,29617,30976,29472,26298,30596
32696,33022,32741,32858,32871,33030,37219,33786,34648,32756,37156,34678,27476,28654,29617,30976,29472,26298,30596
32659,32977,32851,32909,32935,33030,37219,33786,34648,32756,37156,34678,27476,28654,29617,30976,29472,26298,30596
32774,33229,32845,32991,32775,33030,37219,33786,34648,32756,37156,34678,27476,28654,29617,30976,29472,26298,30596
32789,33207,32748,32989,33790,33030,37219,33786,34648,32756,37156,34678,27476,28654,29617,30976,29472,26298,30596
32787,32919,32730,32767,33527,33030,37219,33786,34648,32756,37156,34678,27476,28654,29617,30976,29472,26298,30596
32832,33095,32655,32719,32063,33030,37219,33786,34648,32756,37156,34678,27476,28654,29617,30976,29472,26298,30596
32778,32963,32711,32826,32027,33030,37219,33786,34648,32756,37156,34678,27476,28654,29617,30976,29472,26298,30596
32707,33263,32743,32807,31103,33030,37219,33786,34648,32756,37156,34678,27476,28654,29617,30976,29472,26298,30596
32617,33175,32667,32615,32369,33030,37219,33786,34648,32756,37156,34678,27476,28654,29617,30976,29472,26298,30596
32672,33037,32703,32337,31930,33030,37266,33826,34480,32794,37148,34712,27528,28596,28585,30520,28694,25327,30620
32672,33377,32742,32309,33204,33030,37266,33826,34480,32794,37148,34712,27528,28596,28585,30520,28694,25327,30620
32684,32999,32835,32398,33277,33030,37266,33826,34480,32794,37148,34712,27528,28596,28585,30520,28694,25327,30620
32815,33354,32677,32330,34651,33030,37266,33826,34480,32794,37148,34712,27528,28596,28585,30520,28694,25327,30620
32886,32979,32672,32415,33599,33030,37266,33826,34480,32794,37148,34712,27528,28596,28585,30520,28694,25327,30620
32758,33151,32743,32878,31989,33030,37266,33826,34480,32794,37148,34712,27528,28596,28585,30520,28694,25327,30620
32549,32763,32755,33192,33398,33030,37266,33826,34480,32794,37148,34712,27528,28596,28585,30520,28694,25327,30620
32595,33079,32629,33171,31299,33030,37266,33826,34480,32794,37148,34712,27528,28596,28585,30520,28694,25327,30620
32661,32901,32647,33528,33154,33030,37266,33826,34480,32794,37148,34712,27528,28596,28585,30520,28694,25327,30620
32742,32946,32669,33366,32173,33030,37266,33826,34480,32794,37148,34712,27528,28596,28585,30520,28694,25327,30620
32814,33269,32722,32925,33474,33054,37376,33816,34552,32920,37192,34668,27536,28452,28308,30000,28620,27488,32884
32854,33025,32656,32558,33835,33054,37376,33816,34552,32920,37192,34668,27536,28452,28308,30000,28620,27488,32884
32840,33330,32687,32537,34683,33054,37376,33816,34552,32920,37192,34668,27536,28452,28308,30000,28620,27488,32884
32818,33129,32743,32662,32084,33054,37376,33816,34552,32920,37192,34668,27536,28452,28308,30000,28620,27488,32884
32895,32989,32751,32583,32144,33054,37376,33816,34552,32920,37192,34668,27536,28452,28308,30000,28620,27488,32884
32799,32943,32733,32506,31187,33054,37376,33816,34552,32920,37192,34668,27536,28452,28308,30000,28620,27488,32884
32772,32827,32751,33199,33190,33054,37376,33816,34552,32920,37192,34668,27536,28452,28308,30000,28620,27488,32884
32793,32839,32739,33175,31290,33054,37376,33816,34552,32920,37192,34668,27536,28452,28308,30000,28620,27488,32884
32740,33178,32674,32858,33886,33054,37376,33816,34552,32920,37192,34668,27536,28452,28308,30000,28620,27488,32884
32698,32981,32685,32859,32537,33054,37376,33816,34552,32920,37192,34668,27536,28452,28308,30000,28620,27488,32884
32674,32733,32735,32951,34273,33080,37428,33744,34530,33030,37300,34638,27556,28444,28303,29302,30448,25600,30034
32692,33004,32767,32939,33287,33080,37428,33744,34530,33030,37300,34638,27556,28444,28303,29302,30448,25600,30034
32696,32846,32765,32815,32027,33080,37428,33744,34530,33030,37300,34638,27556,28444,28303,29302,30448,25600,30034
32752,33207,32737,32943,31424,33080,37428,33744,34530,33030,37300,34638,27556,28444,28303,29302,30448,25600,30034
32727,33052,32791,33091,32493,33080,37428,33744,34530,33030,37300,34638,27556,28444,28303,29302,30448,25600,30034
32710,33193,32855,32918,32020,33080,37428,33744,34530,33030,37300,34638,27556,28444,28303,29302,30448,25600,30034
32798,33383,32921,32563,33119,33080,37428,33744,34530,33030,37300,34638,27556,28444,28303,29302,30448,25600,30034
32796,33099,32860,32479,33398,33080,37428,33744,34530,33030,37300,34638,27556,28444,28303,29302,30448,25600,30034
32790,33321,32739,32565,33485,33080,37428,33744,34530,33030,37300,34638,27556,28444,28303,29302,30448,25600,30034
32722,32911,32767,32834,33046,33080,37428,33744,34530,33030,37300,34638,27556,28444,28303,29302,30448,25600,30034
32676,33231,32786,32761,32606,33108,37568,33712,34516,33089,37370,34632,27588,28624,28292,28842,30829,26117,30653
32675,32930,32822,32912,31853,33108,37568,33712,34516,33089,37370,34632,27588,28624,28292,28842,30829,26117,30653
32751,33319,32759,33183,32645,33108,37568,33712,34516,33089,37370,34632,27588,28624,28292,28842,30829,26117,30653
32850,33053,32661,32959,32654,33108,37568,33712,34516,33089,37370,34632,27588,28624,28292,28842,30829,26117,30653
32880,33359,32815,32763,32117,33108,37568,33712,34516,33089,37370,34632,27588,28624,28292,28842,30829,26117,30653
32864,33175,32761,32939,34025,33108,37568,33712,34516,33089,37370,34632,27588,28624,28292,28842,30829,26117,30653
32856,33115,32867,32721,32760,33108,37568,33712,34516,33089,37370,34632,27588,28624,28292,28842,30829,26117,30653
32781,32667,32927,32695,32567,33108,37568,33712,34516,33089,37370,34632,27588,28624,28292,28842,30829,26117,30653
32766,32813,32866,32519,32891,33108,37568,33712,34516,33089,37370,34632,27588,28624,28292,28842,30829,26117,30653
32824,32679,32838,32379,32557,33108,37568,33712,34516,33089,37370,34632,27588,28624,28292,28842,30829,26117,30653
32853,32985,32859,32527,33485,33156,37664,33668,34500,33152,37356,34580,27600,28593,28156,28056,30186,27812,29108
32641,32823,32936,32854,33342,33156,37664,33668,34500,33152,37356,34580,27600,28593,28156,28056,30186,27812,29108
32796,32901,32895,32981,32653,33156,37664,33668,34500,33152,37356,34580,27600,28593,28156,28056,30186,27812,29108
32797,33001,32853,32938,33438,33156,37664,33668,34500,33152,37356,34580,27600,28593,28156,28056,30186,27812,29108
32674,32685,32899,32895,32314,33156,37664,33668,34500,33152,37356,34580,27600,28593,28156,28056,30186,27812,29108
32725,33094,32968,32947,33162,33156,37664,33668,34500,33152,37356,34580,27600,28593,28156,28056,30186,27812,29108
32724,32934,32862,32858,31815,33156,37664,33668,34500,33152,37356,34580,27600,28593,28156,28056,30186,27812,29108
32596,33235,32818,32830,33535,33156,37664,33668,34500,33152,37356,34580,27600,28593,28156,28056,30186,27812,29108
32558,33087,32847,32919,32061,33156,37664,33668,34500,33152,37356,34580,27600,28593,28156,28056,30186,27812,29108
32616,32868,32826,32742,33366,33156,37664,33668,34500,33152,37356,34580,27600,28593,28156,28056,30186,27812,29108
32717,33159,32759,32688,31863,33200,37628,33532,34488,33224,37348,34460,27656,28580,27848,27161,28571,25352,28378
32784,32859,32787,32939,32637,33200,37628,33532,34488,33224,37348,34460,27656,28580,27848,27161,28571,25352,28378
32887,33199,32824,32839,32155,33200,37628,33532,34488,33224,37348,34460,27656,28580,27848,27161,28571,25352,28378
32863,33083,32897,32575,32875,33200,37628,33532,34488,33224,37348,34460,27656,28580,27848,27161,28571,25352,28378
32859,33071,32933,32723,33128,33200,37628,33532,34488,33224,37348,34460,27656,28580,27848,27161,28571,25352,28378
32862,33362,32822,32631,32967,33200,37628,33532,34488,33224,37348,34460,27656,28580,27848,27161,28571,25352,28378
32856,33163,32807,32835,33111,33200,37628,33532,34488,33224,37348,34460,27656,28580,27848,27161,28571,25352,28378
32821,33195,32855,33159,32492,33200,37628,33532,34488,33224,37348,34460,27656,28580,27848,27161,28571,25352,28378
32780,33294,32859,33179,32979,33200,37628,33532,34488,33224,37348,34460,27656,28580,27848,27161,28571,25352,28378
32741,32979,32903,33167,32567,33200,37628,33532,34488,33224,37348,34460,27656,28580,27848,27161,28571,25352,28378
32733,33354,33015,32658,32989,33176,37532,33474,34691,33240,37322,34398,27704,28432,28012,26380,27460,25436,29419
32806,33190,32842,32446,32895,33176,37532,33474,34691,33240,37322,34398,27704,28432,28012,26380,27460,25436,29419
32752,32999,32903,32473,33383,33176,37532,33474,34691,33240,37322,34398,27704,28432,28012,26380,27460,25436,29419
32826,33323,32860,32659,32993,33176,37532,33474,34691,33240,37322,34398,27704,28432,28012,26380,27460,25436,29419
32856,33009,32903,32587,33286,33176,37532,33474,34691,33240,37322,34398,27704,28432,28012,26380,27460,25436,29419
32918,33218,32963,32725,32315,33176,37532,33474,34691,33240,37322,34398,27704,28432,28012,26380,27460,25436,29419
32881,33007,32978,33079,32548,33176,37532,33474,34691,33240,37322,34398,27704,28432,28012,26380,27460,25436,29419
32868,33274,32991,32670,31951,33176,37532,33474,34691,33240,37322,34398,27704,28432,28012,26380,27460,25436,29419
32746,32926,32950,32658,32564,33176,37532,33474,34691,33240,37322,34398,27704,28432,28012,26380,27460,25436,29419
32613,33234,32983,32911,32903,33176,37532,33474,34691,33240,37322,34398,27704,28432,28012,26380,27460,25436,29419
32629,33215,32982,32985,32819,33146,37448,33468,34720,33186,37288,34374,27698,28061,28189,25973,28042,25537,26190
32644,33045,32934,33333,32814,33146,37448,33468,34720,33186,37288,34374,27698,28061,28189,25973,28042,25537,26190
32694,33209,33059,33479,32513,33146,37448,33468,34720,33186,37288,34374,27698,28061,28189,25973,28042,25537,26190
32494,33007,33013,33203,32716,33146,37448,33468,34720,33186,37288,34374,27698,28061,28189,25973,28042,25537,26190
32502,32869,32946,32735,32541,33146,37448,33468,34720,33186,37288,34374,27698,28061,28189,25973,28042,25537,26190
32653,33231,32950,32460,33191,33146,37448,33468,34720,33186,37288,34374,27698,28061,28189,25973,28042,25537,26190
32870,32998,32995,32431,32679,33146,37448,33468,34720,33186,37288,34374,27698,28061,28189,25973,28042,25537,26190
32857,33311,32921,32498,33659,33146,37448,33468,34720,33186,37288,34374,27698,28061,28189,25973,28042,25537,26190
32783,32982,32911,32530,33167,33146,37448,33468,34720,33186,37288,34374,27698,28061,28189,25973,28042,25537,26190
32833,33239,32799,32487,32935,33146,37448,33468,34720,33186,37288,34374,27698,28061,28189,25973,28042,25537,26190
32869,33191,32729,32317,32499,33088,37434,33380,34724,33092,37232,34281,27741,27988,28397,25365,27693,25978,26212
32822,33042,32651,32499,32570,33088,37434,33380,34724,33092,37232,34281,27741,27988,28397,25365,27693,25978,26212
32775,33237,32675,32574,32729,33088,37434,33380,34724,33092,37232,34281,27741,27988,28397,25365,27693,25978,26212
32805,32965,32631,32494,33107,33088,37434,33380,34724,33092,37232,34281,27741,27988,28397,25365,27693,25978,26212
32756,32862,32647,32747,32485,33088,37434,33380,34724,33092,37232,34281,27741,27988,28397,25365,27693,25978,26212
32828,32974,32691,33465,32596,33088,37434,33380,34724,33092,37232,34281,27741,27988,28397,25365,27693,25978,26212
32868,32829,32762,33618,32409,33088,37434,33380,34724,33092,37232,34281,27741,27988,28397,25365,27693,25978,26212
32864,33109,32823,33161,32838,33088,37434,33380,34724,33092,37232,34281,27741,27988,28397,25365,27693,25978,26212
32826,32839,32813,32903,32183,33088,37434,33380,34724,33092,37232,34281,27741,27988,28397,25365,27693,25978,26212
32716,33119,32799,32870,32683,33088,37434,33380,34724,33092,37232,34281,27741,27988,28397,25365,27693,25978,26212
32720,32933,32765,32575,32495,33029,37396,33376,34712,33012,37192,34202,27776,28108,28448,24741,27756,26852,25888
32637,32975,32835,32643,33447,33029,37396,33376,34712,33012,37192,34202,27776,28108,28448,24741,27756,26852,25888
32704,33091,32689,33347,32671,33029,37396,33376,34712,33012,37192,34202,27776,28108,28448,24741,27756,26852,25888
32706,32888,32726,33039,33013,33029,37396,33376,34712,33012,37192,34202,27776,28108,28448,24741,27756,26852,25888
32747,32962,32732,32815,32371,33029,37396,33376,34712,33012,37192,34202,27776,28108,28448,24741,27756,26852,25888
32832,33394,32655,32722,32931,33029,37396,33376,34712,33012,37192,34202,27776,28108,28448,24741,27756,26852,25888
32804,33287,32675,32541,32445,33029,37396,33376,34712,33012,37192,34202,27776,28108,28448,24741,27756,26852,25888
32818,32979,32703,32486,32805,33029,37396,33376,34712,33012,37192,34202,27776,28108,28448,24741,27756,26852,25888
32880,33315,32816,32548,32885,33029,37396,33376,34712,33012,37192,34202,27776,28108,28448,24741,27756,26852,25888
32837,33052,32796,32638,33445,33029,37396,33376,34712,33012,37192,34202,27776,28108,28448,24741,27756,26852,25888
32806,33363,32742,32418,33348,32940,37360,33392,34564,32954,37208,34120,27806,28322,27938,24500,28860,26568,24889
32761,33229,32807,32494,33387,32940,37360,33392,34564,32954,37208,34120,27806,28322,27938,24500,28860,26568,24889
32739,32862,32762,32911,32999,32940,37360,33392,34564,32954,37208,34120,27806,28322,27938,24500,28860,26568,24889
32690,33205,32663,33155,32407,32940,37360,33392,34564,32954,37208,34120,27806,28322,27938,24500,28860,26568,24889
32672,32899,32673,32678,32709,32940,37360,33392,34564,32954,37208,34120,27806,28322,27938,24500,28860,26568,24889
32723,32963,32689,32322,32735,32940,37360,33392,34564,32954,37208,34120,27806,28322,27938,24500,28860,26568,24889
32745,33175,32695,32530,32561,32940,37360,33392,34564,32954,37208,34120,27806,28322,27938,24500,28860,26568,24889
32782,32930,32685,32822,32914,32940,37360,33392,34564,32954,37208,34120,27806,28322,27938,24500,28860,26568,24889
32837,33213,32676,32853,33276,32940,37360,33392,34564,32954,37208,34120,27806,28322,27938,24500,28860,26568,24889
32818,33071,32747,32895,33253,32940,37360,33392,34564,32954,37208,34120,27806,28322,27938,24500,28860,26568,24889
32813,33015,32786,33303,32879,32857,37352,33458,34741,32912,37243,34148,27836,28532,27540,24511,31140,25981,24856
32851,33367,32770,33549,32351,32857,37352,33458,34741,32912,37243,34148,27836,28532,27540,24511,31140,25981,24856
32873,32999,32665,33159,32238,32857,37352,33458,34741,32912,37243,34148,27836,28532,27540,24511,31140,25981,24856
32790,32971,32689,32788,32752,32857,37352,33458,34741,32912,37243,34148,27836,28532,27540,24511,31140,25981,24856
32730,33155,32811,32791,32915,32857,37352,33458,34741,32912,37243,34148,27836,28532,27540,24511,31140,25981,24856
32742,33087,32647,32615,32911,32857,37352,33458,34741,32912,37243,34148,27836,28532,27540,24511,31140,25981,24856
32793,33440,32643,32437,32882,32857,37352,33458,34741,32912,37243,34148,27836,28532,27540,24511,31140,25981,24856
32739,33159,32687,32694,32758,32857,37352,33458,34741,32912,37243,34148,27836,28532,27540,24511,31140,25981,24856
32718,33522,32553,32820,32740,32857,37352,33458,34741,32912,37243,34148,27836,28532,27540,24511,31140,25981,24856
32689,32950,32562,32581,32295,32857,37352,33458,34741,32912,37243,34148,27836,28532,27540,24511,31140,25981,24856
32712,33123,32659,33086,32867,32798,37352,33424,34724,32860,37256,34104,27853,28588,27568,23986,27688,25857,26667
32719,32811,32651,33302,32459,32798,37352,33424,34724,32860,37256,34104,27853,28588,27568,23986,27688,25857,26667
32743,33187,32633,33067,32919,32798,37352,33424,34724,32860,37256,34104,27853,28588,27568,23986,27688,25857,26667
32740,32799,32645,32925,32807,32798,37352,33424,34724,32860,37256,34104,27853,28588,27568,23986,27688,25857,26667
32759,33087,32655,32907,32682,32798,37352,33424,34724,32860,37256,34104,27853,28588,27568,23986,27688,25857,26667
32774,32827,32682,32685,32697,32798,37352,33424,34724,32860,37256,34104,27853,28588,27568,23986,27688,25857,26667
32709,33058,32709,32471,32890,32798,37352,33424,34724,32860,37256,34104,27853,28588,27568,23986,27688,25857,26667
32732,32827,32829,32586,32342,32798,37352,33424,34724,32860,37256,34104,27853,28588,27568,23986,27688,25857,26667
32812,32971,32749,32677,33271,32798,37352,33424,34724,32860,37256,34104,27853,28588,27568,23986,27688,25857,26667
32825,33017,32743,32597,32901,32798,37352,33424,34724,32860,37256,34104,27853,28588,27568,23986,27688,25857,26667
32819,33143,32799,32574,33213,32780,37360,33476,34532,32861,37265,34114,27908,28452,27240,23984,30676,26946,25557
32772,33220,32831,32654,32983,32780,37360,33476,34532,32861,37265,34114,27908,28452,27240,23984,30676,26946,25557
32774,32911,32747,32615,32975,32780,37360,33476,34532,32861,37265,34114,27908,28452,27240,23984,30676,26946,25557
32760,33161,32743,32911,32301,32780,37360,33476,34532,32861,37265,34114,27908,28452,27240,23984,30676,26946,25557
32744,33299,32671,33097,32763,32780,37360,33476,34532,32861,37265,34114,27908,28452,27240,23984,30676,26946,25557
32740,32887,32650,32965,32311,32780,37360,33476,34532,32861,37265,34114,27908,28452,27240,23984,30676,26946,25557
32703,33174,32773,33027,33319,32780,37360,33476,34532,32861,37265,34114,27908,28452,27240,23984,30676,26946,25557
32750,32999,32731,33153,33025,32780,37360,33476,34532,32861,37265,34114,27908,28452,27240,23984,30676,26946,25557
32768,32883,32703,32911,33036,32780,37360,33476,34532,32861,37265,34114,27908,28452,27240,23984,30676,26946,25557
32779,33203,32831,32765,32703,32780,37360,33476,34532,32861,37265,34114,27908,28452,27240,23984,30676,26946,25557
32730,32895,32831,32735,32718,32776,37388,33576,34700,32865,37260,34178,27896,28441,26797,24040,30612,28473,26058
32845,33210,32799,32639,32151,32776,37388,33576,34700,32865,37260,34178,27896,28441,26797,24040,30612,28473,26058
32818,33059,32831,32459,32447,32776,37388,33576,34700,32865,37260,34178,27896,28441,26797,24040,30612,28473,26058
32754,33311,32851,32532,32741,32776,37388,33576,34700,32865,37260,34178,27896,28441,26797,24040,30612,28473,26058
32709,33167,32759,32722,32935,32776,37388,33576,34700,32865,37260,34178,27896,28441,26797,24040,30612,28473,26058
32693,33015,32671,32667,33053,32776,37388,33576,34700,32865,37260,34178,27896,28441,26797,24040,30612,28473,26058
32724,33429,32655,32743,32932,32776,37388,33576,34700,32865,37260,34178,27896,28441,26797,24040,30612,28473,26058
32580,33195,32707,32626,33131,32776,37388,33576,34700,32865,37260,34178,27896,28441,26797,24040,30612,28473,26058
32676,33012,32667,32717,32537,32776,37388,33576,34700,32865,37260,34178,27896,28441,26797,24040,30612,28473,26058
32722,33375,32655,32545,32859,32776,37388,33576,34700,32865,37260,34178,27896,28441,26797,24040,30612,28473,26058
32814,33029,32647,32946,32436,32772,37384,33560,34560,32928,37258,34132,27924,28472,26576,24220,28825,28096,25928
32859,32967,32607,32914,33074,32772,37384,33560,34560,32928,37258,34132,27924,28472,26576,24220,28825,28096,25928
32911,33115,32748,32503,32933,32772,37384,33560,34560,32928,37258,34132,27924,28472,26576,24220,28825,28096,25928
32976,32850,32839,32308,32797,32772,37384,33560,34560,32928,37258,34132,27924,28472,26576,24220,28825,28096,25928
32856,33227,32762,32338,32583,32772,37384,33560,34560,32928,37258,34132,27924,28472,26576,24220,28825,28096,25928
32804,33063,32767,32677,32455,32772,37384,33560,34560,32928,37258,34132,27924,28472,26576,24220,28825,28096,25928
32823,33467,32775,33174,32409,32772,37384,33560,34560,32928,37258,34132,27924,28472,26576,24220,28825,28096,25928
32751,33129,32795,33439,32882,32772,37384,33560,34560,32928,37258,34132,27924,28472,26576,24220,28825,28096,25928
32606,32876,32644,33811,32859,32772,37384,33560,34560,32928,37258,34132,27924,28472,26576,24220,28825,28096,25928
32505,33216,32677,33654,32814,32772,37384,33560,34560,32928,37258,34132,27924,28472,26576,24220,28825,28096,25928
32588,32995,32707,33279,33077,32824,37442,33524,34601,32986,37276,34144,27960,28583,26372,24453,30889,29500,27801
32594,32697,32799,32879,33091,32824,37442,33524,34601,32986,37276,34144,27960,28583,26372,24453,30889,29500,27801
32626,33111,32854,32477,32963,32824,37442,33524,34601,32986,37276,34144,27960,28583,26372,24453,30889,29500,27801
32743,32824,32771,32697,32826,32824,37442,33524,34601,32986,37276,34144,27960,28583,26372,24453,30889,29500,27801
32750,32847,32775,32830,32759,32824,37442,33524,34601,32986,37276,34144,27960,28583,26372,24453,30889,29500,27801
32764,32878,32879,32745,32810,32824,37442,33524,34601,32986,37276,34144,27960,28583,26372,24453,30889,29500,27801
32837,32959,32916,32843,32955,32824,37442,33524,34601,32986,37276,34144,27960,28583,26372,24453,30889,29500,27801
32860,33063,32911,32723,32745,32824,37442,33524,34601,32986,37276,34144,27960,28583,26372,24453,30889,29500,27801
32887,33053,32863,32458,32973,32824,37442,33524,34601,32986,37276,34144,27960,28583,26372,24453,30889,29500,27801
32902,33203,32783,32541,32835,32824,37442,33524,34601,32986,37276,34144,27960,28583,26372,24453,30889,29500,27801
32859,33095,32819,32881,32851,32876,37476,33504,34578,33016,37280,34132,27986,28736,26132,25118,27372,26765,28290
32797,33271,32859,32839,32727,32876,37476,33504,34578,33016,37280,34132,27986,28736,26132,25118,27372,26765,28290
32735,32951,32847,32925,33199,32876,37476,33504,34578,33016,37280,34132,27986,28736,26132,25118,27372,26765,28290
32793,33335,32727,33021,33043,32876,37476,33504,34578,33016,37280,34132,27986,28736,26132,25118,27372,26765,28290
32800,33269,32677,33095,31919,32876,37476,33504,34578,33016,37280,34132,27986,28736,26132,25118,27372,26765,28290
32820,33167,32802,32837,32358,32876,37476,33504,34578,33016,37280,34132,27986,28736,26132,25118,27372,26765,28290
32766,33227,32750,32517,31660,32876,37476,33504,34578,33016,37280,34132,27986,28736,26132,25118,27372,26765,28290
32746,32924,32719,32610,33242,32876,37476,33504,34578,33016,37280,34132,27986,28736,26132,25118,27372,26765,28290
32829,33170,32697,32415,33087,32876,37476,33504,34578,33016,37280,34132,27986,28736,26132,25118,27372,26765,28290
32875,33031,32703,32435,33678,32876,37476,33504,34578,33016,37280,34132,27986,28736,26132,25118,27372,26765,28290
32850,33329,32695,32639,31546,32905,37486,33497,34732,33060,37296,34098,27964,28784,26080,25914,27585,28400,27104
32826,33033,32754,32989,33769,32905,37486,33497,34732,33060,37296,34098,27964,28784,26080,25914,27585,28400,27104
32825,33234,32847,32959,31555,32905,37486,33497,34732,33060,37296,34098,27964,28784,26080,25914,27585,28400,27104
32806,33223,32759,33094,32955,32905,37486,33497,34732,33060,37296,34098,27964,28784,26080,25914,27585,28400,27104
32790,33143,32801,33225,32406,32905,37486,33497,34732,33060,37296,34098,27964,28784,26080,25914,27585,28400,27104
32842,33052,32775,33063,33702,32905,37486,33497,34732,33060,37296,34098,27964,28784,26080,25914,27585,28400,27104
32818,32831,32749,32811,31874,32905,37486,33497,34732,33060,37296,34098,27964,28784,26080,25914,27585,28400,27104
32828,33190,32775,32742,33967,32905,37486,33497,34732,33060,37296,34098,27964,28784,26080,25914,27585,28400,27104
32772,32831,32826,33017,30031,32905,37486,33497,34732,33060,37296,34098,27964,28784,26080,25914,27585,28400,27104
32807,33174,32867,32951,33389,32905,37486,33497,34732,33060,37296,34098,27964,28784,26080,25914,27585,28400,27104
32739,32965,32803,32471,32327,32944,37472,33404,34668,33082,37264,34088,28002,28513,26241,26934,28721,27280,30017
32737,32911,32835,32450,33743,32944,37472,33404,34668,33082,37264,34088,28002,28513,26241,26934,28721,27280,30017
32660,33263,32929,32716,32613,32944,37472,33404,34668,33082,37264,34088,28002,28513,26241,26934,28721,27280,30017
32658,32942,32935,32851,34240,32944,37472,33404,34668,33082,37264,34088,28002,28513,26241,26934,28721,27280,30017
32724,33275,32850,32811,30355,32944,37472,33404,34668,33082,37264,34088,28002,28513,26241,26934,28721,27280,30017
32678,33102,32865,32806,34615,32944,37472,33404,34668,33082,37264,34088,28002,28513,26241,26934,28721,27280,30017
32697,32977,32873,32934,32412,32944,37472,33404,34668,33082,37264,34088,28002,28513,26241,26934,28721,27280,30017
32672,33283,32911,32783,34020,32944,37472,33404,34668,33082,37264,34088,28002,28513,26241,26934,28721,27280,30017
32658,32939,32879,32527,33155,32944,37472,33404,34668,33082,37264,34088,28002,28513,26241,26934,28721,27280,30017
