32734,32825,32929,32578,32775,34249,36840,34664,33568,33040,37128,34176,31840,28836,27932,28394,31404,29393,29314
33020,32664,32804,32706,33849,34249,36840,34664,33568,33040,37128,34176,31840,28836,27932,28394,31404,29393,29314
33353,32722,32686,32656,31844,34249,36840,34664,33568,33040,37128,34176,31840,28836,27932,28394,31404,29393,29314
33322,32829,32967,32618,32914,34249,36840,34664,33568,33040,37128,34176,31840,28836,27932,28394,31404,29393,29314
32976,32776,32824,32815,32946,34249,36840,34664,33568,33040,37128,34176,31840,28836,27932,28394,31404,29393,29314
33000,32440,32858,32931,31578,34249,36840,34664,33568,33040,37128,34176,31840,28836,27932,28394,31404,29393,29314
33378,31838,33268,33028,33207,34249,36840,34664,33568,33040,37128,34176,31840,28836,27932,28394,31404,29393,29314
33547,32120,33126,32796,32766,34249,36840,34664,33568,33040,37128,34176,31840,28836,27932,28394,31404,29393,29314
33560,32864,33172,32460,31846,34249,36840,34664,33568,33040,37128,34176,31840,28836,27932,28394,31404,29393,29314
33348,33334,32717,32506,33847,34249,36840,34664,33568,33040,37128,34176,31840,28836,27932,28394,31404,29393,29314
32938,33490,32285,32630,32811,34308,36808,34620,33381,33056,37148,34292,31954,28836,27992,28612,28440,28064,28470
32357,33679,32476,32573,31720,34308,36808,34620,33381,33056,37148,34292,31954,28836,27992,28612,28440,28064,28470
31898,33400,32459,32898,34113,34308,36808,34620,33381,33056,37148,34292,31954,28836,27992,28612,28440,28064,28470
31260,32825,32614,33306,32461,34308,36808,34620,33381,33056,37148,34292,31954,28836,27992,28612,28440,28064,28470
29636,32571,32559,33567,31858,34308,36808,34620,33381,33056,37148,34292,31954,28836,27992,28612,28440,28064,28470
30226,33927,32643,33458,34324,34308,36808,34620,33381,33056,37148,34292,31954,28836,27992,28612,28440,28064,28470
31674,34324,33001,33021,33002,34308,36808,34620,33381,33056,37148,34292,31954,28836,27992,28612,28440,28064,28470
32445,34349,32869,32402,31549,34308,36808,34620,33381,33056,37148,34292,31954,28836,27992,28612,28440,28064,28470
32774,35209,32502,32102,34225,34308,36808,34620,33381,33056,37148,34292,31954,28836,27992,28612,28440,28064,28470
33244,34086,32783,32077,32661,34308,36808,34620,33381,33056,37148,34292,31954,28836,27992,28612,28440,28064,28470
33293,31147,32750,32341,31690,34293,36848,34545,33388,32868,37096,34244,31928,28736,27640,28938,30786,30880,30308
33266,29038,32816,32615,34163,34293,36848,34545,33388,32868,37096,34244,31928,28736,27640,28938,30786,30880,30308
33074,29737,33011,33028,32384,34293,36848,34545,33388,32868,37096,34244,31928,28736,27640,28938,30786,30880,30308
33020,31026,32722,33385,31664,34293,36848,34545,33388,32868,37096,34244,31928,28736,27640,28938,30786,30880,30308
33004,32607,32976,32928,34124,34293,36848,34545,33388,32868,37096,34244,31928,28736,27640,28938,30786,30880,30308
33136,32982,32948,32959,32134,34293,36848,34545,33388,32868,37096,34244,31928,28736,27640,28938,30786,30880,30308
33288,32990,32811,33086,32086,34293,36848,34545,33388,32868,37096,34244,31928,28736,27640,28938,30786,30880,30308
33348,32689,32997,32898,34319,34293,36848,34545,33388,32868,37096,34244,31928,28736,27640,28938,30786,30880,30308
33496,32456,32763,32715,32182,34293,36848,34545,33388,32868,37096,34244,31928,28736,27640,28938,30786,30880,30308
33608,32135,33014,32742,32232,34293,36848,34545,33388,32868,37096,34244,31928,28736,27640,28938,30786,30880,30308
33569,32668,32944,32738,33986,34196,36914,34461,33364,32768,37114,34336,31910,28843,27428,29068,28181,28918,28309
33299,32770,32651,32737,32044,34196,36914,34461,33364,32768,37114,34336,31910,28843,27428,29068,28181,28918,28309
32820,33056,32882,32722,32485,34196,36914,34461,33364,32768,37114,34336,31910,28843,27428,29068,28181,28918,28309
32328,34784,32744,32647,34029,34196,36914,34461,33364,32768,37114,34336,31910,28843,27428,29068,28181,28918,28309
32193,35545,32738,32800,32012,34196,36914,34461,33364,32768,37114,34336,31910,28843,27428,29068,28181,28918,28309
32760,34351,32679,33055,32834,34196,36914,34461,33364,32768,37114,34336,31910,28843,27428,29068,28181,28918,28309
32786,32650,32426,33196,34109,34196,36914,34461,33364,32768,37114,34336,31910,28843,27428,29068,28181,28918,28309
32378,30262,32832,32842,31954,34196,36914,34461,33364,32768,37114,34336,31910,28843,27428,29068,28181,28918,28309
32222,31884,32822,32660,33000,34196,36914,34461,33364,32768,37114,34336,31910,28843,27428,29068,28181,28918,28309
32180,34504,32699,32628,33930,34196,36914,34461,33364,32768,37114,34336,31910,28843,27428,29068,28181,28918,28309
32474,33560,33050,32549,31810,34128,36944,34448,33390,32741,37152,34212,31786,28792,27248,29229,31090,32844,28410
33116,32668,32892,32629,33018,34128,36944,34448,33390,32741,37152,34212,31786,28792,27248,29229,31090,32844,28410
33286,32708,32898,32677,33752,34128,36944,34448,33390,32741,37152,34212,31786,28792,27248,29229,31090,32844,28410
32992,32879,32771,32782,31563,34128,36944,34448,33390,32741,37152,34212,31786,28792,27248,29229,31090,32844,28410
32535,32828,32455,32892,33309,34128,36944,34448,33390,32741,37152,34212,31786,28792,27248,29229,31090,32844,28410
32762,32946,32818,32888,33408,34128,36944,34448,33390,32741,37152,34212,31786,28792,27248,29229,31090,32844,28410
33161,32169,32867,32739,31921,34128,36944,34448,33390,32741,37152,34212,31786,28792,27248,29229,31090,32844,28410
33146,32465,33067,32608,33514,34128,36944,34448,33390,32741,37152,34212,31786,28792,27248,29229,31090,32844,28410
32972,32660,32972,32608,33232,34128,36944,34448,33390,32741,37152,34212,31786,28792,27248,29229,31090,32844,28410
32295,32252,32485,32696,31479,34128,36944,34448,33390,32741,37152,34212,31786,28792,27248,29229,31090,32844,28410
32006,30618,32646,32856,33595,34052,37001,34524,33434,32704,37196,34158,31852,28647,27225,29308,30184,32560,28868
32830,31828,32612,32867,33288,34052,37001,34524,33434,32704,37196,34158,31852,28647,27225,29308,30184,32560,28868
33140,33822,33004,32854,31659,34052,37001,34524,33434,32704,37196,34158,31852,28647,27225,29308,30184,32560,28868
32782,33099,32739,32844,33992,34052,37001,34524,33434,32704,37196,34158,31852,28647,27225,29308,30184,32560,28868
32658,34168,32972,32813,33552,34052,37001,34524,33434,32704,37196,34158,31852,28647,27225,29308,30184,32560,28868
33174,33988,32944,32733,32786,34052,37001,34524,33434,32704,37196,34158,31852,28647,27225,29308,30184,32560,28868
33053,32863,32493,32705,33336,34052,37001,34524,33434,32704,37196,34158,31852,28647,27225,29308,30184,32560,28868
32714,32167,32736,32768,33333,34052,37001,34524,33434,32704,37196,34158,31852,28647,27225,29308,30184,32560,28868
32780,31940,32710,32834,34067,34052,37001,34524,33434,32704,37196,34158,31852,28647,27225,29308,30184,32560,28868
33020,31999,32647,32793,32477,34052,37001,34524,33434,32704,37196,34158,31852,28647,27225,29308,30184,32560,28868
33082,32489,32870,32644,33546,34028,37082,34536,33516,32702,37248,33952,31816,28474,27128,29620,28051,30480,31556
32985,33214,32911,32709,32139,34028,37082,34536,33516,32702,37248,33952,31816,28474,27128,29620,28051,30480,31556
32536,33569,32733,32846,33452,34028,37082,34536,33516,32702,37248,33952,31816,28474,27128,29620,28051,30480,31556
31694,33774,32744,32877,33110,34028,37082,34536,33516,32702,37248,33952,31816,28474,27128,29620,28051,30480,31556
32422,32609,32834,32946,32655,34028,37082,34536,33516,32702,37248,33952,31816,28474,27128,29620,28051,30480,31556
33336,32988,32767,32930,32023,34028,37082,34536,33516,32702,37248,33952,31816,28474,27128,29620,28051,30480,31556
33446,34023,33076,32870,33615,34028,37082,34536,33516,32702,37248,33952,31816,28474,27128,29620,28051,30480,31556
34148,33943,33064,32717,32848,34028,37082,34536,33516,32702,37248,33952,31816,28474,27128,29620,28051,30480,31556
34214,34128,33061,32574,33141,34028,37082,34536,33516,32702,37248,33952,31816,28474,27128,29620,28051,30480,31556
33539,34235,32533,32505,31806,34028,37082,34536,33516,32702,37248,33952,31816,28474,27128,29620,28051,30480,31556
32580,34463,32315,32590,32810,33988,37088,34518,33504,32700,37292,33980,31778,28282,27089,29568,28004,30640,31592
31625,34408,32768,32813,32484,33988,37088,34518,33504,32700,37292,33980,31778,28282,27089,29568,28004,30640,31592
31106,32938,32984,33019,32142,33988,37088,34518,33504,32700,37292,33980,31778,28282,27089,29568,28004,30640,31592
31610,29070,32998,33279,32944,33988,37088,34518,33504,32700,37292,33980,31778,28282,27089,29568,28004,30640,31592
32715,26020,33199,33277,32202,33988,37088,34518,33504,32700,37292,33980,31778,28282,27089,29568,28004,30640,31592
32982,29148,32806,33166,32588,33988,37088,34518,33504,32700,37292,33980,31778,28282,27089,29568,28004,30640,31592
33126,29221,32702,32783,32166,33988,37088,34518,33504,32700,37292,33980,31778,28282,27089,29568,28004,30640,31592
33208,32748,32624,32430,33159,33988,37088,34518,33504,32700,37292,33980,31778,28282,27089,29568,28004,30640,31592
33140,35026,32634,32668,32439,33988,37088,34518,33504,32700,37292,33980,31778,28282,27089,29568,28004,30640,31592
32097,34265,32651,32848,32309,33988,37088,34518,33504,32700,37292,33980,31778,28282,27089,29568,28004,30640,31592
31740,33179,32710,32699,33180,34020,37116,34384,33349,32748,37232,34136,31828,28197,26666,29201,28517,30072,30267
32180,32864,32644,32612,32837,34020,37116,34384,33349,32748,37232,34136,31828,28197,26666,29201,28517,30072,30267
33047,33191,32903,32647,32350,34020,37116,34384,33349,32748,37232,34136,31828,28197,26666,29201,28517,30072,30267
33752,33183,32903,32762,32387,34020,37116,34384,33349,32748,37232,34136,31828,28197,26666,29201,28517,30072,30267
33644,34252,32662,32746,32154,34020,37116,34384,33349,32748,37232,34136,31828,28197,26666,29201,28517,30072,30267
33404,35685,32745,32704,32080,34020,37116,34384,33349,32748,37232,34136,31828,28197,26666,29201,28517,30072,30267
33106,32005,32768,32986,33585,34020,37116,34384,33349,32748,37232,34136,31828,28197,26666,29201,28517,30072,30267
32539,32240,32657,33152,33050,34020,37116,34384,33349,32748,37232,34136,31828,28197,26666,29201,28517,30072,30267
32942,36006,32921,32864,33271,34020,37116,34384,33349,32748,37232,34136,31828,28197,26666,29201,28517,30072,30267
32758,36333,32880,32719,33437,34020,37116,34384,33349,32748,37232,34136,31828,28197,26666,29201,28517,30072,30267
32792,33414,32728,32751,33323,34056,37130,34312,33376,32820,37256,34112,31864,28516,26414,28688,29455,30778,28834
33106,30283,32997,32658,31973,34056,37130,34312,33376,32820,37256,34112,31864,28516,26414,28688,29455,30778,28834
32782,31453,32755,32552,31751,34056,37130,34312,33376,32820,37256,34112,31864,28516,26414,28688,29455,30778,28834
32383,31239,32887,32592,33655,34056,37130,34312,33376,32820,37256,34112,31864,28516,26414,28688,29455,30778,28834
32110,30543,33106,32582,32980,34056,37130,34312,33376,32820,37256,34112,31864,28516,26414,28688,29455,30778,28834
32076,33084,32852,32437,32319,34056,37130,34312,33376,32820,37256,34112,31864,28516,26414,28688,29455,30778,28834
32768,33360,32838,32331,33358,34056,37130,34312,33376,32820,37256,34112,31864,28516,26414,28688,29455,30778,28834
33101,32582,32774,32314,33334,34056,37130,34312,33376,32820,37256,34112,31864,28516,26414,28688,29455,30778,28834
33208,33988,32724,32751,32116,34056,37130,34312,33376,32820,37256,34112,31864,28516,26414,28688,29455,30778,28834
32956,30442,32740,33562,33516,34056,37130,34312,33376,32820,37256,34112,31864,28516,26414,28688,29455,30778,28834
32642,30229,32808,33618,33831,34120,37090,34324,33408,32920,37288,34356,31708,28844,26380,28152,29421,31652,29900
32194,32724,33032,33146,32482,34120,37090,34324,33408,32920,37288,34356,31708,28844,26380,28152,29421,31652,29900
32348,33136,32677,33011,31317,34120,37090,34324,33408,32920,37288,34356,31708,28844,26380,28152,29421,31652,29900
32425,35813,32626,32851,34025,34120,37090,34324,33408,32920,37288,34356,31708,28844,26380,28152,29421,31652,29900
32816,36870,32841,32645,32462,34120,37090,34324,33408,32920,37288,34356,31708,28844,26380,28152,29421,31652,29900
33600,31584,32846,32708,31712,34120,37090,34324,33408,32920,37288,34356,31708,28844,26380,28152,29421,31652,29900
33198,26699,32392,32969,33918,34120,37090,34324,33408,32920,37288,34356,31708,28844,26380,28152,29421,31652,29900
33038,28700,32544,33114,32061,34120,37090,34324,33408,32920,37288,34356,31708,28844,26380,28152,29421,31652,29900
33348,32421,32722,33035,32310,34120,37090,34324,33408,32920,37288,34356,31708,28844,26380,28152,29421,31652,29900
32940,38290,32898,32800,34116,34120,37090,34324,33408,32920,37288,34356,31708,28844,26380,28152,29421,31652,29900
32554,40236,32702,32595,32084,34212,37060,34348,33306,32888,37360,34452,31746,28909,26765,28236,29448,30248,28210
32112,35132,32666,32568,32641,34212,37060,34348,33306,32888,37360,34452,31746,28909,26765,28236,29448,30248,28210
31942,32387,32947,32586,33636,34212,37060,34348,33306,32888,37360,34452,31746,28909,26765,28236,29448,30248,28210
32312,31452,32709,32545,31590,34212,37060,34348,33306,32888,37360,34452,31746,28909,26765,28236,29448,30248,28210
32992,30985,33070,32674,33187,34212,37060,34348,33306,32888,37360,34452,31746,28909,26765,28236,29448,30248,28210
33030,30828,32967,32839,33603,34212,37060,34348,33306,32888,37360,34452,31746,28909,26765,28236,29448,30248,28210
33026,31484,32646,32873,31634,34212,37060,34348,33306,32888,37360,34452,31746,28909,26765,28236,29448,30248,28210
32954,32036,32929,32932,33494,34212,37060,34348,33306,32888,37360,34452,31746,28909,26765,28236,29448,30248,28210
32932,32641,32706,32821,33211,34212,37060,34348,33306,32888,37360,34452,31746,28909,26765,28236,29448,30248,28210
32628,32855,32986,32590,31963,34212,37060,34348,33306,32888,37360,34452,31746,28909,26765,28236,29448,30248,28210
32690,32907,32770,32692,33936,34284,37056,34432,33424,32916,37360,34468,31740,28888,27246,28388,28693,30144,27356
32610,32994,32599,32750,33648,34284,37056,34432,33424,32916,37360,34468,31740,28888,27246,28388,28693,30144,27356
32257,32964,32809,32860,31821,34284,37056,34432,33424,32916,37360,34468,31740,28888,27246,28388,28693,30144,27356
32223,32869,32869,32882,33686,34284,37056,34432,33424,32916,37360,34468,31740,28888,27246,28388,28693,30144,27356
32610,32818,32814,32853,33043,34284,37056,34432,33424,32916,37360,34468,31740,28888,27246,28388,28693,30144,27356
33170,32953,33156,32674,31742,34284,37056,34432,33424,32916,37360,34468,31740,28888,27246,28388,28693,30144,27356
33125,32949,33083,32714,33915,34284,37056,34432,33424,32916,37360,34468,31740,28888,27246,28388,28693,30144,27356
32790,33020,32834,32838,32801,34284,37056,34432,33424,32916,37360,34468,31740,28888,27246,28388,28693,30144,27356
32836,32916,32688,32911,32019,34284,37056,34432,33424,32916,37360,34468,31740,28888,27246,28388,28693,30144,27356
33245,32728,32749,32804,34090,34284,37056,34432,33424,32916,37360,34468,31740,28888,27246,28388,28693,30144,27356
33384,32804,32491,32701,33022,34328,37002,34500,33488,32896,37374,34470,31674,28644,27777,28656,31394,33024,28016
33027,32832,32703,32652,31725,34328,37002,34500,33488,32896,37374,34470,31674,28644,27777,28656,31394,33024,28016
32631,32899,32994,32922,34135,34328,37002,34500,33488,32896,37374,34470,31674,28644,27777,28656,31394,33024,28016
32716,33130,32722,32934,32768,34328,37002,34500,33488,32896,37374,34470,31674,28644,27777,28656,31394,33024,28016
32885,32963,32707,32818,31664,34328,37002,34500,33488,32896,37374,34470,31674,28644,27777,28656,31394,33024,28016
32984,32764,32736,32652,34252,34328,37002,34500,33488,32896,37374,34470,31674,28644,27777,28656,31394,33024,28016
32786,32632,32617,32814,32333,34328,37002,34500,33488,32896,37374,34470,31674,28644,27777,28656,31394,33024,28016
32514,32615,32708,32935,31960,34328,37002,34500,33488,32896,37374,34470,31674,28644,27777,28656,31394,33024,28016
32419,32592,33008,32839,33860,34328,37002,34500,33488,32896,37374,34470,31674,28644,27777,28656,31394,33024,28016
32700,32724,33007,32672,32235,34328,37002,34500,33488,32896,37374,34470,31674,28644,27777,28656,31394,33024,28016
33186,32937,32882,32801,32434,34376,36872,34564,33322,33032,37328,34523,31628,28633,28412,29076,28152,32179,27125
32989,33071,32768,32938,34330,34376,36872,34564,33322,33032,37328,34523,31628,28633,28412,29076,28152,32179,27125
32733,32848,32470,32796,34392,34376,36872,34564,33322,33032,37328,34523,31628,28633,28412,29076,28152,32179,27125
32433,32686,32347,32709,32512,34376,36872,34564,33322,33032,37328,34523,31628,28633,28412,29076,28152,32179,27125
33080,32726,32588,32754,33567,34376,36872,34564,33322,33032,37328,34523,31628,28633,28412,29076,28152,32179,27125
33358,32788,32693,32821,33633,34376,36872,34564,33322,33032,37328,34523,31628,28633,28412,29076,28152,32179,27125
33058,32871,32605,32876,32641,34376,36872,34564,33322,33032,37328,34523,31628,28633,28412,29076,28152,32179,27125
31994,32728,33025,32956,32500,34376,36872,34564,33322,33032,37328,34523,31628,28633,28412,29076,28152,32179,27125
32216,32557,33193,32745,30915,34376,36872,34564,33322,33032,37328,34523,31628,28633,28412,29076,28152,32179,27125
32972,32917,33090,32496,33369,34376,36872,34564,33322,33032,37328,34523,31628,28633,28412,29076,28152,32179,27125
32834,33335,32689,32590,31829,34556,36772,34456,33352,33164,37192,34616,31636,28928,28816,29581,29364,32136,26968
32118,33030,32823,32402,31746,34556,36772,34456,33352,33164,37192,34616,31636,28928,28816,29581,29364,32136,26968
31702,32206,32802,32471,34263,34556,36772,34456,33352,33164,37192,34616,31636,28928,28816,29581,29364,32136,26968
31790,32594,32623,32679,32084,34556,36772,34456,33352,33164,37192,34616,31636,28928,28816,29581,29364,32136,26968
32728,33148,32900,32832,32412,34556,36772,34456,33352,33164,37192,34616,31636,28928,28816,29581,29364,32136,26968
33376,32144,32948,33110,34380,34556,36772,34456,33352,33164,37192,34616,31636,28928,28816,29581,29364,32136,26968
33136,32242,32660,33196,32517,34556,36772,34456,33352,33164,37192,34616,31636,28928,28816,29581,29364,32136,26968
33060,33363,32613,33103,32624,34556,36772,34456,33352,33164,37192,34616,31636,28928,28816,29581,29364,32136,26968
32794,33183,32880,33229,34051,34556,36772,34456,33352,33164,37192,34616,31636,28928,28816,29581,29364,32136,26968
32422,33736,32826,33100,31994,34556,36772,34456,33352,33164,37192,34616,31636,28928,28816,29581,29364,32136,26968
32652,34810,32729,32726,32200,34640,36690,34560,33352,33344,37172,34850,31628,29164,29568,30550,29896,31044,28961
32772,35466,32829,32590,33408,34640,36690,34560,33352,33344,37172,34850,31628,29164,29568,30550,29896,31044,28961
32746,32584,33239,32738,31630,34640,36690,34560,33352,33344,37172,34850,31628,29164,29568,30550,29896,31044,28961
32788,31737,33302,32953,33175,34640,36690,34560,33352,33344,37172,34850,31628,29164,29568,30550,29896,31044,28961
33248,31842,33203,33110,32492,34640,36690,34560,33352,33344,37172,34850,31628,29164,29568,30550,29896,31044,28961
33431,29720,32775,32829,31357,34640,36690,34560,33352,33344,37172,34850,31628,29164,29568,30550,29896,31044,28961
33252,29893,32421,32790,33799,34640,36690,34560,33352,33344,37172,34850,31628,29164,29568,30550,29896,31044,28961
32988,32098,32360,32896,32821,34640,36690,34560,33352,33344,37172,34850,31628,29164,29568,30550,29896,31044,28961
32796,30673,32294,32750,31709,34640,36690,34560,33352,33344,37172,34850,31628,29164,29568,30550,29896,31044,28961
32413,32135,32474,32517,34791,34640,36690,34560,33352,33344,37172,34850,31628,29164,29568,30550,29896,31044,28961
32558,34871,32848,32392,33287,34808,36636,34680,33412,33536,37164,34752,31548,29492,29733,30852,28820,31264,29300
32472,35499,32850,32560,31342,34808,36636,34680,33412,33536,37164,34752,31548,29492,29733,30852,28820,31264,29300
32272,33976,32562,32786,33639,34808,36636,34680,33412,33536,37164,34752,31548,29492,29733,30852,28820,31264,29300
32482,33277,32342,32847,32417,34808,36636,34680,33412,33536,37164,34752,31548,29492,29733,30852,28820,31264,29300
32688,33125,33058,32722,32510,34808,36636,34680,33412,33536,37164,34752,31548,29492,29733,30852,28820,31264,29300
32790,32487,33033,32766,34697,34808,36636,34680,33412,33536,37164,34752,31548,29492,29733,30852,28820,31264,29300
32488,32620,33368,32786,31332,34808,36636,34680,33412,33536,37164,34752,31548,29492,29733,30852,28820,31264,29300
32456,32826,33863,32796,31775,34808,36636,34680,33412,33536,37164,34752,31548,29492,29733,30852,28820,31264,29300
32246,33028,33332,32688,32987,34808,36636,34680,33412,33536,37164,34752,31548,29492,29733,30852,28820,31264,29300
32562,32687,32450,32770,33459,34808,36636,34680,33412,33536,37164,34752,31548,29492,29733,30852,28820,31264,29300
32796,32674,32005,32957,32792,34970,36508,34493,33252,33592,37048,34840,31608,29696,30032,31377,30258,32112,29288
32644,33168,31948,32915,33142,34970,36508,34493,33252,33592,37048,34840,31608,29696,30032,31377,30258,32112,29288
32740,32982,32331,32604,32809,34970,36508,34493,33252,33592,37048,34840,31608,29696,30032,31377,30258,32112,29288
32668,32716,32935,32689,29847,34970,36508,34493,33252,33592,37048,34840,31608,29696,30032,31377,30258,32112,29288
32379,32400,32728,32870,32644,34970,36508,34493,33252,33592,37048,34840,31608,29696,30032,31377,30258,32112,29288
32260,31461,32688,32976,34959,34970,36508,34493,33252,33592,37048,34840,31608,29696,30032,31377,30258,32112,29288
32690,30764,32990,32957,30554,34970,36508,34493,33252,33592,37048,34840,31608,29696,30032,31377,30258,32112,29288
32992,33223,32732,32870,33190,34970,36508,34493,33252,33592,37048,34840,31608,29696,30032,31377,30258,32112,29288
33142,35960,32888,32546,34188,34970,36508,34493,33252,33592,37048,34840,31608,29696,30032,31377,30258,32112,29288
33076,36197,32794,32491,30870,34970,36508,34493,33252,33592,37048,34840,31608,29696,30032,31377,30258,32112,29288
32692,35922,32720,32574,33970,34884,36508,34520,33384,33452,37104,34876,31540,29392,30928,32521,27877,31464,32961
32444,36158,32897,32853,33960,34884,36508,34520,33384,33452,37104,34876,31540,29392,30928,32521,27877,31464,32961
32292,35894,32861,33155,34055,34884,36508,34520,33384,33452,37104,34876,31540,29392,30928,32521,27877,31464,32961
32566,31239,32748,33334,31096,34884,36508,34520,33384,33452,37104,34876,31540,29392,30928,32521,27877,31464,32961
32936,28302,32880,33142,33241,34884,36508,34520,33384,33452,37104,34876,31540,29392,30928,32521,27877,31464,32961
33040,31697,32616,32804,35233,34884,36508,34520,33384,33452,37104,34876,31540,29392,30928,32521,27877,31464,32961
33057,30344,32855,32692,31000,34884,36508,34520,33384,33452,37104,34876,31540,29392,30928,32521,27877,31464,32961
33166,30501,32914,33084,34497,34884,36508,34520,33384,33452,37104,34876,31540,29392,30928,32521,27877,31464,32961
33104,31219,32839,32974,30380,34884,36508,34520,33384,33452,37104,34876,31540,29392,30928,32521,27877,31464,32961
32768,31450,32693,32548,34718,34884,36508,34520,33384,33452,37104,34876,31540,29392,30928,32521,27877,31464,32961
32522,32015,33066,32500,33181,34736,36636,34936,33288,33370,37320,35004,31612,29333,32346,33574,28725,30216,35936
32804,31944,33158,32214,30053,34736,36636,34936,33288,33370,37320,35004,31612,29333,32346,33574,28725,30216,35936
32696,31960,33067,31840,35226,34736,36636,34936,33288,33370,37320,35004,31612,29333,32346,33574,28725,30216,35936
32682,32573,32886,32187,29586,34736,36636,34936,33288,33370,37320,35004,31612,29333,32346,33574,28725,30216,35936
32208,32909,32740,32713,37120,34736,36636,34936,33288,33370,37320,35004,31612,29333,32346,33574,28725,30216,35936
31334,32899,32516,33032,32998,34736,36636,34936,33288,33370,37320,35004,31612,29333,32346,33574,28725,30216,35936
31728,32954,32452,33111,24498,34736,36636,34936,33288,33370,37320,35004,31612,29333,32346,33574,28725,30216,35936
32380,33110,33110,32866,44205,34736,36636,34936,33288,33370,37320,35004,31612,29333,32346,33574,28725,30216,35936
32725,33222,33369,33050,34424,34736,36636,34936,33288,33370,37320,35004,31612,29333,32346,33574,28725,30216,35936
32582,33271,32870,33136,29764,34736,36636,34936,33288,33370,37320,35004,31612,29333,32346,33574,28725,30216,35936
32470,33216,32377,33106,29452,34500,36896,35080,33336,32882,37536,35104,31628,29396,32912,33876,28221,29481,35389
32782,33247,32405,32902,36374,34500,36896,35080,33336,32882,37536,35104,31628,29396,32912,33876,28221,29481,35389
33108,32592,32487,32845,43748,34500,36896,35080,33336,32882,37536,35104,31628,29396,32912,33876,28221,29481,35389
33352,32144,32640,32882,21758,34500,36896,35080,33336,32882,37536,35104,31628,29396,32912,33876,28221,29481,35389
32664,32283,33224,32814,28442,34500,36896,35080,33336,32882,37536,35104,31628,29396,32912,33876,28221,29481,35389
31634,32674,32941,32724,49562,34500,36896,35080,33336,32882,37536,35104,31628,29396,32912,33876,28221,29481,35389
31904,33395,32898,32414,17688,34500,36896,35080,33336,32882,37536,35104,31628,29396,32912,33876,28221,29481,35389
32653,33863,32872,32656,28256,34500,36896,35080,33336,32882,37536,35104,31628,29396,32912,33876,28221,29481,35389
32910,34628,33016,32932,49225,34500,36896,35080,33336,32882,37536,35104,31628,29396,32912,33876,28221,29481,35389
32862,34644,32298,33344,17167,34500,36896,35080,33336,32882,37536,35104,31628,29396,32912,33876,28221,29481,35389
32910,34328,32386,33409,32478,34196,36984,34974,33282,32672,37444,34728,31648,29412,33046,34448,29889,31892,32464
32836,33230,32984,33170,45718,34196,36984,34974,33282,32672,37444,34728,31648,29412,33046,34448,29889,31892,32464
32734,32637,33018,32889,20173,34196,36984,34974,33282,32672,37444,34728,31648,29412,33046,34448,29889,31892,32464
32536,32583,32662,32805,36655,34196,36984,34974,33282,32672,37444,34728,31648,29412,33046,34448,29889,31892,32464
32720,32537,32827,32298,37269,34196,36984,34974,33282,32672,37444,34728,31648,29412,33046,34448,29889,31892,32464
33014,32775,33125,31862,29606,34196,36984,34974,33282,32672,37444,34728,31648,29412,33046,34448,29889,31892,32464
33184,32459,33376,32539,32687,34196,36984,34974,33282,32672,37444,34728,31648,29412,33046,34448,29889,31892,32464
33492,32724,32864,32756,32675,34196,36984,34974,33282,32672,37444,34728,31648,29412,33046,34448,29889,31892,32464
33628,33481,32332,32475,33360,34196,36984,34974,33282,32672,37444,34728,31648,29412,33046,34448,29889,31892,32464
33269,33237,32477,32607,32295,34196,36984,34974,33282,32672,37444,34728,31648,29412,33046,34448,29889,31892,32464
33124,32923,33191,32806,30094,33824,37074,34912,33368,32545,37276,34468,31576,29560,32624,33934,27104,28672,32356
33029,31230,33403,33033,34121,33824,37074,34912,33368,32545,37276,34468,31576,29560,32624,33934,27104,28672,32356
32706,30460,32904,33072,33217,33824,37074,34912,33368,32545,37276,34468,31576,29560,32624,33934,27104,28672,32356
32754,32416,32603,32980,31055,33824,37074,34912,33368,32545,37276,34468,31576,29560,32624,33934,27104,28672,32356
33014,32701,32556,32712,33499,33824,37074,34912,33368,32545,37276,34468,31576,29560,32624,33934,27104,28672,32356
32546,31121,32592,32664,34530,33824,37074,34912,33368,32545,37276,34468,31576,29560,32624,33934,27104,28672,32356
32349,32813,32391,32660,33456,33824,37074,34912,33368,32545,37276,34468,31576,29560,32624,33934,27104,28672,32356
32876,33340,32637,32787,30470,33824,37074,34912,33368,32545,37276,34468,31576,29560,32624,33934,27104,28672,32356
33054,32031,33143,32944,34922,33824,37074,34912,33368,32545,37276,34468,31576,29560,32624,33934,27104,28672,32356
33202,30834,33050,33137,31934,33824,37074,34912,33368,32545,37276,34468,31576,29560,32624,33934,27104,28672,32356
33866,31865,33668,33148,31306,33760,37136,34992,33218,32386,37292,34284,31640,30112,31660,32450,28570,28964,33080
33861,37094,33300,32929,33324,33760,37136,34992,33218,32386,37292,34284,31640,30112,31660,32450,28570,28964,33080
33728,36601,32840,32658,34415,33760,37136,34992,33218,32386,37292,34284,31640,30112,31660,32450,28570,28964,33080
33765,33822,32830,32486,34474,33760,37136,34992,33218,32386,37292,34284,31640,30112,31660,32450,28570,28964,33080
32714,32102,32471,32396,30595,33760,37136,34992,33218,32386,37292,34284,31640,30112,31660,32450,28570,28964,33080
32392,32441,32233,32618,33590,33760,37136,34992,33218,32386,37292,34284,31640,30112,31660,32450,28570,28964,33080
32712,31204,32418,32726,34432,33760,37136,34992,33218,32386,37292,34284,31640,30112,31660,32450,28570,28964,33080
32440,31892,32311,32871,33946,33760,37136,34992,33218,32386,37292,34284,31640,30112,31660,32450,28570,28964,33080
32614,33026,33093,32775,29397,33760,37136,34992,33218,32386,37292,34284,31640,30112,31660,32450,28570,28964,33080
32463,33286,33683,32690,36390,33760,37136,34992,33218,32386,37292,34284,31640,30112,31660,32450,28570,28964,33080
32730,32552,33439,32775,34040,33581,37225,34860,33324,32300,37217,34072,31628,29800,30077,29203,29568,30336,30840
33496,32135,33031,32783,31647,33581,37225,34860,33324,32300,37217,34072,31628,29800,30077,29203,29568,30336,30840
33732,32510,31986,32758,30772,33581,37225,34860,33324,32300,37217,34072,31628,29800,30077,29203,29568,30336,30840
33976,32771,32001,32710,32789,33581,37225,34860,33324,32300,37217,34072,31628,29800,30077,29203,29568,30336,30840
33974,32802,33004,32740,32188,33581,37225,34860,33324,32300,37217,34072,31628,29800,30077,29203,29568,30336,30840
33945,32856,33117,32701,33449,33581,37225,34860,33324,32300,37217,34072,31628,29800,30077,29203,29568,30336,30840
33052,32861,33424,32771,31192,33581,37225,34860,33324,32300,37217,34072,31628,29800,30077,29203,29568,30336,30840
32585,32907,33506,32656,35071,33581,37225,34860,33324,32300,37217,34072,31628,29800,30077,29203,29568,30336,30840
31995,32910,32297,32742,33949,33581,37225,34860,33324,32300,37217,34072,31628,29800,30077,29203,29568,30336,30840
30774,32901,31668,32832,31625,33581,37225,34860,33324,32300,37217,34072,31628,29800,30077,29203,29568,30336,30840
31356,32583,31843,32971,33318,33424,37240,34660,33162,32208,37192,34084,31688,29828,29220,26324,31804,28324,27009
32008,32582,32314,32791,33582,33424,37240,34660,33162,32208,37192,34084,31688,29828,29220,26324,31804,28324,27009
32500,32557,33019,32701,32361,33424,37240,34660,33162,32208,37192,34084,31688,29828,29220,26324,31804,28324,27009
32986,32786,33380,32638,31443,33424,37240,34660,33162,32208,37192,34084,31688,29828,29220,26324,31804,28324,27009
33046,32791,33223,32714,33772,33424,37240,34660,33162,32208,37192,34084,31688,29828,29220,26324,31804,28324,27009
33095,32775,32764,32858,31922,33424,37240,34660,33162,32208,37192,34084,31688,29828,29220,26324,31804,28324,27009
33284,32844,32420,32905,32619,33424,37240,34660,33162,32208,37192,34084,31688,29828,29220,26324,31804,28324,27009
33334,32875,32456,32880,33725,33424,37240,34660,33162,32208,37192,34084,31688,29828,29220,26324,31804,28324,27009
33437,32701,32902,32733,33548,33424,37240,34660,33162,32208,37192,34084,31688,29828,29220,26324,31804,28324,27009
32964,32859,33060,32672,32006,33424,37240,34660,33162,32208,37192,34084,31688,29828,29220,26324,31804,28324,27009
32877,32828,32955,32847,34193,33348,37260,34592,33312,32084,37280,34161,31728,29896,28765,24528,30872,29189,24678
32873,32879,33146,32804,33014,33348,37260,34592,33312,32084,37280,34161,31728,29896,28765,24528,30872,29189,24678
32992,32946,32722,32748,32369,33348,37260,34592,33312,32084,37280,34161,31728,29896,28765,24528,30872,29189,24678
32761,32950,32176,32785,30780,33348,37260,34592,33312,32084,37280,34161,31728,29896,28765,24528,30872,29189,24678
32658,32659,32417,32612,35118,33348,37260,34592,33312,32084,37280,34161,31728,29896,28765,24528,30872,29189,24678
32388,32574,33037,32624,31956,33348,37260,34592,33312,32084,37280,34161,31728,29896,28765,24528,30872,29189,24678
32346,32398,33419,32704,30785,33348,37260,34592,33312,32084,37280,34161,31728,29896,28765,24528,30872,29189,24678
31606,31791,33652,32719,34150,33348,37260,34592,33312,32084,37280,34161,31728,29896,28765,24528,30872,29189,24678
31578,32426,33195,32940,31517,33348,37260,34592,33312,32084,37280,34161,31728,29896,28765,24528,30872,29189,24678
31188,33462,33038,33061,32926,33348,37260,34592,33312,32084,37280,34161,31728,29896,28765,24528,30872,29189,24678
30943,34128,32416,33016,34532,33464,37284,34604,33260,32120,37321,34240,31668,30010,28274,23128,31344,28946,22842
31546,33642,32634,32924,32328,33464,37284,34604,33260,32120,37321,34240,31668,30010,28274,23128,31344,28946,22842
32002,32852,32549,32929,32530,33464,37284,34604,33260,32120,37321,34240,31668,30010,28274,23128,31344,28946,22842
32028,32635,32924,32932,33808,33464,37284,34604,33260,32120,37321,34240,31668,30010,28274,23128,31344,28946,22842
32197,32780,32652,32827,31716,33464,37284,34604,33260,32120,37321,34240,31668,30010,28274,23128,31344,28946,22842
31842,32976,32475,32877,32750,33464,37284,34604,33260,32120,37321,34240,31668,30010,28274,23128,31344,28946,22842
31238,32792,32856,32660,34483,33464,37284,34604,33260,32120,37321,34240,31668,30010,28274,23128,31344,28946,22842
31076,32646,33072,32671,31627,33464,37284,34604,33260,32120,37321,34240,31668,30010,28274,23128,31344,28946,22842
31565,32541,33352,32804,32544,33464,37284,34604,33260,32120,37321,34240,31668,30010,28274,23128,31344,28946,22842
31950,32796,33288,32859,34205,33464,37284,34604,33260,32120,37321,34240,31668,30010,28274,23128,31344,28946,22842
32447,33021,32840,32760,32244,33796,37192,34612,33292,32580,37260,34220,31761,30376,27433,21366,32426,27476,21212
33106,33162,32654,32732,32738,33796,37192,34612,33292,32580,37260,34220,31761,30376,27433,21366,32426,27476,21212
33225,32857,32060,32766,34333,33796,37192,34612,33292,32580,37260,34220,31761,30376,27433,21366,32426,27476,21212
33014,32239,32151,32998,32660,33796,37192,34612,33292,32580,37260,34220,31761,30376,27433,21366,32426,27476,21212
33028,31992,32387,33308,32818,33796,37192,34612,33292,32580,37260,34220,31761,30376,27433,21366,32426,27476,21212
33076,32743,32517,33117,35015,33796,37192,34612,33292,32580,37260,34220,31761,30376,27433,21366,32426,27476,21212
33122,33081,32833,32908,32796,33796,37192,34612,33292,32580,37260,34220,31761,30376,27433,21366,32426,27476,21212
33154,32869,32707,32687,32036,33796,37192,34612,33292,32580,37260,34220,31761,30376,27433,21366,32426,27476,21212
33257,32695,32490,32710,34224,33796,37192,34612,33292,32580,37260,34220,31761,30376,27433,21366,32426,27476,21212
33204,32894,32665,32786,31167,33796,37192,34612,33292,32580,37260,34220,31761,30376,27433,21366,32426,27476,21212
33279,32519,32718,32822,32362,34066,37122,34382,33276,32852,37282,34220,31776,30715,27336,20940,30632,26992,22873
33304,32134,32259,32805,33570,34066,37122,34382,33276,32852,37282,34220,31776,30715,27336,20940,30632,26992,22873
33513,32094,32594,32640,31469,34066,37122,34382,33276,32852,37282,34220,31776,30715,27336,20940,30632,26992,22873
33668,34637,33124,32645,33310,34066,37122,34382,33276,32852,37282,34220,31776,30715,27336,20940,30632,26992,22873
33877,35784,33343,32562,34752,34066,37122,34382,33276,32852,37282,34220,31776,30715,27336,20940,30632,26992,22873
33943,34746,33260,32702,31371,34066,37122,34382,33276,32852,37282,34220,31776,30715,27336,20940,30632,26992,22873
33917,33011,32766,32820,32950,34066,37122,34382,33276,32852,37282,34220,31776,30715,27336,20940,30632,26992,22873
33864,31456,32493,33009,32339,34066,37122,34382,33276,32852,37282,34220,31776,30715,27336,20940,30632,26992,22873
33708,29354,33106,33188,31269,34066,37122,34382,33276,32852,37282,34220,31776,30715,27336,20940,30632,26992,22873
33148,28850,33416,33253,33574,34066,37122,34382,33276,32852,37282,34220,31776,30715,27336,20940,30632,26992,22873
33398,34278,33314,33092,32417,34180,37136,34340,33184,32900,37284,34185,31756,30568,27280,21771,29080,27313,24452
33598,34456,33079,32815,31879,34180,37136,34340,33184,32900,37284,34185,31756,30568,27280,21771,29080,27313,24452
34072,34117,32932,32741,34542,34180,37136,34340,33184,32900,37284,34185,31756,30568,27280,21771,29080,27313,24452
34202,32740,32925,32556,32402,34180,37136,34340,33184,32900,37284,34185,31756,30568,27280,21771,29080,27313,24452
33896,32782,33622,32671,31769,34180,37136,34340,33184,32900,37284,34185,31756,30568,27280,21771,29080,27313,24452
33769,33056,32986,32688,34043,34180,37136,34340,33184,32900,37284,34185,31756,30568,27280,21771,29080,27313,24452
33577,32457,32094,32752,31647,34180,37136,34340,33184,32900,37284,34185,31756,30568,27280,21771,29080,27313,24452
33678,32288,31832,32765,32550,34180,37136,34340,33184,32900,37284,34185,31756,30568,27280,21771,29080,27313,24452
32650,32564,32120,32751,34357,34180,37136,34340,33184,32900,37284,34185,31756,30568,27280,21771,29080,27313,24452
31783,32591,32255,32812,32308,34180,37136,34340,33184,32900,37284,34185,31756,30568,27280,21771,29080,27313,24452
31928,32590,32079,32772,33122,34304,37098,34204,33248,32820,37324,34066,31792,30372,27550,22752,29113,28189,24896
31865,32493,32320,32595,34482,34304,37098,34204,33248,32820,37324,34066,31792,30372,27550,22752,29113,28189,24896
32667,32555,32830,32616,32171,34304,37098,34204,33248,32820,37324,34066,31792,30372,27550,22752,29113,28189,24896
33250,32527,33308,32658,32292,34304,37098,34204,33248,32820,37324,34066,31792,30372,27550,22752,29113,28189,24896
33253,32026,33661,32647,33725,34304,37098,34204,33248,32820,37324,34066,31792,30372,27550,22752,29113,28189,24896
33220,31611,33932,32773,32032,34304,37098,34204,33248,32820,37324,34066,31792,30372,27550,22752,29113,28189,24896
33172,32415,33758,33049,32680,34304,37098,34204,33248,32820,37324,34066,31792,30372,27550,22752,29113,28189,24896
33093,32861,32834,32888,34005,34304,37098,34204,33248,32820,37324,34066,31792,30372,27550,22752,29113,28189,24896
32916,33559,32278,32798,32045,34304,37098,34204,33248,32820,37324,34066,31792,30372,27550,22752,29113,28189,24896
33162,34311,32274,32916,33252,34304,37098,34204,33248,32820,37324,34066,31792,30372,27550,22752,29113,28189,24896
33132,33704,32313,33095,32841,34432,37024,34202,33088,32694,37308,34084,31740,29868,28196,23986,30605,27744,23780
33346,35430,32326,33024,31354,34432,37024,34202,33088,32694,37308,34084,31740,29868,28196,23986,30605,27744,23780
33312,35974,32900,32926,33852,34432,37024,34202,33088,32694,37308,34084,31740,29868,28196,23986,30605,27744,23780
33294,34308,32711,32649,32536,34432,37024,34202,33088,32694,37308,34084,31740,29868,28196,23986,30605,27744,23780
33444,33500,32323,32761,32462,34432,37024,34202,33088,32694,37308,34084,31740,29868,28196,23986,30605,27744,23780
33262,31474,32880,32820,33380,34432,37024,34202,33088,32694,37308,34084,31740,29868,28196,23986,30605,27744,23780
32984,31304,32839,33027,33163,34432,37024,34202,33088,32694,37308,34084,31740,29868,28196,23986,30605,27744,23780
33688,30150,32996,33268,31486,34432,37024,34202,33088,32694,37308,34084,31740,29868,28196,23986,30605,27744,23780
34042,30185,32947,33012,33475,34432,37024,34202,33088,32694,37308,34084,31740,29868,28196,23986,30605,27744,23780
33986,31851,32850,32820,32740,34432,37024,34202,33088,32694,37308,34084,31740,29868,28196,23986,30605,27744,23780
33833,32526,33086,32866,31623,34460,36920,34144,33196,32704,37228,34240,31660,29215,28808,25506,28728,27864,23900
33661,32263,32688,32861,34052,34460,36920,34144,33196,32704,37228,34240,31660,29215,28808,25506,28728,27864,23900
33188,32348,32582,32871,32806,34460,36920,34144,33196,32704,37228,34240,31660,29215,28808,25506,28728,27864,23900
32492,32681,32823,32869,31670,34460,36920,34144,33196,32704,37228,34240,31660,29215,28808,25506,28728,27864,23900
32615,32969,32699,32747,32492,34460,36920,34144,33196,32704,37228,34240,31660,29215,28808,25506,28728,27864,23900
32850,33334,32899,32594,32761,34460,36920,34144,33196,32704,37228,34240,31660,29215,28808,25506,28728,27864,23900
32902,33132,32909,32690,33388,34460,36920,34144,33196,32704,37228,34240,31660,29215,28808,25506,28728,27864,23900
33022,32954,32748,32716,33692,34460,36920,34144,33196,32704,37228,34240,31660,29215,28808,25506,28728,27864,23900
32993,33294,33012,32730,34206,34460,36920,34144,33196,32704,37228,34240,31660,29215,28808,25506,28728,27864,23900
33344,33564,32716,32743,31707,34460,36920,34144,33196,32704,37228,34240,31660,29215,28808,25506,28728,27864,23900
33186,33656,32975,32848,32948,34506,36820,34172,33172,32762,37156,34296,31764,28908,29432,27378,28728,28360,26464
33068,33218,33041,32865,33529,34506,36820,34172,33172,32762,37156,34296,31764,28908,29432,27378,28728,28360,26464
32722,32651,32903,32943,31253,34506,36820,34172,33172,32762,37156,34296,31764,28908,29432,27378,28728,28360,26464
32614,31111,32846,32987,33301,34506,36820,34172,33172,32762,37156,34296,31764,28908,29432,27378,28728,28360,26464
32446,31071,32717,33061,32229,34506,36820,34172,33172,32762,37156,34296,31764,28908,29432,27378,28728,28360,26464
32145,32898,32471,32903,31324,34506,36820,34172,33172,32762,37156,34296,31764,28908,29432,27378,28728,28360,26464
31544,34853,32756,32896,34073,34506,36820,34172,33172,32762,37156,34296,31764,28908,29432,27378,28728,28360,26464
31536,34675,32876,32789,33368,34506,36820,34172,33172,32762,37156,34296,31764,28908,29432,27378,28728,28360,26464
32409,33608,32824,32669,31919,34506,36820,34172,33172,32762,37156,34296,31764,28908,29432,27378,28728,28360,26464
33037,32634,33216,32726,33633,34506,36820,34172,33172,32762,37156,34296,31764,28908,29432,27378,28728,28360,26464
33396,30897,32916,32828,32576,34532,36740,34180,33206,32928,37108,34368,31754,28688,29440,28700,28072,28908,27301
32738,29664,32839,32897,31465,34532,36740,34180,33206,32928,37108,34368,31754,28688,29440,28700,28072,28908,27301
31796,31427,32550,32853,33799,34532,36740,34180,33206,32928,37108,34368,31754,28688,29440,28700,28072,28908,27301
31956,33320,32862,32792,34299,34532,36740,34180,33206,32928,37108,34368,31754,28688,29440,28700,28072,28908,27301
32032,33441,32632,32703,32242,34532,36740,34180,33206,32928,37108,34368,31754,28688,29440,28700,28072,28908,27301
32197,33065,32838,32702,33639,34532,36740,34180,33206,32928,37108,34368,31754,28688,29440,28700,28072,28908,27301
32428,32701,32737,32724,33572,34532,36740,34180,33206,32928,37108,34368,31754,28688,29440,28700,28072,28908,27301
32838,32431,32931,32647,33327,34532,36740,34180,33206,32928,37108,34368,31754,28688,29440,28700,28072,28908,27301
32481,32612,32892,32633,33195,34532,36740,34180,33206,32928,37108,34368,31754,28688,29440,28700,28072,28908,27301
32354,32694,32827,32647,32800,34532,36740,34180,33206,32928,37108,34368,31754,28688,29440,28700,28072,28908,27301
32996,33174,32578,32692,33277,34576,36714,34132,33220,33106,37056,34472,31675,28645,30022,30765,28388,29726,29704
33145,33902,32903,32765,32903,34576,36714,34132,33220,33106,37056,34472,31675,28645,30022,30765,28388,29726,29704
32885,33769,32890,32977,32883,34576,36714,34132,33220,33106,37056,34472,31675,28645,30022,30765,28388,29726,29704
32292,33127,32985,33167,31430,34576,36714,34132,33220,33106,37056,34472,31675,28645,30022,30765,28388,29726,29704
31616,33599,32427,33089,30772,34576,36714,34132,33220,33106,37056,34472,31675,28645,30022,30765,28388,29726,29704
31046,34537,32745,33122,26365,34576,36714,34132,33220,33106,37056,34472,31675,28645,30022,30765,28388,29726,29704
31223,36605,32588,32998,46660,34576,36714,34132,33220,33106,37056,34472,31675,28645,30022,30765,28388,29726,29704
31688,34320,32768,32832,32186,34576,36714,34132,33220,33106,37056,34472,31675,28645,30022,30765,28388,29726,29704
31928,31817,32913,32559,2557,34576,36714,34132,33220,33106,37056,34472,31675,28645,30022,30765,28388,29726,29704
32528,31704,32748,32506,22830,34576,36714,34132,33220,33106,37056,34472,31675,28645,30022,30765,28388,29726,29704
32533,30804,32911,32583,49049,34596,36802,34172,33116,33248,37068,34400,31760,28605,30372,32059,30585,32630,29478
31994,30606,32655,32645,48116,34596,36802,34172,33116,33248,37068,34400,31760,28605,30372,32059,30585,32630,29478
31725,30331,32924,32684,31625,34596,36802,34172,33116,33248,37068,34400,31760,28605,30372,32059,30585,32630,29478
31484,31745,32677,32616,18400,34596,36802,34172,33116,33248,37068,34400,31760,28605,30372,32059,30585,32630,29478
31508,32700,32924,32582,35362,34596,36802,34172,33116,33248,37068,34400,31760,28605,30372,32059,30585,32630,29478
31461,32621,32775,32558,31427,34596,36802,34172,33116,33248,37068,34400,31760,28605,30372,32059,30585,32630,29478
31556,33710,32996,32602,34474,34596,36802,34172,33116,33248,37068,34400,31760,28605,30372,32059,30585,32630,29478
31953,34310,32807,32697,42618,34596,36802,34172,33116,33248,37068,34400,31760,28605,30372,32059,30585,32630,29478
32089,34516,32688,32764,37914,34596,36802,34172,33116,33248,37068,34400,31760,28605,30372,32059,30585,32630,29478
32112,34216,32876,32946,25940,34596,36802,34172,33116,33248,37068,34400,31760,28605,30372,32059,30585,32630,29478
32232,32031,32791,32944,33749,34488,36829,34242,33096,33156,37176,34301,31764,28469,31032,33052,27845,29884,31127
32292,32662,32824,32793,34753,34488,36829,34242,33096,33156,37176,34301,31764,28469,31032,33052,27845,29884,31127
32036,31757,32884,32708,30468,34488,36829,34242,33096,33156,37176,34301,31764,28469,31032,33052,27845,29884,31127
31929,31288,32775,32708,36359,34488,36829,34242,33096,33156,37176,34301,31764,28469,31032,33052,27845,29884,31127
32061,32562,32795,32782,34287,34488,36829,34242,33096,33156,37176,34301,31764,28469,31032,33052,27845,29884,31127
32333,33629,32964,32869,29021,34488,36829,34242,33096,33156,37176,34301,31764,28469,31032,33052,27845,29884,31127
32496,32775,32661,32816,25825,34488,36829,34242,33096,33156,37176,34301,31764,28469,31032,33052,27845,29884,31127
32458,32633,32700,32784,27793,34488,36829,34242,33096,33156,37176,34301,31764,28469,31032,33052,27845,29884,31127
32474,32223,32650,32996,30397,34488,36829,34242,33096,33156,37176,34301,31764,28469,31032,33052,27845,29884,31127
32186,31726,32583,32999,31010,34488,36829,34242,33096,33156,37176,34301,31764,28469,31032,33052,27845,29884,31127
32443,32014,32938,32887,34076,34178,36952,34304,33104,32756,37176,34384,31712,28136,31562,34144,28724,30860,35289
33202,32136,32845,32768,33675,34178,36952,34304,33104,32756,37176,34384,31712,28136,31562,34144,28724,30860,35289
33422,32850,32654,32963,32282,34178,36952,34304,33104,32756,37176,34384,31712,28136,31562,34144,28724,30860,35289
33034,33309,32444,32832,34048,34178,36952,34304,33104,32756,37176,34384,31712,28136,31562,34144,28724,30860,35289
32624,33416,32855,32827,35436,34178,36952,34304,33104,32756,37176,34384,31712,28136,31562,34144,28724,30860,35289
32440,33377,32775,32850,32123,34178,36952,34304,33104,32756,37176,34384,31712,28136,31562,34144,28724,30860,35289
32572,33479,32973,32854,34216,34178,36952,34304,33104,32756,37176,34384,31712,28136,31562,34144,28724,30860,35289
32065,33549,32748,32896,32525,34178,36952,34304,33104,32756,37176,34384,31712,28136,31562,34144,28724,30860,35289
32237,32964,32653,32848,31790,34178,36952,34304,33104,32756,37176,34384,31712,28136,31562,34144,28724,30860,35289
32808,32737,32903,32881,34468,34178,36952,34304,33104,32756,37176,34384,31712,28136,31562,34144,28724,30860,35289
33636,32824,32604,32833,35911,33825,37020,34380,33216,32502,37138,34260,31732,28069,31132,33740,27816,30377,32725
33942,32947,32839,32701,32396,33825,37020,34380,33216,32502,37138,34260,31732,28069,31132,33740,27816,30377,32725
33740,33009,32655,32676,32946,33825,37020,34380,33216,32502,37138,34260,31732,28069,31132,33740,27816,30377,32725
33493,33028,32910,32700,35209,33825,37020,34380,33216,32502,37138,34260,31732,28069,31132,33740,27816,30377,32725
33310,32923,32775,32706,31054,33825,37020,34380,33216,32502,37138,34260,31732,28069,31132,33740,27816,30377,32725
33056,32760,32899,32775,31610,33825,37020,34380,33216,32502,37138,34260,31732,28069,31132,33740,27816,30377,32725
32880,32715,32856,32799,33775,33825,37020,34380,33216,32502,37138,34260,31732,28069,31132,33740,27816,30377,32725
33053,32741,32456,32825,30829,33825,37020,34380,33216,32502,37138,34260,31732,28069,31132,33740,27816,30377,32725
33012,32730,32883,32850,32161,33825,37020,34380,33216,32502,37138,34260,31732,28069,31132,33740,27816,30377,32725
32521,32726,32723,32816,33384,33825,37020,34380,33216,32502,37138,34260,31732,28069,31132,33740,27816,30377,32725
32514,32770,32933,32826,31088,33616,37085,34428,33240,32370,37224,34240,31712,28376,31292,33212,27176,31168,31896
32881,32795,32679,32825,33744,33616,37085,34428,33240,32370,37224,34240,31712,28376,31292,33212,27176,31168,31896
33372,32851,33036,32837,35572,33616,37085,34428,33240,32370,37224,34240,31712,28376,31292,33212,27176,31168,31896
33572,32775,32857,32833,32500,33616,37085,34428,33240,32370,37224,34240,31712,28376,31292,33212,27176,31168,31896
32936,32854,32848,32954,31504,33616,37085,34428,33240,32370,37224,34240,31712,28376,31292,33212,27176,31168,31896
32176,32864,32634,32932,34358,33616,37085,34428,33240,32370,37224,34240,31712,28376,31292,33212,27176,31168,31896
31408,32826,32700,32912,33040,33616,37085,34428,33240,32370,37224,34240,31712,28376,31292,33212,27176,31168,31896
31987,32861,32757,32879,34295,33616,37085,34428,33240,32370,37224,34240,31712,28376,31292,33212,27176,31168,31896
32835,32820,32544,32880,33488,33616,37085,34428,33240,32370,37224,34240,31712,28376,31292,33212,27176,31168,31896
32967,32724,32796,32656,27442,33616,37085,34428,33240,32370,37224,34240,31712,28376,31292,33212,27176,31168,31896
32794,32706,32767,32489,32888,33498,37074,34604,33120,32300,37352,34214,31724,28904,31252,32204,30936,34112,31528
32592,32786,32898,32805,35136,33498,37074,34604,33120,32300,37352,34214,31724,28904,31252,32204,30936,34112,31528
32553,32977,33040,32818,34972,33498,37074,34604,33120,32300,37352,34214,31724,28904,31252,32204,30936,34112,31528
32604,33073,32680,32904,36018,33498,37074,34604,33120,32300,37352,34214,31724,28904,31252,32204,30936,34112,31528
32782,33140,32962,32998,32110,33498,37074,34604,33120,32300,37352,34214,31724,28904,31252,32204,30936,34112,31528
33054,33102,32630,32954,29639,33498,37074,34604,33120,32300,37352,34214,31724,28904,31252,32204,30936,34112,31528
32787,33074,32717,32967,34329,33498,37074,34604,33120,32300,37352,34214,31724,28904,31252,32204,30936,34112,31528
32865,32963,32934,32869,31586,33498,37074,34604,33120,32300,37352,34214,31724,28904,31252,32204,30936,34112,31528
33348,32975,32775,32275,34004,33498,37074,34604,33120,32300,37352,34214,31724,28904,31252,32204,30936,34112,31528
33821,32845,32942,31677,33084,33498,37074,34604,33120,32300,37352,34214,31724,28904,31252,32204,30936,34112,31528
33649,32591,32979,31948,31111,33550,37112,34724,33186,32348,37360,34434,31716,29377,31020,30683,31245,33456,29926
33104,32443,32742,32130,33280,33550,37112,34724,33186,32348,37360,34434,31716,29377,31020,30683,31245,33456,29926
32734,32223,32943,32049,31911,33550,37112,34724,33186,32348,37360,34434,31716,29377,31020,30683,31245,33456,29926
32016,32072,32900,32960,32875,33550,37112,34724,33186,32348,37360,34434,31716,29377,31020,30683,31245,33456,29926
32378,32212,32629,33604,32849,33550,37112,34724,33186,32348,37360,34434,31716,29377,31020,30683,31245,33456,29926
33122,32631,32797,33671,30923,33550,37112,34724,33186,32348,37360,34434,31716,29377,31020,30683,31245,33456,29926
33624,32946,32827,33360,31224,33550,37112,34724,33186,32348,37360,34434,31716,29377,31020,30683,31245,33456,29926
33502,33016,32718,33156,35311,33550,37112,34724,33186,32348,37360,34434,31716,29377,31020,30683,31245,33456,29926
33346,33066,32857,32967,33646,33550,37112,34724,33186,32348,37360,34434,31716,29377,31020,30683,31245,33456,29926
33040,33000,32511,32511,31121,33550,37112,34724,33186,32348,37360,34434,31716,29377,31020,30683,31245,33456,29926
33007,32824,32724,32554,33663,33688,37000,34656,33240,32496,37252,34512,31696,29654,31116,29456,28072,30900,30800
32952,32703,32582,32980,33115,33688,37000,34656,33240,32496,37252,34512,31696,29654,31116,29456,28072,30900,30800
32904,32750,32926,33182,31494,33688,37000,34656,33240,32496,37252,34512,31696,29654,31116,29456,28072,30900,30800
33094,32912,32775,33248,34361,33688,37000,34656,33240,32496,37252,34512,31696,29654,31116,29456,28072,30900,30800
33170,32910,32959,32668,33350,33688,37000,34656,33240,32496,37252,34512,31696,29654,31116,29456,28072,30900,30800
33234,32884,32762,32127,31899,33688,37000,34656,33240,32496,37252,34512,31696,29654,31116,29456,28072,30900,30800
33218,32824,33008,32316,33415,33688,37000,34656,33240,32496,37252,34512,31696,29654,31116,29456,28072,30900,30800
33170,32812,32734,33007,33188,33688,37000,34656,33240,32496,37252,34512,31696,29654,31116,29456,28072,30900,30800
33218,33066,32864,32903,31811,33688,37000,34656,33240,32496,37252,34512,31696,29654,31116,29456,28072,30900,30800
33246,33106,32955,32412,34167,33688,37000,34656,33240,32496,37252,34512,31696,29654,31116,29456,28072,30900,30800
33173,32929,32647,31714,33352,33864,36928,34648,33291,32754,37252,34480,31760,29794,31488,28600,28946,32304,30177
33114,32876,32918,30677,31767,33864,36928,34648,33291,32754,37252,34480,31760,29794,31488,28600,28946,32304,30177
33068,32859,32884,30210,33651,33864,36928,34648,33291,32754,37252,34480,31760,29794,31488,28600,28946,32304,30177
33076,32684,32729,31647,32485,33864,36928,34648,33291,32754,37252,34480,31760,29794,31488,28600,28946,32304,30177
33018,32354,32846,32739,31561,33864,36928,34648,33291,32754,37252,34480,31760,29794,31488,28600,28946,32304,30177
32962,32378,32676,37304,34288,33864,36928,34648,33291,32754,37252,34480,31760,29794,31488,28600,28946,32304,30177
33024,32692,32816,37106,32193,33864,36928,34648,33291,32754,37252,34480,31760,29794,31488,28600,28946,32304,30177
33174,32742,32834,34247,31364,33864,36928,34648,33291,32754,37252,34480,31760,29794,31488,28600,28946,32304,30177
33240,32663,32677,33131,34020,33864,36928,34648,33291,32754,37252,34480,31760,29794,31488,28600,28946,32304,30177
33222,32897,32935,32740,31358,33864,36928,34648,33291,32754,37252,34480,31760,29794,31488,28600,28946,32304,30177
33188,32922,32864,32638,32860,34019,36840,34512,33260,32878,37114,34474,31744,30033,31616,27738,30785,32384,29857
32966,32936,32768,32583,33704,34019,36840,34512,33260,32878,37114,34474,31744,30033,31616,27738,30785,32384,29857
32989,33038,32983,32563,31677,34019,36840,34512,33260,32878,37114,34474,31744,30033,31616,27738,30785,32384,29857
32987,32957,32722,32560,33481,34019,36840,34512,33260,32878,37114,34474,31744,30033,31616,27738,30785,32384,29857
32404,33053,32737,32566,34979,34019,36840,34512,33260,32878,37114,34474,31744,30033,31616,27738,30785,32384,29857
31716,33005,32467,32550,31925,34019,36840,34512,33260,32878,37114,34474,31744,30033,31616,27738,30785,32384,29857
31828,32852,32695,32514,32740,34019,36840,34512,33260,32878,37114,34474,31744,30033,31616,27738,30785,32384,29857
32196,32822,32850,32477,33967,34019,36840,34512,33260,32878,37114,34474,31744,30033,31616,27738,30785,32384,29857
32327,32840,32791,32514,31410,34019,36840,34512,33260,32878,37114,34474,31744,30033,31616,27738,30785,32384,29857
32622,32878,32707,32512,33232,34019,36840,34512,33260,32878,37114,34474,31744,30033,31616,27738,30785,32384,29857
32613,32928,32843,32536,34373,34040,36764,34496,33148,32800,37120,34316,31740,30280,31772,26904,28572,29930,26881
32616,32916,32894,32578,31750,34040,36764,34496,33148,32800,37120,34316,31740,30280,31772,26904,28572,29930,26881
32869,33114,32794,32569,33188,34040,36764,34496,33148,32800,37120,34316,31740,30280,31772,26904,28572,29930,26881
33148,32746,32614,32589,34030,34040,36764,34496,33148,32800,37120,34316,31740,30280,31772,26904,28572,29930,26881
33223,32490,32973,32740,32921,34040,36764,34496,33148,32800,37120,34316,31740,30280,31772,26904,28572,29930,26881
33193,32695,32684,32815,32130,34040,36764,34496,33148,32800,37120,34316,31740,30280,31772,26904,28572,29930,26881
33168,33142,32984,32612,34062,34040,36764,34496,33148,32800,37120,34316,31740,30280,31772,26904,28572,29930,26881
33182,33110,32887,32523,34490,34040,36764,34496,33148,32800,37120,34316,31740,30280,31772,26904,28572,29930,26881
32713,33261,32899,32484,33031,34040,36764,34496,33148,32800,37120,34316,31740,30280,31772,26904,28572,29930,26881
32137,33071,32476,32582,33811,34040,36764,34496,33148,32800,37120,34316,31740,30280,31772,26904,28572,29930,26881
31736,32417,32717,32723,32686,34016,36800,34480,33260,32673,37080,34408,31810,30464,31804,26524,32096,33106,26179
31656,32101,32689,32770,33723,34016,36800,34480,33260,32673,37080,34408,31810,30464,31804,26524,32096,33106,26179
32114,31725,32744,32918,31906,34016,36800,34480,33260,32673,37080,34408,31810,30464,31804,26524,32096,33106,26179
32932,31416,32462,32818,31449,34016,36800,34480,33260,32673,37080,34408,31810,30464,31804,26524,32096,33106,26179
32792,32108,32740,32706,32433,34016,36800,34480,33260,32673,37080,34408,31810,30464,31804,26524,32096,33106,26179
32716,32742,32662,32816,31865,34016,36800,34480,33260,32673,37080,34408,31810,30464,31804,26524,32096,33106,26179
32692,32978,32880,32811,31386,34016,36800,34480,33260,32673,37080,34408,31810,30464,31804,26524,32096,33106,26179
32623,33027,32876,32876,32774,34016,36800,34480,33260,32673,37080,34408,31810,30464,31804,26524,32096,33106,26179
32620,33090,32642,32918,31810,34016,36800,34480,33260,32673,37080,34408,31810,30464,31804,26524,32096,33106,26179
32666,33187,32805,32655,31546,34016,36800,34480,33260,32673,37080,34408,31810,30464,31804,26524,32096,33106,26179
32733,33287,32936,32581,34213,33964,36920,34420,33224,32668,37120,34244,31802,30569,31246,25888,32548,31640,24889
32884,33078,32782,32805,33235,33964,36920,34420,33224,32668,37120,34244,31802,30569,31246,25888,32548,31640,24889
33064,32866,32851,32711,31927,33964,36920,34420,33224,32668,37120,34244,31802,30569,31246,25888,32548,31640,24889
32992,32847,32955,32628,34487,33964,36920,34420,33224,32668,37120,34244,31802,30569,31246,25888,32548,31640,24889
33116,32864,32868,32633,33170,33964,36920,34420,33224,32668,37120,34244,31802,30569,31246,25888,32548,31640,24889
33088,32879,32768,32743,31300,33964,36920,34420,33224,32668,37120,34244,31802,30569,31246,25888,32548,31640,24889
33204,32927,32918,32735,33579,33964,36920,34420,33224,32668,37120,34244,31802,30569,31246,25888,32548,31640,24889
33200,32843,32820,32647,31621,33964,36920,34420,33224,32668,37120,34244,31802,30569,31246,25888,32548,31640,24889
33076,32935,32721,32790,32364,33964,36920,34420,33224,32668,37120,34244,31802,30569,31246,25888,32548,31640,24889
33166,33226,32972,32868,33948,33964,36920,34420,33224,32668,37120,34244,31802,30569,31246,25888,32548,31640,24889
33041,33237,32943,32897,32239,33960,37024,34287,33152,32704,37154,34240,31800,30677,30980,25128,30708,31472,24492
32869,32882,32760,32858,32561,33960,37024,34287,33152,32704,37154,34240,31800,30677,30980,25128,30708,31472,24492
32569,32573,32824,32850,33921,33960,37024,34287,33152,32704,37154,34240,31800,30677,30980,25128,30708,31472,24492
32267,32751,32714,32918,32878,33960,37024,34287,33152,32704,37154,34240,31800,30677,30980,25128,30708,31472,24492
31478,32791,32463,32959,32416,33960,37024,34287,33152,32704,37154,34240,31800,30677,30980,25128,30708,31472,24492
31546,32810,32836,32753,33879,33960,37024,34287,33152,32704,37154,34240,31800,30677,30980,25128,30708,31472,24492
31896,32652,32862,32637,30575,33960,37024,34287,33152,32704,37154,34240,31800,30677,30980,25128,30708,31472,24492
33058,32425,32656,32740,33346,33960,37024,34287,33152,32704,37154,34240,31800,30677,30980,25128,30708,31472,24492
33495,32492,32847,32807,33212,33960,37024,34287,33152,32704,37154,34240,31800,30677,30980,25128,30708,31472,24492
33316,32805,32850,32725,32258,33960,37024,34287,33152,32704,37154,34240,31800,30677,30980,25128,30708,31472,24492
32726,33016,32620,32741,33786,34084,37016,34316,33176,32776,37144,34300,31780,30615,30988,25008,30945,30220,24684
32201,32952,33063,32751,34153,34084,37016,34316,33176,32776,37144,34300,31780,30615,30988,25008,30945,30220,24684
31483,32917,32804,32723,30932,34084,37016,34316,33176,32776,37144,34300,31780,30615,30988,25008,30945,30220,24684
32125,32907,32886,32752,33142,34084,37016,34316,33176,32776,37144,34300,31780,30615,30988,25008,30945,30220,24684
32615,32645,32578,32846,34141,34084,37016,34316,33176,32776,37144,34300,31780,30615,30988,25008,30945,30220,24684
32530,32695,32620,32853,32575,34084,37016,34316,33176,32776,37144,34300,31780,30615,30988,25008,30945,30220,24684
32384,32677,32811,32886,33337,34084,37016,34316,33176,32776,37144,34300,31780,30615,30988,25008,30945,30220,24684
32192,32874,32728,32843,33404,34084,37016,34316,33176,32776,37144,34300,31780,30615,30988,25008,30945,30220,24684
32634,33016,32889,32771,31207,34084,37016,34316,33176,32776,37144,34300,31780,30615,30988,25008,30945,30220,24684
32905,32957,32799,32467,33586,34084,37016,34316,33176,32776,37144,34300,31780,30615,30988,25008,30945,30220,24684
33010,32872,32850,32326,31972,34236,36888,34461,33144,32944,37120,34420,31740,30520,30704,24416,29816,31232,24372
33108,32786,32933,32606,32466,34236,36888,34461,33144,32944,37120,34420,31740,30520,30704,24416,29816,31232,24372
33166,32718,32734,32632,34066,34236,36888,34461,33144,32944,37120,34420,31740,30520,30704,24416,29816,31232,24372
32904,32673,32960,32525,32728,34236,36888,34461,33144,32944,37120,34420,31740,30520,30704,24416,29816,31232,24372
32758,32501,33059,32382,32868,34236,36888,34461,33144,32944,37120,34420,31740,30520,30704,24416,29816,31232,24372
33262,32573,32818,32639,32639,34236,36888,34461,33144,32944,37120,34420,31740,30520,30704,24416,29816,31232,24372
33336,32684,32731,32808,32541,34236,36888,34461,33144,32944,37120,34420,31740,30520,30704,24416,29816,31232,24372
33173,32740,32772,32864,31327,34236,36888,34461,33144,32944,37120,34420,31740,30520,30704,24416,29816,31232,24372
32870,32658,32497,32914,33827,34236,36888,34461,33144,32944,37120,34420,31740,30520,30704,24416,29816,31232,24372
32728,32809,32774,32739,33848,34236,36888,34461,33144,32944,37120,34420,31740,30520,30704,24416,29816,31232,24372
33104,32808,32922,32748,31112,34340,36784,34444,33120,33016,37056,34560,31736,30431,30850,24328,32100,30788,23702
33112,32937,32732,32740,34436,34340,36784,34444,33120,33016,37056,34560,31736,30431,30850,24328,32100,30788,23702
32832,32927,32941,32840,32263,34340,36784,34444,33120,33016,37056,34560,31736,30431,30850,24328,32100,30788,23702
32656,32993,32846,32860,31232,34340,36784,34444,33120,33016,37056,34560,31736,30431,30850,24328,32100,30788,23702
32934,32837,32568,32946,34898,34340,36784,34444,33120,33016,37056,34560,31736,30431,30850,24328,32100,30788,23702
33068,32850,32767,33020,30850,34340,36784,34444,33120,33016,37056,34560,31736,30431,30850,24328,32100,30788,23702
32778,32986,32827,32816,32800,34340,36784,34444,33120,33016,37056,34560,31736,30431,30850,24328,32100,30788,23702
31953,33008,32624,32951,34439,34340,36784,34444,33120,33016,37056,34560,31736,30431,30850,24328,32100,30788,23702
32070,33033,32893,32878,30951,34340,36784,34444,33120,33016,37056,34560,31736,30431,30850,24328,32100,30788,23702
32391,32934,32812,32903,33019,34340,36784,34444,33120,33016,37056,34560,31736,30431,30850,24328,32100,30788,23702
32635,32595,32632,32914,33849,34337,36634,34624,33094,33056,37072,34676,31724,30704,31574,24906,28764,29892,24872
32476,32795,32876,32702,31311,34337,36634,34624,33094,33056,37072,34676,31724,30704,31574,24906,28764,29892,24872
31994,32976,32688,32775,33548,34337,36634,34624,33094,33056,37072,34676,31724,30704,31574,24906,28764,29892,24872
31608,32903,32984,32903,33260,34337,36634,34624,33094,33056,37072,34676,31724,30704,31574,24906,28764,29892,24872
31814,32775,32826,32590,31323,34337,36634,34624,33094,33056,37072,34676,31724,30704,31574,24906,28764,29892,24872
32412,32628,32706,32775,32812,34337,36634,34624,33094,33056,37072,34676,31724,30704,31574,24906,28764,29892,24872
32846,32555,32985,32541,34417,34337,36634,34624,33094,33056,37072,34676,31724,30704,31574,24906,28764,29892,24872
33184,32644,32856,32061,33271,34337,36634,34624,33094,33056,37072,34676,31724,30704,31574,24906,28764,29892,24872
33416,32450,32741,31527,31746,34337,36634,34624,33094,33056,37072,34676,31724,30704,31574,24906,28764,29892,24872
33377,32406,32951,31998,32623,34337,36634,34624,33094,33056,37072,34676,31724,30704,31574,24906,28764,29892,24872
33262,32896,32656,32626,35488,34364,36652,34792,33228,32882,37154,34744,31724,31161,32178,25562,29826,31048,26972
33097,33124,32967,33311,32423,34364,36652,34792,33228,32882,37154,34744,31724,31161,32178,25562,29826,31048,26972
32877,33420,32888,33247,32775,34364,36652,34792,33228,32882,37154,34744,31724,31161,32178,25562,29826,31048,26972
32722,33655,32802,33126,33334,34364,36652,34792,33228,32882,37154,34744,31724,31161,32178,25562,29826,31048,26972
32594,33038,32854,33150,30289,34364,36652,34792,33228,32882,37154,34744,31724,31161,32178,25562,29826,31048,26972
32022,31923,32872,33196,33464,34364,36652,34792,33228,32882,37154,34744,31724,31161,32178,25562,29826,31048,26972
31830,31919,32709,33046,32732,34364,36652,34792,33228,32882,37154,34744,31724,31161,32178,25562,29826,31048,26972
32430,32037,32827,33052,30795,34364,36652,34792,33228,32882,37154,34744,31724,31161,32178,25562,29826,31048,26972
32924,31837,32845,33144,35475,34364,36652,34792,33228,32882,37154,34744,31724,31161,32178,25562,29826,31048,26972
33273,32007,32771,33099,35387,34364,36652,34792,33228,32882,37154,34744,31724,31161,32178,25562,29826,31048,26972
33381,32914,32961,32939,32848,34388,36718,34896,33177,32792,37140,34784,31762,31051,31460,25592,29392,30508,25273
33249,33200,32855,32813,30916,34388,36718,34896,33177,32792,37140,34784,31762,31051,31460,25592,29392,30508,25273
32888,32899,32594,32775,31750,34388,36718,34896,33177,32792,37140,34784,31762,31051,31460,25592,29392,30508,25273
32858,32543,32712,32785,34903,34388,36718,34896,33177,32792,37140,34784,31762,31051,31460,25592,29392,30508,25273
32826,32704,32646,32706,32075,34388,36718,34896,33177,32792,37140,34784,31762,31051,31460,25592,29392,30508,25273
32761,33010,32883,32736,31220,34388,36718,34896,33177,32792,37140,34784,31762,31051,31460,25592,29392,30508,25273
32576,33086,32794,32679,31980,34388,36718,34896,33177,32792,37140,34784,31762,31051,31460,25592,29392,30508,25273
32679,33219,32671,32665,34702,34388,36718,34896,33177,32792,37140,34784,31762,31051,31460,25592,29392,30508,25273
32738,32948,32942,32768,34155,34388,36718,34896,33177,32792,37140,34784,31762,31051,31460,25592,29392,30508,25273
32492,32903,33013,32728,33756,34388,36718,34896,33177,32792,37140,34784,31762,31051,31460,25592,29392,30508,25273
32517,33061,32799,32572,31596,34352,36682,34697,33192,32770,37064,34672,31728,30832,31328,26304,30068,31808,24921
33106,33569,32651,32441,33316,34352,36682,34697,33192,32770,37064,34672,31728,30832,31328,26304,30068,31808,24921
33180,34374,32806,32356,30182,34352,36682,34697,33192,32770,37064,34672,31728,30832,31328,26304,30068,31808,24921
32804,34692,32580,32336,34111,34352,36682,34697,33192,32770,37064,34672,31728,30832,31328,26304,30068,31808,24921
32712,33680,32807,32628,33572,34352,36682,34697,33192,32770,37064,34672,31728,30832,31328,26304,30068,31808,24921
32579,32335,32608,32880,31890,34352,36682,34697,33192,32770,37064,34672,31728,30832,31328,26304,30068,31808,24921
32634,30420,33015,33300,33480,34352,36682,34697,33192,32770,37064,34672,31728,30832,31328,26304,30068,31808,24921
32616,29779,32678,33406,33835,34352,36682,34697,33192,32770,37064,34672,31728,30832,31328,26304,30068,31808,24921
32739,31548,32940,33014,31941,34352,36682,34697,33192,32770,37064,34672,31728,30832,31328,26304,30068,31808,24921
32884,32855,32885,32801,32686,34352,36682,34697,33192,32770,37064,34672,31728,30832,31328,26304,30068,31808,24921
32964,32784,32755,32545,33348,34364,36664,34616,33120,32873,37060,34578,31728,30599,32016,27234,30224,31936,25680
32876,33147,32901,32772,32000,34364,36664,34616,33120,32873,37060,34578,31728,30599,32016,27234,30224,31936,25680
32770,33267,32754,33132,33368,34364,36664,34616,33120,32873,37060,34578,31728,30599,32016,27234,30224,31936,25680
32844,33360,32912,32959,33349,34364,36664,34616,33120,32873,37060,34578,31728,30599,32016,27234,30224,31936,25680
32714,33601,32701,32630,32550,34364,36664,34616,33120,32873,37060,34578,31728,30599,32016,27234,30224,31936,25680
32741,33941,32949,32236,33136,34364,36664,34616,33120,32873,37060,34578,31728,30599,32016,27234,30224,31936,25680
32736,34012,32740,32511,35726,34364,36664,34616,33120,32873,37060,34578,31728,30599,32016,27234,30224,31936,25680
32600,34125,32949,32458,38949,34364,36664,34616,33120,32873,37060,34578,31728,30599,32016,27234,30224,31936,25680
32724,33637,32906,32112,27024,34364,36664,34616,33120,32873,37060,34578,31728,30599,32016,27234,30224,31936,25680
33092,32580,32877,32594,22111,34364,36664,34616,33120,32873,37060,34578,31728,30599,32016,27234,30224,31936,25680
33151,30977,33080,33070,30680,34261,36672,34616,33224,32762,36976,34626,31734,30137,32592,28700,28648,30536,27201
33310,30831,32884,33260,43334,34261,36672,34616,33224,32762,36976,34626,31734,30137,32592,28700,28648,30536,27201
33378,31890,32905,33194,36358,34261,36672,34616,33224,32762,36976,34626,31734,30137,32592,28700,28648,30536,27201
33298,32052,32997,33065,28190,34261,36672,34616,33224,32762,36976,34626,31734,30137,32592,28700,28648,30536,27201
33290,32430,32585,33008,32522,34261,36672,34616,33224,32762,36976,34626,31734,30137,32592,28700,28648,30536,27201
32956,32262,32586,33033,35831,34261,36672,34616,33224,32762,36976,34626,31734,30137,32592,28700,28648,30536,27201
32667,31751,32398,33048,34186,34261,36672,34616,33224,32762,36976,34626,31734,30137,32592,28700,28648,30536,27201
32532,32570,32570,32946,30753,34261,36672,34616,33224,32762,36976,34626,31734,30137,32592,28700,28648,30536,27201
31992,33083,32655,32950,32882,34261,36672,34616,33224,32762,36976,34626,31734,30137,32592,28700,28648,30536,27201
31480,33316,32611,32980,35300,34261,36672,34616,33224,32762,36976,34626,31734,30137,32592,28700,28648,30536,27201
31954,33408,32967,32792,31566,34128,36704,34664,33206,32672,37016,34629,31776,29882,32568,29540,28516,30716,27732
32617,33454,32694,32523,32310,34128,36704,34664,33206,32672,37016,34629,31776,29882,32568,29540,28516,30716,27732
32767,33475,32962,32344,33714,34128,36704,34664,33206,32672,37016,34629,31776,29882,32568,29540,28516,30716,27732
32770,33180,32897,32240,32911,34128,36704,34664,33206,32672,37016,34629,31776,29882,32568,29540,28516,30716,27732
32824,33208,32735,32404,29622,34128,36704,34664,33206,32672,37016,34629,31776,29882,32568,29540,28516,30716,27732
32916,33312,32946,32530,31765,34128,36704,34664,33206,32672,37016,34629,31776,29882,32568,29540,28516,30716,27732
32926,33338,32775,32560,29043,34128,36704,34664,33206,32672,37016,34629,31776,29882,32568,29540,28516,30716,27732
32964,33140,32964,32606,33249,34128,36704,34664,33206,32672,37016,34629,31776,29882,32568,29540,28516,30716,27732
32896,32895,32708,32562,32277,34128,36704,34664,33206,32672,37016,34629,31776,29882,32568,29540,28516,30716,27732
32902,32820,32934,32727,32919,34128,36704,34664,33206,32672,37016,34629,31776,29882,32568,29540,28516,30716,27732
32989,32655,32684,33338,34498,34000,36746,34613,33212,32570,37072,34644,31768,30016,32792,30148,28876,33431,30388
33009,33036,32921,33310,34120,34000,36746,34613,33212,32570,37072,34644,31768,30016,32792,30148,28876,33431,30388
32972,32899,32775,33318,32455,34000,36746,34613,33212,32570,37072,34644,31768,30016,32792,30148,28876,33431,30388
32974,32441,32727,32652,33343,34000,36746,34613,33212,32570,37072,34644,31768,30016,32792,30148,28876,33431,30388
32942,32380,32859,32014,34596,34000,36746,34613,33212,32570,37072,34644,31768,30016,32792,30148,28876,33431,30388
32902,32283,32712,32310,31461,34000,36746,34613,33212,32570,37072,34644,31768,30016,32792,30148,28876,33431,30388
32972,32674,32775,32774,33240,34000,36746,34613,33212,32570,37072,34644,31768,30016,32792,30148,28876,33431,30388
32988,32925,32974,33046,35223,34000,36746,34613,33212,32570,37072,34644,31768,30016,32792,30148,28876,33431,30388
32973,32697,32717,33209,32002,34000,36746,34613,33212,32570,37072,34644,31768,30016,32792,30148,28876,33431,30388
33036,32589,32957,33148,31961,34000,36746,34613,33212,32570,37072,34644,31768,30016,32792,30148,28876,33431,30388
33070,32910,32855,33036,33321,34020,36788,34600,33072,32656,37120,34688,31760,30297,33156,30784,30069,31929,29668
33070,33077,32650,32744,30777,34020,36788,34600,33072,32656,37120,34688,31760,30297,33156,30784,30069,31929,29668
32927,33218,32864,32308,33176,34020,36788,34600,33072,32656,37120,34688,31760,30297,33156,30784,30069,31929,29668
32550,33245,32647,31610,33040,34020,36788,34600,33072,32656,37120,34688,31760,30297,33156,30784,30069,31929,29668
32186,33263,32946,31719,32122,34020,36788,34600,33072,32656,37120,34688,31760,30297,33156,30784,30069,31929,29668
32060,32802,32856,32069,32708,34020,36788,34600,33072,32656,37120,34688,31760,30297,33156,30784,30069,31929,29668
32392,32696,32711,30962,33330,34020,36788,34600,33072,32656,37120,34688,31760,30297,33156,30784,30069,31929,29668
32558,32788,32876,31477,31445,34020,36788,34600,33072,32656,37120,34688,31760,30297,33156,30784,30069,31929,29668
32739,32677,32629,33587,33221,34020,36788,34600,33072,32656,37120,34688,31760,30297,33156,30784,30069,31929,29668
32868,32608,32865,33925,35482,34020,36788,34600,33072,32656,37120,34688,31760,30297,33156,30784,30069,31929,29668
32856,32761,32704,32158,32223,34220,36776,34723,33216,32877,37160,34756,31776,30648,32344,30317,29520,34644,28485
32826,32860,32738,33909,32290,34220,36776,34723,33216,32877,37160,34756,31776,30648,32344,30317,29520,34644,28485
32838,32548,32865,34141,34719,34220,36776,34723,33216,32877,37160,34756,31776,30648,32344,30317,29520,34644,28485
32900,32330,32704,33054,33293,34220,36776,34723,33216,32877,37160,34756,31776,30648,32344,30317,29520,34644,28485
32848,32204,32896,33385,31759,34220,36776,34723,33216,32877,37160,34756,31776,30648,32344,30317,29520,34644,28485
32802,32490,32732,34844,34048,34220,36776,34723,33216,32877,37160,34756,31776,30648,32344,30317,29520,34644,28485
32790,32896,32800,34906,33749,34220,36776,34723,33216,32877,37160,34756,31776,30648,32344,30317,29520,34644,28485
32789,32903,32656,34276,33100,34220,36776,34723,33216,32877,37160,34756,31776,30648,32344,30317,29520,34644,28485
32839,32754,32851,34039,33676,34220,36776,34723,33216,32877,37160,34756,31776,30648,32344,30317,29520,34644,28485
32804,32382,32582,32898,34441,34220,36776,34723,33216,32877,37160,34756,31776,30648,32344,30317,29520,34644,28485
32855,32331,32882,32158,32479,34344,36689,34684,33130,33006,37036,34796,31808,30716,32842,30452,28236,31640,30425
32775,32238,32668,32542,32684,34344,36689,34684,33130,33006,37036,34796,31808,30716,32842,30452,28236,31640,30425
32750,32902,32885,33155,33809,34344,36689,34684,33130,33006,37036,34796,31808,30716,32842,30452,28236,31640,30425
32745,33200,32715,33021,31839,34344,36689,34684,33130,33006,37036,34796,31808,30716,32842,30452,28236,31640,30425
32826,33166,32796,32991,32674,34344,36689,34684,33130,33006,37036,34796,31808,30716,32842,30452,28236,31640,30425
32912,33033,32862,32857,33708,34344,36689,34684,33130,33006,37036,34796,31808,30716,32842,30452,28236,31640,30425
32982,32856,32824,32453,31742,34344,36689,34684,33130,33006,37036,34796,31808,30716,32842,30452,28236,31640,30425
33038,32676,32895,32301,31532,34344,36689,34684,33130,33006,37036,34796,31808,30716,32842,30452,28236,31640,30425
32912,32775,32662,32285,33925,34344,36689,34684,33130,33006,37036,34796,31808,30716,32842,30452,28236,31640,30425
32952,33608,32893,31765,31766,34344,36689,34684,33130,33006,37036,34796,31808,30716,32842,30452,28236,31640,30425
32768,33481,32802,31325,31266,34296,36600,34666,33120,32848,37032,34656,31832,30484,33001,31160,28304,31778,32505
32466,33175,32688,31433,33671,34296,36600,34666,33120,32848,37032,34656,31832,30484,33001,31160,28304,31778,32505
32120,32792,32888,31400,33300,34296,36600,34666,33120,32848,37032,34656,31832,30484,33001,31160,28304,31778,32505
31952,32201,32705,31873,31644,34296,36600,34666,33120,32848,37032,34656,31832,30484,33001,31160,28304,31778,32505
32646,32775,32660,31545,33492,34296,36600,34666,33120,32848,37032,34656,31832,30484,33001,31160,28304,31778,32505
32962,34800,32804,30342,33433,34296,36600,34666,33120,32848,37032,34656,31832,30484,33001,31160,28304,31778,32505
32962,35125,32593,30408,31379,34296,36600,34666,33120,32848,37032,34656,31832,30484,33001,31160,28304,31778,32505
32866,34419,32836,34733,33912,34296,36600,34666,33120,32848,37032,34656,31832,30484,33001,31160,28304,31778,32505
32862,33566,32900,34810,35016,34296,36600,34666,33120,32848,37032,34656,31832,30484,33001,31160,28304,31778,32505
32832,32789,32759,31737,32988,34296,36600,34666,33120,32848,37032,34656,31832,30484,33001,31160,28304,31778,32505
32912,31420,32899,32391,31746,34156,36692,34788,33068,32564,37064,34836,31808,30384,34008,33068,28137,32592,32212
32969,31400,32948,34108,32780,34156,36692,34788,33068,32564,37064,34836,31808,30384,34008,33068,28137,32592,32212
32919,31903,32692,31918,31995,34156,36692,34788,33068,32564,37064,34836,31808,30384,34008,33068,28137,32592,32212
32896,29845,32997,30486,32433,34156,36692,34788,33068,32564,37064,34836,31808,30384,34008,33068,28137,32592,32212
33083,29348,32827,36185,33182,34156,36692,34788,33068,32564,37064,34836,31808,30384,34008,33068,28137,32592,32212
33376,32078,33130,39842,32308,34156,36692,34788,33068,32564,37064,34836,31808,30384,34008,33068,28137,32592,32212
33275,32548,32815,37570,33088,34156,36692,34788,33068,32564,37064,34836,31808,30384,34008,33068,28137,32592,32212
32976,31911,32890,35026,34801,34156,36692,34788,33068,32564,37064,34836,31808,30384,34008,33068,28137,32592,32212
32928,32278,32810,33263,33321,34156,36692,34788,33068,32564,37064,34836,31808,30384,34008,33068,28137,32592,32212
32932,33234,32925,32068,33587,34156,36692,34788,33068,32564,37064,34836,31808,30384,34008,33068,28137,32592,32212
33502,33473,32804,31907,32287,34112,36786,35064,33210,32332,37090,34876,31800,30146,34796,34516,28789,35836,32634
33410,33449,32736,31881,33965,34112,36786,35064,33210,32332,37090,34876,31800,30146,34796,34516,28789,35836,32634
32025,33370,32278,31803,34427,34112,36786,35064,33210,32332,37090,34876,31800,30146,34796,34516,28789,35836,32634
31349,33511,32263,31591,31723,34112,36786,35064,33210,32332,37090,34876,31800,30146,34796,34516,28789,35836,32634
30795,33614,32558,31375,30460,34112,36786,35064,33210,32332,37090,34876,31800,30146,34796,34516,28789,35836,32634
30400,33669,32533,31277,34444,34112,36786,35064,33210,32332,37090,34876,31800,30146,34796,34516,28789,35836,32634
31588,33646,32825,31163,33868,34112,36786,35064,33210,32332,37090,34876,31800,30146,34796,34516,28789,35836,32634
32512,33836,32621,30792,33722,34112,36786,35064,33210,32332,37090,34876,31800,30146,34796,34516,28789,35836,32634
32846,33956,32933,30199,30238,34112,36786,35064,33210,32332,37090,34876,31800,30146,34796,34516,28789,35836,32634
32914,34205,32758,29675,33504,34112,36786,35064,33210,32332,37090,34876,31800,30146,34796,34516,28789,35836,32634
32953,33832,33012,30201,33632,34168,36596,35168,33136,32376,37076,34928,31794,29861,33053,32929,32072,35624,30864
33053,32440,32799,31791,31597,34168,36596,35168,33136,32376,37076,34928,31794,29861,33053,32929,32072,35624,30864
33011,30653,33072,33774,31872,34168,36596,35168,33136,32376,37076,34928,31794,29861,33053,32929,32072,35624,30864
33028,31063,32828,34207,31770,34168,36596,35168,33136,32376,37076,34928,31794,29861,33053,32929,32072,35624,30864
33124,31665,32960,33033,33560,34168,36596,35168,33136,32376,37076,34928,31794,29861,33053,32929,32072,35624,30864
33055,32234,32684,32967,33567,34168,36596,35168,33136,32376,37076,34928,31794,29861,33053,32929,32072,35624,30864
33068,32228,32949,32255,32457,34168,36596,35168,33136,32376,37076,34928,31794,29861,33053,32929,32072,35624,30864
33048,32559,32722,34965,31072,34168,36596,35168,33136,32376,37076,34928,31794,29861,33053,32929,32072,35624,30864
33126,33247,32992,31211,33096,34168,36596,35168,33136,32376,37076,34928,31794,29861,33053,32929,32072,35624,30864
33178,33336,32708,29820,35260,34168,36596,35168,33136,32376,37076,34928,31794,29861,33053,32929,32072,35624,30864
33224,33183,33053,32612,32164,34162,36672,34874,33136,32528,37056,34992,31698,29953,32069,32570,29376,32352,30738
33248,32919,33400,34975,30836,34162,36672,34874,33136,32528,37056,34992,31698,29953,32069,32570,29376,32352,30738
33211,32936,32818,36925,34716,34162,36672,34874,33136,32528,37056,34992,31698,29953,32069,32570,29376,32352,30738
33172,33856,32662,39324,35284,34162,36672,34874,33136,32528,37056,34992,31698,29953,32069,32570,29376,32352,30738
33081,34040,32272,37349,34327,34162,36672,34874,33136,32528,37056,34992,31698,29953,32069,32570,29376,32352,30738
33056,33839,32370,33122,31420,34162,36672,34874,33136,32528,37056,34992,31698,29953,32069,32570,29376,32352,30738
33052,32601,32336,34224,32193,34162,36672,34874,33136,32528,37056,34992,31698,29953,32069,32570,29376,32352,30738
33007,31160,32598,31636,33370,34162,36672,34874,33136,32528,37056,34992,31698,29953,32069,32570,29376,32352,30738
32888,31296,32276,28937,32973,34162,36672,34874,33136,32528,37056,34992,31698,29953,32069,32570,29376,32352,30738
32819,32520,32516,26933,33236,34162,36672,34874,33136,32528,37056,34992,31698,29953,32069,32570,29376,32352,30738
32732,33076,31941,30645,29243,34224,36713,34805,33104,32750,37252,34952,31802,30029,33374,33636,29973,36644,33215
32652,33628,32570,31891,33236,34224,36713,34805,33104,32750,37252,34952,31802,30029,33374,33636,29973,36644,33215
32688,33275,33159,32328,35536,34224,36713,34805,33104,32750,37252,34952,31802,30029,33374,33636,29973,36644,33215
32758,32780,35538,35486,35593,34224,36713,34805,33104,32750,37252,34952,31802,30029,33374,33636,29973,36644,33215
32717,32905,34917,39317,29042,34224,36713,34805,33104,32750,37252,34952,31802,30029,33374,33636,29973,36644,33215
32700,32857,32896,37446,33336,34224,36713,34805,33104,32750,37252,34952,31802,30029,33374,33636,29973,36644,33215
32654,32795,32694,32469,32869,34224,36713,34805,33104,32750,37252,34952,31802,30029,33374,33636,29973,36644,33215
32732,33313,32413,31446,32761,34224,36713,34805,33104,32750,37252,34952,31802,30029,33374,33636,29973,36644,33215
32754,33917,32370,27503,32537,34224,36713,34805,33104,32750,37252,34952,31802,30029,33374,33636,29973,36644,33215
32792,33392,32057,26104,30964,34224,36713,34805,33104,32750,37252,34952,31802,30029,33374,33636,29973,36644,33215
32715,33110,32170,26148,32526,34300,36858,34910,33184,32925,37368,34978,31792,30129,34328,34874,28773,32725,32568
32704,32675,31982,34364,35674,34300,36858,34910,33184,32925,37368,34978,31792,30129,34328,34874,28773,32725,32568
32690,32618,32272,39813,36040,34300,36858,34910,33184,32925,37368,34978,31792,30129,34328,34874,28773,32725,32568
32754,31789,32536,38981,30088,34300,36858,34910,33184,32925,37368,34978,31792,30129,34328,34874,28773,32725,32568
32727,31128,32488,38432,32455,34300,36858,34910,33184,32925,37368,34978,31792,30129,34328,34874,28773,32725,32568
32693,31170,32894,37348,32379,34300,36858,34910,33184,32925,37368,34978,31792,30129,34328,34874,28773,32725,32568
32765,31436,33239,35641,33043,34300,36858,34910,33184,32925,37368,34978,31792,30129,34328,34874,28773,32725,32568
32770,32302,32914,36953,32692,34300,36858,34910,33184,32925,37368,34978,31792,30129,34328,34874,28773,32725,32568
32758,32507,32929,33344,32200,34300,36858,34910,33184,32925,37368,34978,31792,30129,34328,34874,28773,32725,32568
32758,32368,32902,31266,32515,34300,36858,34910,33184,32925,37368,34978,31792,30129,34328,34874,28773,32725,32568
32684,32608,33154,30601,34143,34448,37036,34956,33188,32946,37440,35018,31700,30208,33666,34220,29560,33269,32608
32724,32656,33055,29052,35474,34448,37036,34956,33188,32946,37440,35018,31700,30208,33666,34220,29560,33269,32608
32742,33023,32966,30271,31815,34448,37036,34956,33188,32946,37440,35018,31700,30208,33666,34220,29560,33269,32608
32710,33248,32990,30245,31186,34448,37036,34956,33188,32946,37440,35018,31700,30208,33666,34220,29560,33269,32608
32768,33477,32538,30940,32614,34448,37036,34956,33188,32946,37440,35018,31700,30208,33666,34220,29560,33269,32608
32786,33444,32550,30363,33338,34448,37036,34956,33188,32946,37440,35018,31700,30208,33666,34220,29560,33269,32608
32796,33207,32563,29558,32998,34448,37036,34956,33188,32946,37440,35018,31700,30208,33666,34220,29560,33269,32608
32763,32868,32314,29031,31899,34448,37036,34956,33188,32946,37440,35018,31700,30208,33666,34220,29560,33269,32608
32822,32839,32876,32374,31867,34448,37036,34956,33188,32946,37440,35018,31700,30208,33666,34220,29560,33269,32608
32744,32926,33117,34901,34200,34448,37036,34956,33188,32946,37440,35018,31700,30208,33666,34220,29560,33269,32608
32704,33378,32984,35187,35829,34432,36952,34832,33146,33092,37328,34968,31752,30091,33888,35245,29589,33500,32836
32756,33502,33063,33364,32085,34432,36952,34832,33146,33092,37328,34968,31752,30091,33888,35245,29589,33500,32836
32676,33568,32813,32360,31864,34432,36952,34832,33146,33092,37328,34968,31752,30091,33888,35245,29589,33500,32836
32690,33472,32937,31187,30816,34432,36952,34832,33146,33092,37328,34968,31752,30091,33888,35245,29589,33500,32836
32724,33504,32936,29531,33055,34432,36952,34832,33146,33092,37328,34968,31752,30091,33888,35245,29589,33500,32836
32804,33654,32875,28231,33605,34432,36952,34832,33146,33092,37328,34968,31752,30091,33888,35245,29589,33500,32836
32749,33374,32979,26077,32640,34432,36952,34832,33146,33092,37328,34968,31752,30091,33888,35245,29589,33500,32836
32788,33260,32856,27280,31276,34432,36952,34832,33146,33092,37328,34968,31752,30091,33888,35245,29589,33500,32836
32798,33400,32845,27671,34129,34432,36952,34832,33146,33092,37328,34968,31752,30091,33888,35245,29589,33500,32836
32775,32664,32560,31254,35291,34432,36952,34832,33146,33092,37328,34968,31752,30091,33888,35245,29589,33500,32836
32671,31396,32839,36569,32804,34304,36888,34672,33168,33044,37256,34810,31744,30384,33792,34752,28768,33847,33736
32522,31800,32783,37931,30869,34304,36888,34672,33168,33044,37256,34810,31744,30384,33792,34752,28768,33847,33736
32416,32262,33249,38122,30276,34304,36888,34672,33168,33044,37256,34810,31744,30384,33792,34752,28768,33847,33736
32432,32349,33106,35369,32205,34304,36888,34672,33168,33044,37256,34810,31744,30384,33792,34752,28768,33847,33736
32452,32313,32996,37962,32649,34304,36888,34672,33168,33044,37256,34810,31744,30384,33792,34752,28768,33847,33736
32401,32445,33258,37507,32309,34304,36888,34672,33168,33044,37256,34810,31744,30384,33792,34752,28768,33847,33736
32423,31727,32891,37512,31780,34304,36888,34672,33168,33044,37256,34810,31744,30384,33792,34752,28768,33847,33736
32464,31882,33178,38386,34232,34304,36888,34672,33168,33044,37256,34810,31744,30384,33792,34752,28768,33847,33736
32400,32244,33078,35958,34852,34304,36888,34672,33168,33044,37256,34810,31744,30384,33792,34752,28768,33847,33736
32434,32755,32781,35501,35430,34304,36888,34672,33168,33044,37256,34810,31744,30384,33792,34752,28768,33847,33736
32488,32896,32835,35297,31556,34244,37025,34504,33178,32902,37312,34772,31756,30740,33604,36262,30531,34836,33165
32522,32997,33285,33220,32295,34244,37025,34504,33178,32902,37312,34772,31756,30740,33604,36262,30531,34836,33165
32560,33127,33579,29321,31889,34244,37025,34504,33178,32902,37312,34772,31756,30740,33604,36262,30531,34836,33165
32572,33383,33137,28802,32768,34244,37025,34504,33178,32902,37312,34772,31756,30740,33604,36262,30531,34836,33165
32647,33808,32524,27576,32340,34244,37025,34504,33178,32902,37312,34772,31756,30740,33604,36262,30531,34836,33165
32785,33606,31684,27940,29844,34244,37025,34504,33178,32902,37312,34772,31756,30740,33604,36262,30531,34836,33165
32772,33529,31738,31114,32944,34244,37025,34504,33178,32902,37312,34772,31756,30740,33604,36262,30531,34836,33165
32737,33994,32010,32816,35108,34244,37025,34504,33178,32902,37312,34772,31756,30740,33604,36262,30531,34836,33165
32768,33570,32733,31654,35871,34244,37025,34504,33178,32902,37312,34772,31756,30740,33604,36262,30531,34836,33165
32706,31898,32980,33878,33135,34244,37025,34504,33178,32902,37312,34772,31756,30740,33604,36262,30531,34836,33165
32738,32322,33286,38727,31479,34088,37053,34472,33308,32584,37528,34812,31673,30872,34136,37676,30452,35338,35144
32816,32924,33810,35031,31539,34088,37053,34472,33308,32584,37528,34812,31673,30872,34136,37676,30452,35338,35144
32859,32676,32322,32614,33976,34088,37053,34472,33308,32584,37528,34812,31673,30872,34136,37676,30452,35338,35144
32742,31509,31781,29394,32572,34088,37053,34472,33308,32584,37528,34812,31673,30872,34136,37676,30452,35338,35144
32701,31570,31815,30031,31792,34088,37053,34472,33308,32584,37528,34812,31673,30872,34136,37676,30452,35338,35144
32763,31797,32896,32505,31359,34088,37053,34472,33308,32584,37528,34812,31673,30872,34136,37676,30452,35338,35144
32849,33277,33182,31969,34333,34088,37053,34472,33308,32584,37528,34812,31673,30872,34136,37676,30452,35338,35144
32766,33879,33019,33994,35408,34088,37053,34472,33308,32584,37528,34812,31673,30872,34136,37676,30452,35338,35144
32764,34019,32734,34531,33188,34088,37053,34472,33308,32584,37528,34812,31673,30872,34136,37676,30452,35338,35144
32676,34037,32108,33825,29998,34088,37053,34472,33308,32584,37528,34812,31673,30872,34136,37676,30452,35338,35144
32748,33240,31771,34671,32603,33928,37536,34776,33296,32368,37844,34913,31716,30528,34396,39776,29426,36062,36148
32848,32838,31182,25038,34256,33928,37536,34776,33296,32368,37844,34913,31716,30528,34396,39776,29426,36062,36148
32914,32832,31090,16962,33589,33928,37536,34776,33296,32368,37844,34913,31716,30528,34396,39776,29426,36062,36148
32904,32541,31911,21035,31175,33928,37536,34776,33296,32368,37844,34913,31716,30528,34396,39776,29426,36062,36148
32900,31654,30562,25602,33531,33928,37536,34776,33296,32368,37844,34913,31716,30528,34396,39776,29426,36062,36148
33057,31557,31682,35787,32159,33928,37536,34776,33296,32368,37844,34913,31716,30528,34396,39776,29426,36062,36148
33052,31901,35865,41207,32066,33928,37536,34776,33296,32368,37844,34913,31716,30528,34396,39776,29426,36062,36148
32902,32053,35884,36389,33235,33928,37536,34776,33296,32368,37844,34913,31716,30528,34396,39776,29426,36062,36148
32882,31948,33082,43036,31268,33928,37536,34776,33296,32368,37844,34913,31716,30528,34396,39776,29426,36062,36148
32792,31538,32639,46567,31516,33928,37536,34776,33296,32368,37844,34913,31716,30528,34396,39776,29426,36062,36148
32858,32044,34295,50263,33772,34116,38184,35205,33355,32628,38184,34772,31682,30584,30949,34332,31092,35266,33700
32997,32533,35112,43472,34335,34116,38184,35205,33355,32628,38184,34772,31682,30584,30949,34332,31092,35266,33700
33015,32882,33927,36718,33040,34116,38184,35205,33355,32628,38184,34772,31682,30584,30949,34332,31092,35266,33700
32989,32966,33350,34822,32774,34116,38184,35205,33355,32628,38184,34772,31682,30584,30949,34332,31092,35266,33700
32950,33205,32962,31378,33005,34116,38184,35205,33355,32628,38184,34772,31682,30584,30949,34332,31092,35266,33700
32949,33405,32640,29489,34177,34116,38184,35205,33355,32628,38184,34772,31682,30584,30949,34332,31092,35266,33700
32857,33316,31971,28600,33856,34116,38184,35205,33355,32628,38184,34772,31682,30584,30949,34332,31092,35266,33700
32814,33203,30651,29176,31412,34116,38184,35205,33355,32628,38184,34772,31682,30584,30949,34332,31092,35266,33700
32765,33227,30616,28389,30775,34116,38184,35205,33355,32628,38184,34772,31682,30584,30949,34332,31092,35266,33700
32750,33287,31033,29040,32548,34116,38184,35205,33355,32628,38184,34772,31682,30584,30949,34332,31092,35266,33700
32681,33206,31134,29951,33415,34196,38448,35170,33300,33033,38348,34792,31660,30678,30036,33788,31580,35432,29698
32676,34012,32040,30347,32389,34196,38448,35170,33300,33033,38348,34792,31660,30678,30036,33788,31580,35432,29698
32768,34263,36846,30256,31867,34196,38448,35170,33300,33033,38348,34792,31660,30678,30036,33788,31580,35432,29698
32808,34671,37141,30804,32023,34196,38448,35170,33300,33033,38348,34792,31660,30678,30036,33788,31580,35432,29698
32756,34181,35422,31304,33146,34196,38448,35170,33300,33033,38348,34792,31660,30678,30036,33788,31580,35432,29698
32800,31113,33670,31851,34381,34196,38448,35170,33300,33033,38348,34792,31660,30678,30036,33788,31580,35432,29698
32800,30134,32592,30962,33850,34196,38448,35170,33300,33033,38348,34792,31660,30678,30036,33788,31580,35432,29698
32692,32044,32073,30805,32416,34196,38448,35170,33300,33033,38348,34792,31660,30678,30036,33788,31580,35432,29698
32641,33097,32313,28925,31903,34196,38448,35170,33300,33033,38348,34792,31660,30678,30036,33788,31580,35432,29698
32514,33253,31892,30391,33505,34196,38448,35170,33300,33033,38348,34792,31660,30678,30036,33788,31580,35432,29698
32363,32993,31558,32021,33511,34212,38388,35444,33368,33292,38378,34784,31548,31260,29410,31238,34618,40432,29586
32480,33102,31795,32535,32377,34212,38388,35444,33368,33292,38378,34784,31548,31260,29410,31238,34618,40432,29586
32683,32881,31943,33302,30575,34212,38388,35444,33368,33292,38378,34784,31548,31260,29410,31238,34618,40432,29586
32918,32515,32421,31203,31913,34212,38388,35444,33368,33292,38378,34784,31548,31260,29410,31238,34618,40432,29586
32840,32175,32450,32201,33931,34212,38388,35444,33368,33292,38378,34784,31548,31260,29410,31238,34618,40432,29586
32828,32062,32585,39212,32649,34212,38388,35444,33368,33292,38378,34784,31548,31260,29410,31238,34618,40432,29586
32828,32758,33059,38823,32583,34212,38388,35444,33368,33292,38378,34784,31548,31260,29410,31238,34618,40432,29586
32758,33047,33207,35645,33178,34212,38388,35444,33368,33292,38378,34784,31548,31260,29410,31238,34618,40432,29586
32797,33041,34044,33188,32602,34212,38388,35444,33368,33292,38378,34784,31548,31260,29410,31238,34618,40432,29586
32800,33071,33860,31199,32988,34212,38388,35444,33368,33292,38378,34784,31548,31260,29410,31238,34618,40432,29586
32784,33087,33257,31764,32948,34242,38516,35496,33260,33360,38296,34704,31496,31640,27488,30248,34072,38468,29976
32780,33047,32663,31781,30097,34242,38516,35496,33260,33360,38296,34704,31496,31640,27488,30248,34072,38468,29976
32721,32989,32208,32186,32672,34242,38516,35496,33260,33360,38296,34704,31496,31640,27488,30248,34072,38468,29976
32650,32974,32020,33129,33548,34242,38516,35496,33260,33360,38296,34704,31496,31640,27488,30248,34072,38468,29976
32544,33063,31507,32987,32002,34242,38516,35496,33260,33360,38296,34704,31496,31640,27488,30248,34072,38468,29976
32472,33101,31158,32441,30883,34242,38516,35496,33260,33360,38296,34704,31496,31640,27488,30248,34072,38468,29976
32448,33141,31068,32429,32239,34242,38516,35496,33260,33360,38296,34704,31496,31640,27488,30248,34072,38468,29976
32532,33078,31859,33086,31351,34242,38516,35496,33260,33360,38296,34704,31496,31640,27488,30248,34072,38468,29976
32522,33005,33213,32528,34277,34242,38516,35496,33260,33360,38296,34704,31496,31640,27488,30248,34072,38468,29976
32534,33120,32101,31180,33990,34242,38516,35496,33260,33360,38296,34704,31496,31640,27488,30248,34072,38468,29976
32541,33146,34397,32171,30615,34356,38680,35250,33377,33312,38236,34581,31492,31897,24914,28204,37693,37138,27742
32515,33040,36282,31012,33656,34356,38680,35250,33377,33312,38236,34581,31492,31897,24914,28204,37693,37138,27742
32363,32578,32827,28684,34086,34356,38680,35250,33377,33312,38236,34581,31492,31897,24914,28204,37693,37138,27742
32192,32423,31529,28922,33198,34356,38680,35250,33377,33312,38236,34581,31492,31897,24914,28204,37693,37138,27742
32248,31917,31559,34051,32672,34356,38680,35250,33377,33312,38236,34581,31492,31897,24914,28204,37693,37138,27742
32312,31646,32371,33358,32208,34356,38680,35250,33377,33312,38236,34581,31492,31897,24914,28204,37693,37138,27742
32372,32056,33206,32089,31690,34356,38680,35250,33377,33312,38236,34581,31492,31897,24914,28204,37693,37138,27742
32450,32166,33848,34558,34108,34356,38680,35250,33377,33312,38236,34581,31492,31897,24914,28204,37693,37138,27742
32555,32272,36529,31793,36359,34356,38680,35250,33377,33312,38236,34581,31492,31897,24914,28204,37693,37138,27742
32524,32492,35242,31979,32693,34356,38680,35250,33377,33312,38236,34581,31492,31897,24914,28204,37693,37138,27742
32522,32373,33132,33971,32084,34378,38672,34888,33400,33158,38272,34434,31376,31697,23380,27648,34802,36680,26024
32671,32953,33565,33852,33134,34378,38672,34888,33400,33158,38272,34434,31376,31697,23380,27648,34802,36680,26024
32696,33524,32852,37721,31116,34378,38672,34888,33400,33158,38272,34434,31376,31697,23380,27648,34802,36680,26024
32658,33882,32478,37421,33019,34378,38672,34888,33400,33158,38272,34434,31376,31697,23380,27648,34802,36680,26024
32752,34080,31766,35665,31426,34378,38672,34888,33400,33158,38272,34434,31376,31697,23380,27648,34802,36680,26024
32842,33703,30467,35766,31980,34378,38672,34888,33400,33158,38272,34434,31376,31697,23380,27648,34802,36680,26024
32880,32686,31287,36891,35213,34378,38672,34888,33400,33158,38272,34434,31376,31697,23380,27648,34802,36680,26024
32868,31588,31882,34750,35220,34378,38672,34888,33400,33158,38272,34434,31376,31697,23380,27648,34802,36680,26024
33004,30794,31832,34425,32655,34378,38672,34888,33400,33158,38272,34434,31376,31697,23380,27648,34802,36680,26024
33099,32180,32799,33202,32524,34378,38672,34888,33400,33158,38272,34434,31376,31697,23380,27648,34802,36680,26024
33081,33196,33642,32254,34186,34476,38656,34573,33314,33202,38336,34379,31234,31350,22330,26120,34622,37100,24556
33116,33817,34204,31824,31782,34476,38656,34573,33314,33202,38336,34379,31234,31350,22330,26120,34622,37100,24556
33092,33438,32437,31370,32036,34476,38656,34573,33314,33202,38336,34379,31234,31350,22330,26120,34622,37100,24556
33108,32452,32019,31229,31401,34476,38656,34573,33314,33202,38336,34379,31234,31350,22330,26120,34622,37100,24556
33166,32551,31889,31133,30634,34476,38656,34573,33314,33202,38336,34379,31234,31350,22330,26120,34622,37100,24556
33212,31977,32196,29920,34388,34476,38656,34573,33314,33202,38336,34379,31234,31350,22330,26120,34622,37100,24556
33188,32264,32280,29662,34413,34476,38656,34573,33314,33202,38336,34379,31234,31350,22330,26120,34622,37100,24556
33083,32310,32520,31271,32740,34476,38656,34573,33314,33202,38336,34379,31234,31350,22330,26120,34622,37100,24556
33136,32172,34129,31679,33376,34476,38656,34573,33314,33202,38336,34379,31234,31350,22330,26120,34622,37100,24556
32990,32620,33704,32788,35078,34476,38656,34573,33314,33202,38336,34379,31234,31350,22330,26120,34622,37100,24556
32974,33260,32896,33647,32420,34700,38722,34284,33346,33178,38348,34436,31172,30305,20939,25484,34685,40089,24526
32971,33422,32375,33553,32176,34700,38722,34284,33346,33178,38348,34436,31172,30305,20939,25484,34685,40089,24526
32910,33944,33715,33749,31617,34700,38722,34284,33346,33178,38348,34436,31172,30305,20939,25484,34685,40089,24526
32825,33981,34326,33010,30978,34700,38722,34284,33346,33178,38348,34436,31172,30305,20939,25484,34685,40089,24526
32782,34045,33720,31161,33074,34700,38722,34284,33346,33178,38348,34436,31172,30305,20939,25484,34685,40089,24526
32676,33807,32929,27360,32975,34700,38722,34284,33346,33178,38348,34436,31172,30305,20939,25484,34685,40089,24526
32702,33746,32486,29400,32932,34700,38722,34284,33346,33178,38348,34436,31172,30305,20939,25484,34685,40089,24526
32706,32580,32389,33076,33509,34700,38722,34284,33346,33178,38348,34436,31172,30305,20939,25484,34685,40089,24526
32679,32725,32169,32317,33576,34700,38722,34284,33346,33178,38348,34436,31172,30305,20939,25484,34685,40089,24526
32553,32789,31944,32989,33428,34700,38722,34284,33346,33178,38348,34436,31172,30305,20939,25484,34685,40089,24526
32620,31967,32550,34546,32956,34740,38892,33876,33392,33184,38450,34436,31008,28904,20049,26400,37072,40584,24224
32732,32020,32658,31996,32048,34740,38892,33876,33392,33184,38450,34436,31008,28904,20049,26400,37072,40584,24224
32867,31494,32464,31175,30757,34740,38892,33876,33392,33184,38450,34436,31008,28904,20049,26400,37072,40584,24224
32813,30968,32351,32252,33700,34740,38892,33876,33392,33184,38450,34436,31008,28904,20049,26400,37072,40584,24224
32818,31318,32648,36111,32393,34740,38892,33876,33392,33184,38450,34436,31008,28904,20049,26400,37072,40584,24224
32819,32281,34046,35140,33175,34740,38892,33876,33392,33184,38450,34436,31008,28904,20049,26400,37072,40584,24224
32865,32829,33487,33871,32612,34740,38892,33876,33392,33184,38450,34436,31008,28904,20049,26400,37072,40584,24224
32989,33136,32934,33060,34077,34740,38892,33876,33392,33184,38450,34436,31008,28904,20049,26400,37072,40584,24224
33072,33701,32670,32370,34159,34740,38892,33876,33392,33184,38450,34436,31008,28904,20049,26400,37072,40584,24224
33170,34070,33087,33035,31931,34740,38892,33876,33392,33184,38450,34436,31008,28904,20049,26400,37072,40584,24224
33252,33799,33198,33514,33511,34564,39040,33420,33396,33528,38620,34662,30832,27584,17983,25492,37225,38264,22292
33376,33551,33084,33468,31128,34564,39040,33420,33396,33528,38620,34662,30832,27584,17983,25492,37225,38264,22292
33520,33383,32510,32901,31254,34564,39040,33420,33396,33528,38620,34662,30832,27584,17983,25492,37225,38264,22292
33464,33354,32132,32247,33069,34564,39040,33420,33396,33528,38620,34662,30832,27584,17983,25492,37225,38264,22292
33247,32841,32274,31896,32332,34564,39040,33420,33396,33528,38620,34662,30832,27584,17983,25492,37225,38264,22292
32992,32980,32154,34661,32712,34564,39040,33420,33396,33528,38620,34662,30832,27584,17983,25492,37225,38264,22292
32848,33295,32244,34031,34428,34564,39040,33420,33396,33528,38620,34662,30832,27584,17983,25492,37225,38264,22292
32660,32416,32384,32400,33736,34564,39040,33420,33396,33528,38620,34662,30832,27584,17983,25492,37225,38264,22292
32652,32090,32360,30824,31715,34564,39040,33420,33396,33528,38620,34662,30832,27584,17983,25492,37225,38264,22292
32614,32581,32398,29566,34197,34564,39040,33420,33396,33528,38620,34662,30832,27584,17983,25492,37225,38264,22292
32496,32540,32199,29166,32596,34590,39593,32840,33229,33892,38880,34560,30596,25732,14618,28248,37732,37322,23709
32628,32044,32582,28971,30330,34590,39593,32840,33229,33892,38880,34560,30596,25732,14618,28248,37732,37322,23709
32580,32125,32460,29253,32507,34590,39593,32840,33229,33892,38880,34560,30596,25732,14618,28248,37732,37322,23709
32562,32478,32806,29793,33937,34590,39593,32840,33229,33892,38880,34560,30596,25732,14618,28248,37732,37322,23709
32518,32556,32628,33700,31652,34590,39593,32840,33229,33892,38880,34560,30596,25732,14618,28248,37732,37322,23709
32394,32357,33017,38160,32708,34590,39593,32840,33229,33892,38880,34560,30596,25732,14618,28248,37732,37322,23709
32443,32460,33043,34674,34432,34590,39593,32840,33229,33892,38880,34560,30596,25732,14618,28248,37732,37322,23709
32516,32560,33404,38942,32479,34590,39593,32840,33229,33892,38880,34560,30596,25732,14618,28248,37732,37322,23709
32568,32487,33235,41217,32116,34590,39593,32840,33229,33892,38880,34560,30596,25732,14618,28248,37732,37322,23709
32559,32660,33424,38943,33468,34590,39593,32840,33229,33892,38880,34560,30596,25732,14618,28248,37732,37322,23709
32528,32802,33352,35240,31822,34624,39338,32236,33280,34236,39180,33416,30410,25704,13552,31050,35216,38332,25432
32604,33066,33595,29844,32230,34624,39338,32236,33280,34236,39180,33416,30410,25704,13552,31050,35216,38332,25432
32723,33275,33081,30424,34311,34624,39338,32236,33280,34236,39180,33416,30410,25704,13552,31050,35216,38332,25432
32759,33224,32540,32492,33812,34624,39338,32236,33280,34236,39180,33416,30410,25704,13552,31050,35216,38332,25432
32787,33488,32692,31979,32019,34624,39338,32236,33280,34236,39180,33416,30410,25704,13552,31050,35216,38332,25432
32807,33597,32576,31517,32310,34624,39338,32236,33280,34236,39180,33416,30410,25704,13552,31050,35216,38332,25432
32802,33806,32553,32049,33412,34624,39338,32236,33280,34236,39180,33416,30410,25704,13552,31050,35216,38332,25432
32751,33686,32454,32837,33210,34624,39338,32236,33280,34236,39180,33416,30410,25704,13552,31050,35216,38332,25432
32672,33306,32435,32848,32770,34624,39338,32236,33280,34236,39180,33416,30410,25704,13552,31050,35216,38332,25432
32594,32694,32536,31437,32679,34624,39338,32236,33280,34236,39180,33416,30410,25704,13552,31050,35216,38332,25432
32667,32721,32349,29347,32343,34756,38594,31732,33208,34322,39548,33472,30133,26407,12322,37644,34697,40069,30662
32774,32725,32612,29424,32935,34756,38594,31732,33208,34322,39548,33472,30133,26407,12322,37644,34697,40069,30662
32773,32495,32569,31795,33470,34756,38594,31732,33208,34322,39548,33472,30133,26407,12322,37644,34697,40069,30662
32775,32115,32379,32564,34107,34756,38594,31732,33208,34322,39548,33472,30133,26407,12322,37644,34697,40069,30662
32732,32160,32591,32676,33383,34756,38594,31732,33208,34322,39548,33472,30133,26407,12322,37644,34697,40069,30662
32502,32725,32349,32747,33065,34756,38594,31732,33208,34322,39548,33472,30133,26407,12322,37644,34697,40069,30662
32484,33011,32373,33070,32723,34756,38594,31732,33208,34322,39548,33472,30133,26407,12322,37644,34697,40069,30662
32408,33139,32351,32795,32662,34756,38594,31732,33208,34322,39548,33472,30133,26407,12322,37644,34697,40069,30662
32257,33204,32210,32538,33095,34756,38594,31732,33208,34322,39548,33472,30133,26407,12322,37644,34697,40069,30662
32210,32870,32439,32635,32851,34756,38594,31732,33208,34322,39548,33472,30133,26407,12322,37644,34697,40069,30662
32298,32684,32799,32786,32621,35176,37672,31826,33347,34384,39634,33344,29890,26846,13640,43776,34272,40336,33508
32269,32855,32693,32947,32656,35176,37672,31826,33347,34384,39634,33344,29890,26846,13640,43776,34272,40336,33508
32318,33094,32951,32964,32703,35176,37672,31826,33347,34384,39634,33344,29890,26846,13640,43776,34272,40336,33508
32357,32987,33107,32962,32447,35176,37672,31826,33347,34384,39634,33344,29890,26846,13640,43776,34272,40336,33508
32404,32813,33255,32989,31902,35176,37672,31826,33347,34384,39634,33344,29890,26846,13640,43776,34272,40336,33508
32474,32731,33814,32973,31343,35176,37672,31826,33347,34384,39634,33344,29890,26846,13640,43776,34272,40336,33508
32463,32771,33486,32807,32251,35176,37672,31826,33347,34384,39634,33344,29890,26846,13640,43776,34272,40336,33508
32653,32761,32974,32803,30875,35176,37672,31826,33347,34384,39634,33344,29890,26846,13640,43776,34272,40336,33508
32612,32737,32984,32840,32525,35176,37672,31826,33347,34384,39634,33344,29890,26846,13640,43776,34272,40336,33508
32549,32724,32687,32811,31888,35176,37672,31826,33347,34384,39634,33344,29890,26846,13640,43776,34272,40336,33508
32480,32692,33021,32873,31365,35912,37868,31794,33368,34304,39148,33266,29572,26975,13325,48756,33656,41676,34532
32608,32614,32943,32912,32645,35912,37868,31794,33368,34304,39148,33266,29572,26975,13325,48756,33656,41676,34532
32668,32540,32968,32969,33882,35912,37868,31794,33368,34304,39148,33266,29572,26975,13325,48756,33656,41676,34532
32697,32628,33060,32830,31221,35912,37868,31794,33368,34304,39148,33266,29572,26975,13325,48756,33656,41676,34532
32602,32762,32827,32630,32615,35912,37868,31794,33368,34304,39148,33266,29572,26975,13325,48756,33656,41676,34532
32578,32874,32686,32747,32802,35912,37868,31794,33368,34304,39148,33266,29572,26975,13325,48756,33656,41676,34532
32549,32690,32835,32880,30992,35912,37868,31794,33368,34304,39148,33266,29572,26975,13325,48756,33656,41676,34532
32536,32649,32644,32910,33287,35912,37868,31794,33368,34304,39148,33266,29572,26975,13325,48756,33656,41676,34532
32420,32691,32651,32838,30479,35912,37868,31794,33368,34304,39148,33266,29572,26975,13325,48756,33656,41676,34532
32460,32716,32739,32880,32597,35912,37868,31794,33368,34304,39148,33266,29572,26975,13325,48756,33656,41676,34532
32420,32896,32580,32858,31858,36080,37668,32256,33432,33896,38826,33754,29268,26369,11123,42784,36043,47588,34828
32332,32779,32818,32841,30697,36080,37668,32256,33432,33896,38826,33754,29268,26369,11123,42784,36043,47588,34828
32314,32681,32731,32807,33723,36080,37668,32256,33432,33896,38826,33754,29268,26369,11123,42784,36043,47588,34828
32137,32758,32656,32775,34715,36080,37668,32256,33432,33896,38826,33754,29268,26369,11123,42784,36043,47588,34828
32184,32703,32827,32668,34185,36080,37668,32256,33432,33896,38826,33754,29268,26369,11123,42784,36043,47588,34828
32143,32763,32683,32676,33335,36080,37668,32256,33432,33896,38826,33754,29268,26369,11123,42784,36043,47588,34828
32158,32707,32864,32711,35172,36080,37668,32256,33432,33896,38826,33754,29268,26369,11123,42784,36043,47588,34828
32115,32799,32571,32775,34548,36080,37668,32256,33432,33896,38826,33754,29268,26369,11123,42784,36043,47588,34828
32164,32903,32853,32705,33271,36080,37668,32256,33432,33896,38826,33754,29268,26369,11123,42784,36043,47588,34828
32150,32775,32735,32813,32011,36080,37668,32256,33432,33896,38826,33754,29268,26369,11123,42784,36043,47588,34828
32217,32670,32954,32791,32765,35771,37584,32636,33440,33458,38556,34320,28960,25232,9924,43949,34685,45412,36704
32363,32717,32763,32848,31269,35771,37584,32636,33440,33458,38556,34320,28960,25232,9924,43949,34685,45412,36704
32488,32598,32775,32839,31026,35771,37584,32636,33440,33458,38556,34320,28960,25232,9924,43949,34685,45412,36704
32520,32583,32923,32919,31851,35771,37584,32636,33440,33458,38556,34320,28960,25232,9924,43949,34685,45412,36704
32562,32809,32886,32754,31716,35771,37584,32636,33440,33458,38556,34320,28960,25232,9924,43949,34685,45412,36704
32641,32785,32747,32704,32555,35771,37584,32636,33440,33458,38556,34320,28960,25232,9924,43949,34685,45412,36704
32706,32673,32995,32871,33633,35771,37584,32636,33440,33458,38556,34320,28960,25232,9924,43949,34685,45412,36704
32728,32653,33095,32847,34023,35771,37584,32636,33440,33458,38556,34320,28960,25232,9924,43949,34685,45412,36704
32815,32642,33070,32882,33419,35771,37584,32636,33440,33458,38556,34320,28960,25232,9924,43949,34685,45412,36704
32896,32722,33109,32896,32586,35771,37584,32636,33440,33458,38556,34320,28960,25232,9924,43949,34685,45412,36704
32944,32787,32915,32898,33863,35296,37643,33220,33538,33220,38592,35052,28616,24101,11926,45948,35026,47280,40732
33025,32726,32741,32857,32965,35296,37643,33220,33538,33220,38592,35052,28616,24101,11926,45948,35026,47280,40732
33220,32617,32875,32804,32454,35296,37643,33220,33538,33220,38592,35052,28616,24101,11926,45948,35026,47280,40732
33314,32695,32775,32790,31435,35296,37643,33220,33538,33220,38592,35052,28616,24101,11926,45948,35026,47280,40732
33533,32730,32731,32848,31062,35296,37643,33220,33538,33220,38592,35052,28616,24101,11926,45948,35026,47280,40732
33585,32805,32908,32806,31005,35296,37643,33220,33538,33220,38592,35052,28616,24101,11926,45948,35026,47280,40732
33594,32750,32740,32751,31263,35296,37643,33220,33538,33220,38592,35052,28616,24101,11926,45948,35026,47280,40732
33435,32597,32749,32740,32067,35296,37643,33220,33538,33220,38592,35052,28616,24101,11926,45948,35026,47280,40732
33369,32651,33010,32717,32820,35296,37643,33220,33538,33220,38592,35052,28616,24101,11926,45948,35026,47280,40732
33462,32797,32869,32855,32985,35296,37643,33220,33538,33220,38592,35052,28616,24101,11926,45948,35026,47280,40732
33496,32845,32956,32876,33955,35204,37949,34396,33708,33248,38530,35460,28194,20708,11681,46628,30437,45495,41761
33572,32849,33036,32866,34934,35204,37949,34396,33708,33248,38530,35460,28194,20708,11681,46628,30437,45495,41761
33485,32697,32862,32714,34027,35204,37949,34396,33708,33248,38530,35460,28194,20708,11681,46628,30437,45495,41761
33470,32689,32894,32749,34683,35204,37949,34396,33708,33248,38530,35460,28194,20708,11681,46628,30437,45495,41761
33363,32819,32919,32749,34621,35204,37949,34396,33708,33248,38530,35460,28194,20708,11681,46628,30437,45495,41761
33261,32837,32688,32837,34261,35204,37949,34396,33708,33248,38530,35460,28194,20708,11681,46628,30437,45495,41761
33128,32847,32954,32878,34839,35204,37949,34396,33708,33248,38530,35460,28194,20708,11681,46628,30437,45495,41761
32971,32843,32767,32873,33014,35204,37949,34396,33708,33248,38530,35460,28194,20708,11681,46628,30437,45495,41761
33011,32653,32816,32911,32519,35204,37949,34396,33708,33248,38530,35460,28194,20708,11681,46628,30437,45495,41761
32957,32796,32917,32832,29961,35204,37949,34396,33708,33248,38530,35460,28194,20708,11681,46628,30437,45495,41761
32806,32925,32837,32858,34213,35204,37720,34920,34004,33114,38312,35932,27848,22751,13902,41948,34142,43784,39868
32738,32938,32894,32815,31364,35204,37720,34920,34004,33114,38312,35932,27848,22751,13902,41948,34142,43784,39868
32620,32959,32934,32752,30884,35204,37720,34920,34004,33114,38312,35932,27848,22751,13902,41948,34142,43784,39868
32557,32889,32731,32720,31635,35204,37720,34920,34004,33114,38312,35932,27848,22751,13902,41948,34142,43784,39868
32612,32850,32943,32687,34443,35204,37720,34920,34004,33114,38312,35932,27848,22751,13902,41948,34142,43784,39868
32536,32829,32723,32711,36075,35204,37720,34920,34004,33114,38312,35932,27848,22751,13902,41948,34142,43784,39868
32768,32890,32882,32706,32646,35204,37720,34920,34004,33114,38312,35932,27848,22751,13902,41948,34142,43784,39868
32910,32828,32940,32765,32319,35204,37720,34920,34004,33114,38312,35932,27848,22751,13902,41948,34142,43784,39868
32904,32673,32698,32702,30089,35204,37720,34920,34004,33114,38312,35932,27848,22751,13902,41948,34142,43784,39868
32967,32774,32953,32728,32527,35204,37720,34920,34004,33114,38312,35932,27848,22751,13902,41948,34142,43784,39868
32980,32757,32914,32859,30288,35148,37650,35808,34172,33012,37984,35800,27444,23098,18725,41600,29908,40197,37774
32796,32809,32810,32950,31076,35148,37650,35808,34172,33012,37984,35800,27444,23098,18725,41600,29908,40197,37774
32837,32888,32809,32707,31788,35148,37650,35808,34172,33012,37984,35800,27444,23098,18725,41600,29908,40197,37774
32996,32985,32986,32698,31748,35148,37650,35808,34172,33012,37984,35800,27444,23098,18725,41600,29908,40197,37774
32980,32796,32943,32754,34702,35148,37650,35808,34172,33012,37984,35800,27444,23098,18725,41600,29908,40197,37774
33008,32866,32723,32810,36121,35148,37650,35808,34172,33012,37984,35800,27444,23098,18725,41600,29908,40197,37774
33202,33133,32930,32808,30473,35148,37650,35808,34172,33012,37984,35800,27444,23098,18725,41600,29908,40197,37774
33196,32841,32857,32809,32823,35148,37650,35808,34172,33012,37984,35800,27444,23098,18725,41600,29908,40197,37774
33081,32502,32760,32621,36302,35148,37650,35808,34172,33012,37984,35800,27444,23098,18725,41600,29908,40197,37774
33164,33162,32895,32611,34512,35148,37650,35808,34172,33012,37984,35800,27444,23098,18725,41600,29908,40197,37774
33248,33932,32973,32734,32059,35384,37929,36012,34372,32740,37490,35232,27034,20990,20984,41001,33157,37120,42644
33443,33689,32627,32859,28406,35384,37929,36012,34372,32740,37490,35232,27034,20990,20984,41001,33157,37120,42644
33374,32976,32928,32891,28708,35384,37929,36012,34372,32740,37490,35232,27034,20990,20984,41001,33157,37120,42644
33356,32263,32927,32903,31142,35384,37929,36012,34372,32740,37490,35232,27034,20990,20984,41001,33157,37120,42644
33390,33545,32676,32874,35162,35384,37929,36012,34372,32740,37490,35232,27034,20990,20984,41001,33157,37120,42644
33296,33705,32966,32974,34894,35384,37929,36012,34372,32740,37490,35232,27034,20990,20984,41001,33157,37120,42644
33300,32712,32839,33095,36341,35384,37929,36012,34372,32740,37490,35232,27034,20990,20984,41001,33157,37120,42644
33320,31485,32775,33276,33975,35384,37929,36012,34372,32740,37490,35232,27034,20990,20984,41001,33157,37120,42644
33294,31562,32967,33184,40430,35384,37929,36012,34372,32740,37490,35232,27034,20990,20984,41001,33157,37120,42644
33280,33421,32713,32903,30385,35384,37929,36012,34372,32740,37490,35232,27034,20990,20984,41001,33157,37120,42644
33233,33556,32959,32683,28672,35656,37994,36808,34492,32586,36944,35960,26562,20208,17647,34204,29808,32344,39864
33220,32183,32714,32576,30690,35656,37994,36808,34492,32586,36944,35960,26562,20208,17647,34204,29808,32344,39864
33304,31941,32856,32593,32084,35656,37994,36808,34492,32586,36944,35960,26562,20208,17647,34204,29808,32344,39864
33437,32427,32839,32757,36794,35656,37994,36808,34492,32586,36944,35960,26562,20208,17647,34204,29808,32344,39864
33451,32992,32720,32800,37799,35656,37994,36808,34492,32586,36944,35960,26562,20208,17647,34204,29808,32344,39864
33526,32972,32826,32775,42381,35656,37994,36808,34492,32586,36944,35960,26562,20208,17647,34204,29808,32344,39864
33683,33088,32632,32822,30702,35656,37994,36808,34492,32586,36944,35960,26562,20208,17647,34204,29808,32344,39864
33626,33257,32861,32865,30095,35656,37994,36808,34492,32586,36944,35960,26562,20208,17647,34204,29808,32344,39864
33672,33065,32603,32877,20914,35656,37994,36808,34492,32586,36944,35960,26562,20208,17647,34204,29808,32344,39864
33630,32681,32818,32827,30394,35656,37994,36808,34492,32586,36944,35960,26562,20208,17647,34204,29808,32344,39864
33577,32459,32770,32693,21859,35668,37818,36785,34582,31976,36112,37216,26148,18922,17677,27804,31537,25792,29014
33576,32182,32571,32736,30743,35668,37818,36785,34582,31976,36112,37216,26148,18922,17677,27804,31537,25792,29014
33464,32884,32887,32785,30012,35668,37818,36785,34582,31976,36112,37216,26148,18922,17677,27804,31537,25792,29014
33500,33406,32786,32850,47489,35668,37818,36785,34582,31976,36112,37216,26148,18922,17677,27804,31537,25792,29014
33602,33496,32612,32749,37870,35668,37818,36785,34582,31976,36112,37216,26148,18922,17677,27804,31537,25792,29014
33592,33170,32875,32772,44775,35668,37818,36785,34582,31976,36112,37216,26148,18922,17677,27804,31537,25792,29014
33584,33201,32659,32753,31014,35668,37818,36785,34582,31976,36112,37216,26148,18922,17677,27804,31537,25792,29014
33374,32886,32791,32922,43585,35668,37818,36785,34582,31976,36112,37216,26148,18922,17677,27804,31537,25792,29014
33383,32871,32727,32903,32343,35668,37818,36785,34582,31976,36112,37216,26148,18922,17677,27804,31537,25792,29014
33390,32718,32594,32974,30290,35668,37818,36785,34582,31976,36112,37216,26148,18922,17677,27804,31537,25792,29014
33316,32238,32888,32853,31303,35410,37796,36888,34792,31740,35064,38708,25832,19300,17820,25300,31605,25288,24125
33272,32561,32768,32741,19869,35410,37796,36888,34792,31740,35064,38708,25832,19300,17820,25300,31605,25288,24125
33094,32303,32549,32599,34683,35410,37796,36888,34792,31740,35064,38708,25832,19300,17820,25300,31605,25288,24125
32920,31950,32824,32873,18664,35410,37796,36888,34792,31740,35064,38708,25832,19300,17820,25300,31605,25288,24125
32718,32466,32743,32950,42127,35410,37796,36888,34792,31740,35064,38708,25832,19300,17820,25300,31605,25288,24125
32678,33168,32732,32928,31741,35410,37796,36888,34792,31740,35064,38708,25832,19300,17820,25300,31605,25288,24125
32549,32951,32787,32860,39088,35410,37796,36888,34792,31740,35064,38708,25832,19300,17820,25300,31605,25288,24125
32498,33508,32588,32880,33287,35410,37796,36888,34792,31740,35064,38708,25832,19300,17820,25300,31605,25288,24125
32416,34338,32835,32911,29720,35410,37796,36888,34792,31740,35064,38708,25832,19300,17820,25300,31605,25288,24125
32412,34023,32756,32895,41850,35410,37796,36888,34792,31740,35064,38708,25832,19300,17820,25300,31605,25288,24125
32370,33441,32797,32854,26534,35328,38072,36968,34908,32422,34520,39480,25480,18436,15230,22337,32836,21613,15069
32360,33619,32853,32863,35545,35328,38072,36968,34908,32422,34520,39480,25480,18436,15230,22337,32836,21613,15069
32378,33938,32703,32789,23847,35328,38072,36968,34908,32422,34520,39480,25480,18436,15230,22337,32836,21613,15069
32352,33826,32810,32848,37878,35328,38072,36968,34908,32422,34520,39480,25480,18436,15230,22337,32836,21613,15069
32361,33058,32647,32890,24972,35328,38072,36968,34908,32422,34520,39480,25480,18436,15230,22337,32836,21613,15069
32370,31310,32871,32938,49439,35328,38072,36968,34908,32422,34520,39480,25480,18436,15230,22337,32836,21613,15069
32316,29308,32848,32979,23424,35328,38072,36968,34908,32422,34520,39480,25480,18436,15230,22337,32836,21613,15069
32306,30194,32623,32969,24066,35328,38072,36968,34908,32422,34520,39480,25480,18436,15230,22337,32836,21613,15069
32263,31943,32856,33000,36996,35328,38072,36968,34908,32422,34520,39480,25480,18436,15230,22337,32836,21613,15069
32273,32684,32647,32854,37824,35328,38072,36968,34908,32422,34520,39480,25480,18436,15230,22337,32836,21613,15069
32248,33378,32928,32786,40488,34964,38096,36850,35214,33236,34594,38904,25266,17534,12165,18036,29365,19340,14867
32132,33760,32800,32759,11474,34964,38096,36850,35214,33236,34594,38904,25266,17534,12165,18036,29365,19340,14867
32102,33678,32918,32748,20146,34964,38096,36850,35214,33236,34594,38904,25266,17534,12165,18036,29365,19340,14867
32066,33213,32806,32770,50001,34964,38096,36850,35214,33236,34594,38904,25266,17534,12165,18036,29365,19340,14867
32015,32979,32990,32826,47811,34964,38096,36850,35214,33236,34594,38904,25266,17534,12165,18036,29365,19340,14867
32016,32592,33019,32894,33710,34964,38096,36850,35214,33236,34594,38904,25266,17534,12165,18036,29365,19340,14867
31983,33310,32816,33021,33981,34964,38096,36850,35214,33236,34594,38904,25266,17534,12165,18036,29365,19340,14867
32054,32634,32868,32952,32098,34964,38096,36850,35214,33236,34594,38904,25266,17534,12165,18036,29365,19340,14867
32083,31772,32730,33012,28888,34964,38096,36850,35214,33236,34594,38904,25266,17534,12165,18036,29365,19340,14867
32112,31923,32866,33025,37156,34964,38096,36850,35214,33236,34594,38904,25266,17534,12165,18036,29365,19340,14867
32120,31938,32698,32865,31311,34800,38144,36668,35402,33340,34988,38010,24940,17996,11601,13961,29253,19960,19369
32180,32452,32968,32786,28288,34800,38144,36668,35402,33340,34988,38010,24940,17996,11601,13961,29253,19960,19369
32200,33052,32772,32790,33957,34800,38144,36668,35402,33340,34988,38010,24940,17996,11601,13961,29253,19960,19369
32295,33781,33179,32722,42214,34800,38144,36668,35402,33340,34988,38010,24940,17996,11601,13961,29253,19960,19369
32354,33918,33064,32747,38909,34800,38144,36668,35402,33340,34988,38010,24940,17996,11601,13961,29253,19960,19369
32410,34119,33212,32738,38437,34800,38144,36668,35402,33340,34988,38010,24940,17996,11601,13961,29253,19960,19369
32406,33856,32903,32815,27860,34800,38144,36668,35402,33340,34988,38010,24940,17996,11601,13961,29253,19960,19369
32486,32805,32812,33181,37029,34800,38144,36668,35402,33340,34988,38010,24940,17996,11601,13961,29253,19960,19369
32596,32672,32400,33302,20119,34800,38144,36668,35402,33340,34988,38010,24940,17996,11601,13961,29253,19960,19369
32576,33765,32492,33094,28260,34800,38144,36668,35402,33340,34988,38010,24940,17996,11601,13961,29253,19960,19369
32582,33949,32318,32942,31220,34680,38250,36868,35684,32996,35653,37112,24668,18149,11763,14190,28740,18186,25618
32516,33026,32658,32790,38192,34680,38250,36868,35684,32996,35653,37112,24668,18149,11763,14190,28740,18186,25618
32396,31814,32479,32736,35110,34680,38250,36868,35684,32996,35653,37112,24668,18149,11763,14190,28740,18186,25618
32377,31446,32746,32711,31756,34680,38250,36868,35684,32996,35653,37112,24668,18149,11763,14190,28740,18186,25618
32428,31911,32606,32769,30405,34680,38250,36868,35684,32996,35653,37112,24668,18149,11763,14190,28740,18186,25618
32394,32495,32814,32705,38290,34680,38250,36868,35684,32996,35653,37112,24668,18149,11763,14190,28740,18186,25618
32420,32138,32614,32579,46830,34680,38250,36868,35684,32996,35653,37112,24668,18149,11763,14190,28740,18186,25618
32468,32601,32848,32627,36051,34680,38250,36868,35684,32996,35653,37112,24668,18149,11763,14190,28740,18186,25618
32578,33157,32796,32596,35238,34680,38250,36868,35684,32996,35653,37112,24668,18149,11763,14190,28740,18186,25618
32492,33191,32806,32614,29710,34680,38250,36868,35684,32996,35653,37112,24668,18149,11763,14190,28740,18186,25618
32552,33321,32800,32607,29564,34777,38176,36520,35840,32516,35584,36740,24408,18209,11474,14215,31080,15247,30472
32573,32989,32668,32724,26437,34777,38176,36520,35840,32516,35584,36740,24408,18209,11474,14215,31080,15247,30472
32586,33287,32696,32903,28295,34777,38176,36520,35840,32516,35584,36740,24408,18209,11474,14215,31080,15247,30472
32636,33441,32560,33034,25299,34777,38176,36520,35840,32516,35584,36740,24408,18209,11474,14215,31080,15247,30472
32640,33704,32796,33097,35250,34777,38176,36520,35840,32516,35584,36740,24408,18209,11474,14215,31080,15247,30472
32596,32534,32699,32879,33257,34777,38176,36520,35840,32516,35584,36740,24408,18209,11474,14215,31080,15247,30472
32709,31666,32833,32742,32762,34777,38176,36520,35840,32516,35584,36740,24408,18209,11474,14215,31080,15247,30472
32658,32593,32687,32690,28913,34777,38176,36520,35840,32516,35584,36740,24408,18209,11474,14215,31080,15247,30472
32622,32036,32787,32704,34778,34777,38176,36520,35840,32516,35584,36740,24408,18209,11474,14215,31080,15247,30472
32582,31901,32598,32786,34112,34777,38176,36520,35840,32516,35584,36740,24408,18209,11474,14215,31080,15247,30472
32792,32398,32684,32819,30367,34340,37864,36452,36027,32090,35212,36605,24226,19132,12918,14136,29716,12133,31212
32854,32728,32484,32888,27734,34340,37864,36452,36027,32090,35212,36605,24226,19132,12918,14136,29716,12133,31212
32868,32985,32780,32896,26505,34340,37864,36452,36027,32090,35212,36605,24226,19132,12918,14136,29716,12133,31212
32801,33046,32696,32866,32008,34340,37864,36452,36027,32090,35212,36605,24226,19132,12918,14136,29716,12133,31212
32804,32790,32731,32732,34918,34340,37864,36452,36027,32090,35212,36605,24226,19132,12918,14136,29716,12133,31212
32756,32677,33125,32841,27965,34340,37864,36452,36027,32090,35212,36605,24226,19132,12918,14136,29716,12133,31212
32740,32674,33017,32815,32308,34340,37864,36452,36027,32090,35212,36605,24226,19132,12918,14136,29716,12133,31212
32820,32882,33093,32878,37695,34340,37864,36452,36027,32090,35212,36605,24226,19132,12918,14136,29716,12133,31212
32845,32694,33103,32889,42319,34340,37864,36452,36027,32090,35212,36605,24226,19132,12918,14136,29716,12133,31212
32770,31881,32772,32948,32795,34340,37864,36452,36027,32090,35212,36605,24226,19132,12918,14136,29716,12133,31212
32850,31345,32884,32932,31420,34273,37460,36485,36024,31888,34668,36554,23972,19751,13772,14312,31388,7963,29788
32865,31881,32623,32775,27642,34273,37460,36485,36024,31888,34668,36554,23972,19751,13772,14312,31388,7963,29788
32832,32781,32632,32924,32559,34273,37460,36485,36024,31888,34668,36554,23972,19751,13772,14312,31388,7963,29788
32793,33606,32676,33008,38215,34273,37460,36485,36024,31888,34668,36554,23972,19751,13772,14312,31388,7963,29788
32790,33520,32447,32990,38355,34273,37460,36485,36024,31888,34668,36554,23972,19751,13772,14312,31388,7963,29788
32747,32346,32652,32892,34293,34273,37460,36485,36024,31888,34668,36554,23972,19751,13772,14312,31388,7963,29788
32762,31457,32450,32958,23650,34273,37460,36485,36024,31888,34668,36554,23972,19751,13772,14312,31388,7963,29788
32854,31958,32733,33027,40566,34273,37460,36485,36024,31888,34668,36554,23972,19751,13772,14312,31388,7963,29788
32818,32484,32425,33152,43219,34273,37460,36485,36024,31888,34668,36554,23972,19751,13772,14312,31388,7963,29788
32688,33065,32357,33364,35808,34273,37460,36485,36024,31888,34668,36554,23972,19751,13772,14312,31388,7963,29788
32679,33375,32860,33423,38802,34120,37444,36412,36100,31844,34328,36728,23852,19874,14522,11388,28600,5348,27316
32674,33158,32834,33445,14752,34120,37444,36412,36100,31844,34328,36728,23852,19874,14522,11388,28600,5348,27316
32704,33326,33012,33552,43175,34120,37444,36412,36100,31844,34328,36728,23852,19874,14522,11388,28600,5348,27316
32608,33769,33152,33581,30799,34120,37444,36412,36100,31844,34328,36728,23852,19874,14522,11388,28600,5348,27316
32615,33208,32996,33624,32845,34120,37444,36412,36100,31844,34328,36728,23852,19874,14522,11388,28600,5348,27316
32676,33536,32880,33611,32191,34120,37444,36412,36100,31844,34328,36728,23852,19874,14522,11388,28600,5348,27316
32762,33694,32934,33575,33795,34120,37444,36412,36100,31844,34328,36728,23852,19874,14522,11388,28600,5348,27316
32840,34672,32693,33536,26011,34120,37444,36412,36100,31844,34328,36728,23852,19874,14522,11388,28600,5348,27316
32852,34863,33004,33677,34800,34120,37444,36412,36100,31844,34328,36728,23852,19874,14522,11388,28600,5348,27316
32873,33340,32946,33616,27428,34120,37444,36412,36100,31844,34328,36728,23852,19874,14522,11388,28600,5348,27316
32670,32051,32703,33287,41452,33912,37152,36608,36120,31732,34202,37192,23796,19657,15092,10197,30690,3100,25566
32573,30417,32882,32912,22155,33912,37152,36608,36120,31732,34202,37192,23796,19657,15092,10197,30690,3100,25566
32596,30894,32533,32520,14222,33912,37152,36608,36120,31732,34202,37192,23796,19657,15092,10197,30690,3100,25566
32663,30756,32606,32103,36004,33912,37152,36608,36120,31732,34202,37192,23796,19657,15092,10197,30690,3100,25566
32564,31843,32903,31957,29126,33912,37152,36608,36120,31732,34202,37192,23796,19657,15092,10197,30690,3100,25566
32481,32781,32825,31746,25353,33912,37152,36608,36120,31732,34202,37192,23796,19657,15092,10197,30690,3100,25566
32508,32731,32976,31767,39344,33912,37152,36608,36120,31732,34202,37192,23796,19657,15092,10197,30690,3100,25566
32532,32844,32853,31892,42867,33912,37152,36608,36120,31732,34202,37192,23796,19657,15092,10197,30690,3100,25566
32668,32557,32530,31917,40508,33912,37152,36608,36120,31732,34202,37192,23796,19657,15092,10197,30690,3100,25566
32626,33202,32786,31936,30477,33912,37152,36608,36120,31732,34202,37192,23796,19657,15092,10197,30690,3100,25566
32752,34077,32802,32062,39694,33948,37032,36620,36216,31840,34156,37264,23692,20436,14820,6231,29416,2076,24216
32925,33380,32631,32012,36152,33948,37032,36620,36216,31840,34156,37264,23692,20436,14820,6231,29416,2076,24216
33004,33268,32899,31948,29733,33948,37032,36620,36216,31840,34156,37264,23692,20436,14820,6231,29416,2076,24216
33059,33038,32791,31878,29308,33948,37032,36620,36216,31840,34156,37264,23692,20436,14820,6231,29416,2076,24216
33040,31312,32764,31958,30708,33948,37032,36620,36216,31840,34156,37264,23692,20436,14820,6231,29416,2076,24216
32952,31940,32928,32038,31090,33948,37032,36620,36216,31840,34156,37264,23692,20436,14820,6231,29416,2076,24216
32925,33537,32690,32126,34694,33948,37032,36620,36216,31840,34156,37264,23692,20436,14820,6231,29416,2076,24216
32984,33703,32912,32154,33928,33948,37032,36620,36216,31840,34156,37264,23692,20436,14820,6231,29416,2076,24216
32963,34230,32837,32118,34210,33948,37032,36620,36216,31840,34156,37264,23692,20436,14820,6231,29416,2076,24216
32920,34183,32765,32016,34132,33948,37032,36620,36216,31840,34156,37264,23692,20436,14820,6231,29416,2076,24216
32898,32560,32923,31874,31750,34248,36816,36253,36132,31868,34272,37092,23777,21208,15072,4339,28784,581,24029
32848,32249,32723,31751,28236,34248,36816,36253,36132,31868,34272,37092,23777,21208,15072,4339,28784,581,24029
32812,31858,32892,31764,33631,34248,36816,36253,36132,31868,34272,37092,23777,21208,15072,4339,28784,581,24029
32712,31524,32728,31815,31524,34248,36816,36253,36132,31868,34272,37092,23777,21208,15072,4339,28784,581,24029
32682,32357,32853,31771,31606,34248,36816,36253,36132,31868,34272,37092,23777,21208,15072,4339,28784,581,24029
32664,32790,32926,31876,35371,34248,36816,36253,36132,31868,34272,37092,23777,21208,15072,4339,28784,581,24029
32576,32882,32763,32085,31525,34248,36816,36253,36132,31868,34272,37092,23777,21208,15072,4339,28784,581,24029
32489,33128,33044,32414,30680,34248,36816,36253,36132,31868,34272,37092,23777,21208,15072,4339,28784,581,24029
32430,33322,32920,32620,34768,34248,36816,36253,36132,31868,34272,37092,23777,21208,15072,4339,28784,581,24029
32469,34676,32869,32658,37356,34248,36816,36253,36132,31868,34272,37092,23777,21208,15072,4339,28784,581,24029
32496,34857,33050,32754,43424,34532,36584,35996,36221,31860,34312,37130,23748,21653,18089,6606,28490,65,26876
32504,34990,32837,32796,38503,34532,36584,35996,36221,31860,34312,37130,23748,21653,18089,6606,28490,65,26876
32632,33892,32972,32946,22578,34532,36584,35996,36221,31860,34312,37130,23748,21653,18089,6606,28490,65,26876
32648,33086,32816,32849,19302,34532,36584,35996,36221,31860,34312,37130,23748,21653,18089,6606,28490,65,26876
32652,32276,33005,32822,24578,34532,36584,35996,36221,31860,34312,37130,23748,21653,18089,6606,28490,65,26876
32700,31392,32604,32933,22828,34532,36584,35996,36221,31860,34312,37130,23748,21653,18089,6606,28490,65,26876
32811,31849,32805,33014,32288,34532,36584,35996,36221,31860,34312,37130,23748,21653,18089,6606,28490,65,26876
32876,33117,32760,32992,39648,34532,36584,35996,36221,31860,34312,37130,23748,21653,18089,6606,28490,65,26876
32832,34206,32704,32932,42072,34532,36584,35996,36221,31860,34312,37130,23748,21653,18089,6606,28490,65,26876
32788,33856,32960,32961,37871,34532,36584,35996,36221,31860,34312,37130,23748,21653,18089,6606,28490,65,26876
32764,30810,32682,33012,32214,34760,36456,36112,36116,31853,34508,37202,23817,22328,19625,7099,28193,64,25005
32660,30034,32936,33175,34183,34760,36456,36112,36116,31853,34508,37202,23817,22328,19625,7099,28193,64,25005
32608,30855,32623,33320,35357,34760,36456,36112,36116,31853,34508,37202,23817,22328,19625,7099,28193,64,25005
32624,31285,32812,33278,37016,34760,36456,36112,36116,31853,34508,37202,23817,22328,19625,7099,28193,64,25005
32618,30963,32826,33376,38332,34760,36456,36112,36116,31853,34508,37202,23817,22328,19625,7099,28193,64,25005
32674,31628,32773,33360,33769,34760,36456,36112,36116,31853,34508,37202,23817,22328,19625,7099,28193,64,25005
32682,33505,32791,33466,33095,34760,36456,36112,36116,31853,34508,37202,23817,22328,19625,7099,28193,64,25005
32775,35236,32660,33420,32826,34760,36456,36112,36116,31853,34508,37202,23817,22328,19625,7099,28193,64,25005
32777,34281,32830,33362,28238,34760,36456,36112,36116,31853,34508,37202,23817,22328,19625,7099,28193,64,25005
32768,33486,32627,33175,27282,34760,36456,36112,36116,31853,34508,37202,23817,22328,19625,7099,28193,64,25005
32664,33769,32687,33008,28995,34844,36416,36000,36068,31829,34525,37192,23924,22773,20308,8083,31294,63,23452
32724,33471,32738,32658,28133,34844,36416,36000,36068,31829,34525,37192,23924,22773,20308,8083,31294,63,23452
32704,33121,32610,32322,29437,34844,36416,36000,36068,31829,34525,37192,23924,22773,20308,8083,31294,63,23452
32712,32748,32940,31969,34838,34844,36416,36000,36068,31829,34525,37192,23924,22773,20308,8083,31294,63,23452
32728,32549,32659,31620,31118,34844,36416,36000,36068,31829,34525,37192,23924,22773,20308,8083,31294,63,23452
32778,32640,33016,31446,33604,34844,36416,36000,36068,31829,34525,37192,23924,22773,20308,8083,31294,63,23452
32834,31822,32784,31408,35264,34844,36416,36000,36068,31829,34525,37192,23924,22773,20308,8083,31294,63,23452
32844,31128,32980,31364,35602,34844,36416,36000,36068,31829,34525,37192,23924,22773,20308,8083,31294,63,23452
32848,31513,32955,31262,33628,34844,36416,36000,36068,31829,34525,37192,23924,22773,20308,8083,31294,63,23452
32806,32786,32680,31368,34410,34844,36416,36000,36068,31829,34525,37192,23924,22773,20308,8083,31294,63,23452
32813,34609,32824,31537,33273,34640,36200,35900,35960,32114,34490,37100,23997,23281,21524,9182,27441,63,22653
32804,34030,32664,31850,47684,34640,36200,35900,35960,32114,34490,37100,23997,23281,21524,9182,27441,63,22653
32953,32361,32784,32201,59470,34640,36200,35900,35960,32114,34490,37100,23997,23281,21524,9182,27441,63,22653
32839,32171,32797,32534,1483,34640,36200,35900,35960,32114,34490,37100,23997,23281,21524,9182,27441,63,22653
32943,32327,32582,32880,49496,34640,36200,35900,35960,32114,34490,37100,23997,23281,21524,9182,27441,63,22653
32981,33134,32673,33110,34376,34640,36200,35900,35960,32114,34490,37100,23997,23281,21524,9182,27441,63,22653
32953,33722,32835,33123,43041,34640,36200,35900,35960,32114,34490,37100,23997,23281,21524,9182,27441,63,22653
32938,32594,32752,33370,10212,34640,36200,35900,35960,32114,34490,37100,23997,23281,21524,9182,27441,63,22653
32904,31801,32615,33641,51960,34640,36200,35900,35960,32114,34490,37100,23997,23281,21524,9182,27441,63,22653
32905,32703,32806,33849,31908,34640,36200,35900,35960,32114,34490,37100,23997,23281,21524,9182,27441,63,22653
32891,34165,32731,33965,15490,34552,35974,35724,35844,32377,34568,37120,24162,23821,22303,9154,27684,63,19776
32904,34433,32665,33988,43540,34552,35974,35724,35844,32377,34568,37120,24162,23821,22303,9154,27684,63,19776
32873,33253,32813,33867,42276,34552,35974,35724,35844,32377,34568,37120,24162,23821,22303,9154,27684,63,19776
32964,33136,32572,33728,47908,34552,35974,35724,35844,32377,34568,37120,24162,23821,22303,9154,27684,63,19776
32976,32667,32850,33536,4052,34552,35974,35724,35844,32377,34568,37120,24162,23821,22303,9154,27684,63,19776
32935,32073,32680,33486,23346,34552,35974,35724,35844,32377,34568,37120,24162,23821,22303,9154,27684,63,19776
32900,31560,32737,33445,64440,34552,35974,35724,35844,32377,34568,37120,24162,23821,22303,9154,27684,63,19776
32843,31390,32831,33524,3579,34552,35974,35724,35844,32377,34568,37120,24162,23821,22303,9154,27684,63,19776
32826,31951,32651,33492,42045,34552,35974,35724,35844,32377,34568,37120,24162,23821,22303,9154,27684,63,19776
32792,32476,32950,33572,36688,34552,35974,35724,35844,32377,34568,37120,24162,23821,22303,9154,27684,63,19776
32804,33238,32872,33548,39336,34811,35634,35496,35796,32632,34640,36969,24300,24695,23788,10459,27568,61,19825
32854,33629,32737,33366,26601,34811,35634,35496,35796,32632,34640,36969,24300,24695,23788,10459,27568,61,19825
32826,33001,32947,33384,35650,34811,35634,35496,35796,32632,34640,36969,24300,24695,23788,10459,27568,61,19825
32798,33627,32754,33260,27015,34811,35634,35496,35796,32632,34640,36969,24300,24695,23788,10459,27568,61,19825
32708,33618,32708,33220,34023,34811,35634,35496,35796,32632,34640,36969,24300,24695,23788,10459,27568,61,19825
32818,32613,32936,32812,33620,34811,35634,35496,35796,32632,34640,36969,24300,24695,23788,10459,27568,61,19825
32747,32518,32696,32755,54455,34811,35634,35496,35796,32632,34640,36969,24300,24695,23788,10459,27568,61,19825
32648,32220,32896,32409,32586,34811,35634,35496,35796,32632,34640,36969,24300,24695,23788,10459,27568,61,19825
32674,32120,32800,32227,7533,34811,35634,35496,35796,32632,34640,36969,24300,24695,23788,10459,27568,61,19825
32709,32365,32696,32272,27016,34811,35634,35496,35796,32632,34640,36969,24300,24695,23788,10459,27568,61,19825
32718,32788,32950,32201,45872,35052,35532,35312,35634,32872,34852,36984,24484,25641,25192,11596,28437,61,22292
32731,33326,32654,32285,24648,35052,35532,35312,35634,32872,34852,36984,24484,25641,25192,11596,28437,61,22292
32678,33478,32936,32373,28034,35052,35532,35312,35634,32872,34852,36984,24484,25641,25192,11596,28437,61,22292
32603,34586,32812,32511,34095,35052,35532,35312,35634,32872,34852,36984,24484,25641,25192,11596,28437,61,22292
32636,33284,32620,32488,40882,35052,35532,35312,35634,32872,34852,36984,24484,25641,25192,11596,28437,61,22292
32656,30971,32794,32613,23864,35052,35532,35312,35634,32872,34852,36984,24484,25641,25192,11596,28437,61,22292
32668,31207,32555,32657,39615,35052,35532,35312,35634,32872,34852,36984,24484,25641,25192,11596,28437,61,22292
32712,32230,32831,32621,37704,35052,35532,35312,35634,32872,34852,36984,24484,25641,25192,11596,28437,61,22292
32766,32262,32693,32610,33518,35052,35532,35312,35634,32872,34852,36984,24484,25641,25192,11596,28437,61,22292
32755,32528,32630,32490,28358,35052,35532,35312,35634,32872,34852,36984,24484,25641,25192,11596,28437,61,22292
32792,32258,32811,32492,29856,35072,35278,35052,35628,33001,35056,36776,24764,26900,27284,13217,28557,63,25772
32766,32739,32714,32601,34662,35072,35278,35052,35628,33001,35056,36776,24764,26900,27284,13217,28557,63,25772
32706,33452,32706,32560,27877,35072,35278,35052,35628,33001,35056,36776,24764,26900,27284,13217,28557,63,25772
32800,33602,32928,32580,34634,35072,35278,35052,35628,33001,35056,36776,24764,26900,27284,13217,28557,63,25772
32756,34104,32800,32512,27764,35072,35278,35052,35628,33001,35056,36776,24764,26900,27284,13217,28557,63,25772
32920,34223,32818,32444,38270,35072,35278,35052,35628,33001,35056,36776,24764,26900,27284,13217,28557,63,25772
32937,33883,33049,32641,31224,35072,35278,35052,35628,33001,35056,36776,24764,26900,27284,13217,28557,63,25772
32962,34018,33018,32818,35112,35072,35278,35052,35628,33001,35056,36776,24764,26900,27284,13217,28557,63,25772
32846,34275,32886,32866,33218,35072,35278,35052,35628,33001,35056,36776,24764,26900,27284,13217,28557,63,25772
32782,31793,33135,32834,33295,35072,35278,35052,35628,33001,35056,36776,24764,26900,27284,13217,28557,63,25772
32771,32640,33094,32778,32952,35108,35128,34816,35696,32913,35160,37130,24992,28034,29111,14840,24896,62,29232
32732,33481,32914,32761,30430,35108,35128,34816,35696,32913,35160,37130,24992,28034,29111,14840,24896,62,29232
32748,32186,33128,32850,33235,35108,35128,34816,35696,32913,35160,37130,24992,28034,29111,14840,24896,62,29232
32732,31618,33144,32775,33173,35108,35128,34816,35696,32913,35160,37130,24992,28034,29111,14840,24896,62,29232
32682,31856,32818,32747,32979,35108,35128,34816,35696,32913,35160,37130,24992,28034,29111,14840,24896,62,29232
32681,31205,33025,32818,33614,35108,35128,34816,35696,32913,35160,37130,24992,28034,29111,14840,24896,62,29232
32647,30053,32689,32898,35104,35108,35128,34816,35696,32913,35160,37130,24992,28034,29111,14840,24896,62,29232
32686,31953,32810,32827,33467,35108,35128,34816,35696,32913,35160,37130,24992,28034,29111,14840,24896,62,29232
32784,32128,32781,32814,36630,35108,35128,34816,35696,32913,35160,37130,24992,28034,29111,14840,24896,62,29232
32752,32048,32656,32885,13059,35108,35128,34816,35696,32913,35160,37130,24992,28034,29111,14840,24896,62,29232
32764,32707,32677,32775,39548,35154,34941,34624,35656,32876,35304,37116,25292,28716,31112,16843,23756,62,28180
32732,32725,32804,32818,41112,35154,34941,34624,35656,32876,35304,37116,25292,28716,31112,16843,23756,62,28180
32888,33023,32660,32806,30693,35154,34941,34624,35656,32876,35304,37116,25292,28716,31112,16843,23756,62,28180
33026,33049,32980,32870,34062,35154,34941,34624,35656,32876,35304,37116,25292,28716,31112,16843,23756,62,28180
33081,33352,32910,33031,36960,35154,34941,34624,35656,32876,35304,37116,25292,28716,31112,16843,23756,62,28180
33028,33287,32726,32915,30761,35154,34941,34624,35656,32876,35304,37116,25292,28716,31112,16843,23756,62,28180
32921,33308,32946,32908,28944,35154,34941,34624,35656,32876,35304,37116,25292,28716,31112,16843,23756,62,28180
32853,33320,32811,32920,37928,35154,34941,34624,35656,32876,35304,37116,25292,28716,31112,16843,23756,62,28180
32800,33208,32772,32924,33698,35154,34941,34624,35656,32876,35304,37116,25292,28716,31112,16843,23756,62,28180
32730,33052,32893,32900,32681,35154,34941,34624,35656,32876,35304,37116,25292,28716,31112,16843,23756,62,28180
32688,33050,32850,32868,28018,35129,34936,34548,35544,32885,35448,37172,25648,29318,33532,18718,26178,60,27304
32644,33114,32705,32705,31706,35129,34936,34548,35544,32885,35448,37172,25648,29318,33532,18718,26178,60,27304
32714,33276,32916,32831,34292,35129,34936,34548,35544,32885,35448,37172,25648,29318,33532,18718,26178,60,27304
32724,33134,32866,32871,27908,35129,34936,34548,35544,32885,35448,37172,25648,29318,33532,18718,26178,60,27304
32708,32892,32659,32998,33159,35129,34936,34548,35544,32885,35448,37172,25648,29318,33532,18718,26178,60,27304
32744,32937,32831,33036,33758,35129,34936,34548,35544,32885,35448,37172,25648,29318,33532,18718,26178,60,27304
32771,32821,32730,32868,31282,35129,34936,34548,35544,32885,35448,37172,25648,29318,33532,18718,26178,60,27304
32716,32804,32564,32820,32932,35129,34936,34548,35544,32885,35448,37172,25648,29318,33532,18718,26178,60,27304
32774,33029,32840,32828,36519,35129,34936,34548,35544,32885,35448,37172,25648,29318,33532,18718,26178,60,27304
32705,32841,32775,32900,33010,35129,34936,34548,35544,32885,35448,37172,25648,29318,33532,18718,26178,60,27304
32762,32177,32632,32804,33220,35138,34828,34508,35322,33028,35644,37272,26004,29941,36216,19973,24663,61,27273
32724,32778,32706,32924,34649,35138,34828,34508,35322,33028,35644,37272,26004,29941,36216,19973,24663,61,27273
32674,32951,32864,32899,37319,35138,34828,34508,35322,33028,35644,37272,26004,29941,36216,19973,24663,61,27273
32738,32793,32830,32868,34963,35138,34828,34508,35322,33028,35644,37272,26004,29941,36216,19973,24663,61,27273
32711,32692,32710,32902,33104,35138,34828,34508,35322,33028,35644,37272,26004,29941,36216,19973,24663,61,27273
32768,32775,32947,32897,34254,35138,34828,34508,35322,33028,35644,37272,26004,29941,36216,19973,24663,61,27273
32681,32884,32805,32857,27572,35138,34828,34508,35322,33028,35644,37272,26004,29941,36216,19973,24663,61,27273
32706,32940,32636,32886,29157,35138,34828,34508,35322,33028,35644,37272,26004,29941,36216,19973,24663,61,27273
32792,32740,32918,32796,33310,35138,34828,34508,35322,33028,35644,37272,26004,29941,36216,19973,24663,61,27273
32798,32697,32882,32787,34812,35138,34828,34508,35322,33028,35644,37272,26004,29941,36216,19973,24663,61,27273
32808,32720,32674,32950,28056,35314,34784,34500,35306,33284,35840,37217,26300,30581,38068,20636,24016,62,24800
32800,32818,32912,32895,32832,35314,34784,34500,35306,33284,35840,37217,26300,30581,38068,20636,24016,62,24800
32822,32871,32826,32924,34255,35314,34784,34500,35306,33284,35840,37217,26300,30581,38068,20636,24016,62,24800
32929,32734,32620,32868,34777,35314,34784,34500,35306,33284,35840,37217,26300,30581,38068,20636,24016,62,24800
32868,32682,32831,32830,31443,35314,34784,34500,35306,33284,35840,37217,26300,30581,38068,20636,24016,62,24800
32924,32807,32792,32924,32039,35314,34784,34500,35306,33284,35840,37217,26300,30581,38068,20636,24016,62,24800
32898,32884,32553,32824,36210,35314,34784,34500,35306,33284,35840,37217,26300,30581,38068,20636,24016,62,24800
32929,32838,32886,32860,33767,35314,34784,34500,35306,33284,35840,37217,26300,30581,38068,20636,24016,62,24800
33032,32816,32876,32933,31441,35314,34784,34500,35306,33284,35840,37217,26300,30581,38068,20636,24016,62,24800
32989,32704,32738,32984,31514,35314,34784,34500,35306,33284,35840,37217,26300,30581,38068,20636,24016,62,24800
33014,32775,32727,32982,29433,35352,34834,34428,35008,33560,36136,37040,26660,31728,40080,20196,23387,61,25479
32981,32839,32848,32991,33991,35352,34834,34428,35008,33560,36136,37040,26660,31728,40080,20196,23387,61,25479
33024,32956,32559,32998,32069,35352,34834,34428,35008,33560,36136,37040,26660,31728,40080,20196,23387,61,25479
33028,33096,32794,33006,33191,35352,34834,34428,35008,33560,36136,37040,26660,31728,40080,20196,23387,61,25479
33064,32979,32683,32909,34530,35352,34834,34428,35008,33560,36136,37040,26660,31728,40080,20196,23387,61,25479
32944,32750,32742,32925,35514,35352,34834,34428,35008,33560,36136,37040,26660,31728,40080,20196,23387,61,25479
32960,32595,32771,32936,31762,35352,34834,34428,35008,33560,36136,37040,26660,31728,40080,20196,23387,61,25479
32876,32526,32573,32860,32248,35352,34834,34428,35008,33560,36136,37040,26660,31728,40080,20196,23387,61,25479
32856,32764,32849,32818,32870,35352,34834,34428,35008,33560,36136,37040,26660,31728,40080,20196,23387,61,25479
32898,32633,32600,32775,29936,35352,34834,34428,35008,33560,36136,37040,26660,31728,40080,20196,23387,61,25479
32924,32457,32844,32764,33861,35350,34628,34308,34928,33908,36412,37256,27168,32748,39452,20193,22505,62,25160
32832,32434,32751,32896,33810,35350,34628,34308,34928,33908,36412,37256,27168,32748,39452,20193,22505,62,25160
32658,32639,32514,32924,33857,35350,34628,34308,34928,33908,36412,37256,27168,32748,39452,20193,22505,62,25160
32654,33301,32839,32880,33266,35350,34628,34308,34928,33908,36412,37256,27168,32748,39452,20193,22505,62,25160
32722,33311,32646,32936,35538,35350,34628,34308,34928,33908,36412,37256,27168,32748,39452,20193,22505,62,25160
32654,33236,32813,32820,33313,35350,34628,34308,34928,33908,36412,37256,27168,32748,39452,20193,22505,62,25160
32640,33125,32950,32743,31968,35350,34628,34308,34928,33908,36412,37256,27168,32748,39452,20193,22505,62,25160
32549,33460,32600,32742,31256,35350,34628,34308,34928,33908,36412,37256,27168,32748,39452,20193,22505,62,25160
32562,33607,32754,32678,33620,35350,34628,34308,34928,33908,36412,37256,27168,32748,39452,20193,22505,62,25160
32694,33226,32820,32740,30228,35350,34628,34308,34928,33908,36412,37256,27168,32748,39452,20193,22505,62,25160
32835,32919,32904,32754,34479,35460,34712,34248,34880,34148,36668,37284,27636,33412,40204,20174,22050,62,26100
32848,32608,32928,32753,34652,35460,34712,34248,34880,34148,36668,37284,27636,33412,40204,20174,22050,62,26100
32902,32564,32836,32793,32813,35460,34712,34248,34880,34148,36668,37284,27636,33412,40204,20174,22050,62,26100
32812,32585,32842,32857,33216,35460,34712,34248,34880,34148,36668,37284,27636,33412,40204,20174,22050,62,26100
32712,32763,32706,32911,35266,35460,34712,34248,34880,34148,36668,37284,27636,33412,40204,20174,22050,62,26100
32620,32716,32983,32866,30260,35460,34712,34248,34880,34148,36668,37284,27636,33412,40204,20174,22050,62,26100
32686,32711,32763,32896,31536,35460,34712,34248,34880,34148,36668,37284,27636,33412,40204,20174,22050,62,26100
32734,32716,32957,32918,29443,35460,34712,34248,34880,34148,36668,37284,27636,33412,40204,20174,22050,62,26100
32740,32840,32869,32899,30985,35460,34712,34248,34880,34148,36668,37284,27636,33412,40204,20174,22050,62,26100
32773,32865,32942,32900,33098,35460,34712,34248,34880,34148,36668,37284,27636,33412,40204,20174,22050,62,26100
32704,32914,32491,32987,34680,35532,34448,34076,34650,34532,36888,37212,28020,33863,41536,19498,21569,62,29248
32709,32867,32692,32992,32413,35532,34448,34076,34650,34532,36888,37212,28020,33863,41536,19498,21569,62,29248
32679,32950,32551,32986,33900,35532,34448,34076,34650,34532,36888,37212,28020,33863,41536,19498,21569,62,29248
32744,32840,32656,32935,32632,35532,34448,34076,34650,34532,36888,37212,28020,33863,41536,19498,21569,62,29248
32782,32829,32823,32977,35354,35532,34448,34076,34650,34532,36888,37212,28020,33863,41536,19498,21569,62,29248
32832,32440,32655,32842,29955,35532,34448,34076,34650,34532,36888,37212,28020,33863,41536,19498,21569,62,29248
32851,32386,32911,32856,34716,35532,34448,34076,34650,34532,36888,37212,28020,33863,41536,19498,21569,62,29248
32888,32590,32686,32788,32539,35532,34448,34076,34650,34532,36888,37212,28020,33863,41536,19498,21569,62,29248
32945,32754,33042,32761,33776,35532,34448,34076,34650,34532,36888,37212,28020,33863,41536,19498,21569,62,29248
32880,32992,32959,32817,32050,35532,34448,34076,34650,34532,36888,37212,28020,33863,41536,19498,21569,62,29248
32871,33191,33184,32889,35261,35720,34780,33776,34540,34628,37176,36893,28569,33958,40285,18586,20228,63,33736
32746,33281,32720,32943,29062,35720,34780,33776,34540,34628,37176,36893,28569,33958,40285,18586,20228,63,33736
32842,32912,32873,32841,33860,35720,34780,33776,34540,34628,37176,36893,28569,33958,40285,18586,20228,63,33736
32868,32967,32731,32900,30783,35720,34780,33776,34540,34628,37176,36893,28569,33958,40285,18586,20228,63,33736
32816,32881,32993,32808,38360,35720,34780,33776,34540,34628,37176,36893,28569,33958,40285,18586,20228,63,33736
32741,32809,32792,32840,33796,35720,34780,33776,34540,34628,37176,36893,28569,33958,40285,18586,20228,63,33736
32958,32540,32896,32804,34812,35720,34780,33776,34540,34628,37176,36893,28569,33958,40285,18586,20228,63,33736
32982,32371,32775,32821,28486,35720,34780,33776,34540,34628,37176,36893,28569,33958,40285,18586,20228,63,33736
32948,32444,32511,32768,34308,35720,34780,33776,34540,34628,37176,36893,28569,33958,40285,18586,20228,63,33736
32838,32697,32888,32783,26848,35720,34780,33776,34540,34628,37176,36893,28569,33958,40285,18586,20228,63,33736
32832,32818,32684,32702,36124,35616,34536,33580,34568,34456,37272,36336,28980,34106,39156,17844,18015,62,35160
32793,32843,33021,32712,30608,35616,34536,33580,34568,34456,37272,36336,28980,34106,39156,17844,18015,62,35160
32761,33028,32877,32775,35168,35616,34536,33580,34568,34456,37272,36336,28980,34106,39156,17844,18015,62,35160
32836,32942,32942,32783,33527,35616,34536,33580,34568,34456,37272,36336,28980,34106,39156,17844,18015,62,35160
32758,32904,32635,32803,35845,35616,34536,33580,34568,34456,37272,36336,28980,34106,39156,17844,18015,62,35160
32722,32702,32625,32775,30788,35616,34536,33580,34568,34456,37272,36336,28980,34106,39156,17844,18015,62,35160
32716,33217,32697,32756,31187,35616,34536,33580,34568,34456,37272,36336,28980,34106,39156,17844,18015,62,35160
32666,33598,32152,32650,30129,35616,34536,33580,34568,34456,37272,36336,28980,34106,39156,17844,18015,62,35160
32678,33634,32445,32665,33907,35616,34536,33580,34568,34456,37272,36336,28980,34106,39156,17844,18015,62,35160
32493,33355,32285,32736,32286,35616,34536,33580,34568,34456,37272,36336,28980,34106,39156,17844,18015,62,35160
32532,33232,32643,32760,34113,35320,34368,33152,34290,33904,37294,35984,29441,34372,37944,18735,17146,66,42092
32716,32815,32477,32829,33767,35320,34368,33152,34290,33904,37294,35984,29441,34372,37944,18735,17146,66,42092
32726,32213,32749,33017,31964,35320,34368,33152,34290,33904,37294,35984,29441,34372,37944,18735,17146,66,42092
32768,32261,32453,33098,35997,35320,34368,33152,34290,33904,37294,35984,29441,34372,37944,18735,17146,66,42092
32357,31141,32738,32987,25046,35320,34368,33152,34290,33904,37294,35984,29441,34372,37944,18735,17146,66,42092
32373,31716,32585,32839,37038,35320,34368,33152,34290,33904,37294,35984,29441,34372,37944,18735,17146,66,42092
32424,32952,32906,32765,37527,35320,34368,33152,34290,33904,37294,35984,29441,34372,37944,18735,17146,66,42092
32450,33053,32732,32729,30033,35320,34368,33152,34290,33904,37294,35984,29441,34372,37944,18735,17146,66,42092
32520,32775,33008,32655,32776,35320,34368,33152,34290,33904,37294,35984,29441,34372,37944,18735,17146,66,42092
32580,32722,32860,32635,29984,35320,34368,33152,34290,33904,37294,35984,29441,34372,37944,18735,17146,66,42092
32626,32733,33013,32632,32510,35224,34904,32796,34288,33404,37736,35578,29923,34580,37845,24012,16445,1498,42022
32490,32862,32922,32701,30008,35224,34904,32796,34288,33404,37736,35578,29923,34580,37845,24012,16445,1498,42022
32556,32910,33047,32674,32304,35224,34904,32796,34288,33404,37736,35578,29923,34580,37845,24012,16445,1498,42022
32718,32972,33060,32772,30482,35224,34904,32796,34288,33404,37736,35578,29923,34580,37845,24012,16445,1498,42022
32782,32933,32674,32740,33287,35224,34904,32796,34288,33404,37736,35578,29923,34580,37845,24012,16445,1498,42022
32805,32785,32907,32816,33488,35224,34904,32796,34288,33404,37736,35578,29923,34580,37845,24012,16445,1498,42022
32812,32848,32711,32814,28482,35224,34904,32796,34288,33404,37736,35578,29923,34580,37845,24012,16445,1498,42022
32816,32825,32922,32828,32021,35224,34904,32796,34288,33404,37736,35578,29923,34580,37845,24012,16445,1498,42022
32865,33148,32921,32864,32602,35224,34904,32796,34288,33404,37736,35578,29923,34580,37845,24012,16445,1498,42022
32926,33286,32599,32711,31231,35224,34904,32796,34288,33404,37736,35578,29923,34580,37845,24012,16445,1498,42022
32834,33153,32747,32717,29476,34744,36752,32232,34013,33248,37920,35380,30352,33698,37962,22209,16135,4384,42196
32699,32351,32600,32839,35968,34744,36752,32232,34013,33248,37920,35380,30352,33698,37962,22209,16135,4384,42196
32652,32236,32361,32924,29506,34744,36752,32232,34013,33248,37920,35380,30352,33698,37962,22209,16135,4384,42196
32653,31955,32564,32905,34118,34744,36752,32232,34013,33248,37920,35380,30352,33698,37962,22209,16135,4384,42196
32652,33379,32789,32644,32342,34744,36752,32232,34013,33248,37920,35380,30352,33698,37962,22209,16135,4384,42196
32665,33860,32655,32618,35940,34744,36752,32232,34013,33248,37920,35380,30352,33698,37962,22209,16135,4384,42196
32676,33351,32928,32780,29304,34744,36752,32232,34013,33248,37920,35380,30352,33698,37962,22209,16135,4384,42196
32667,33223,33120,32752,30222,34744,36752,32232,34013,33248,37920,35380,30352,33698,37962,22209,16135,4384,42196
32548,33071,32789,32774,29860,34744,36752,32232,34013,33248,37920,35380,30352,33698,37962,22209,16135,4384,42196
32536,32438,32773,32606,36069,34744,36752,32232,34013,33248,37920,35380,30352,33698,37962,22209,16135,4384,42196
32480,31813,33072,32722,33244,34404,37820,31356,34156,32984,37536,35160,30760,32320,34344,22167,16179,8297,39140
32418,32247,33074,32794,31191,34404,37820,31356,34156,32984,37536,35160,30760,32320,34344,22167,16179,8297,39140
32404,32701,32968,32794,32879,34404,37820,31356,34156,32984,37536,35160,30760,32320,34344,22167,16179,8297,39140
32356,31725,33242,32766,33280,34404,37820,31356,34156,32984,37536,35160,30760,32320,34344,22167,16179,8297,39140
32490,32164,33077,32737,33087,34404,37820,31356,34156,32984,37536,35160,30760,32320,34344,22167,16179,8297,39140
32424,32409,33237,32832,31622,34404,37820,31356,34156,32984,37536,35160,30760,32320,34344,22167,16179,8297,39140
32484,32127,33144,32960,34146,34404,37820,31356,34156,32984,37536,35160,30760,32320,34344,22167,16179,8297,39140
32944,32512,32984,32966,33397,34404,37820,31356,34156,32984,37536,35160,30760,32320,34344,22167,16179,8297,39140
32735,32966,32971,32725,30238,34404,37820,31356,34156,32984,37536,35160,30760,32320,34344,22167,16179,8297,39140
32677,32210,32767,32733,35544,34404,37820,31356,34156,32984,37536,35160,30760,32320,34344,22167,16179,8297,39140
32673,32180,33071,32618,30205,33979,38556,30580,33984,32914,37292,34632,31140,30272,27204,21440,16567,15040,37340
32715,32500,33063,32671,34705,33979,38556,30580,33984,32914,37292,34632,31140,30272,27204,21440,16567,15040,37340
32843,32717,32692,32664,35820,33979,38556,30580,33984,32914,37292,34632,31140,30272,27204,21440,16567,15040,37340
32868,33116,32860,32716,30912,33979,38556,30580,33984,32914,37292,34632,31140,30272,27204,21440,16567,15040,37340
33069,33399,33132,32678,35045,33979,38556,30580,33984,32914,37292,34632,31140,30272,27204,21440,16567,15040,37340
33148,33162,32541,32706,30911,33979,38556,30580,33984,32914,37292,34632,31140,30272,27204,21440,16567,15040,37340
32966,33047,32452,32717,35583,33979,38556,30580,33984,32914,37292,34632,31140,30272,27204,21440,16567,15040,37340
32877,33096,32884,32748,30178,33979,38556,30580,33984,32914,37292,34632,31140,30272,27204,21440,16567,15040,37340
32888,33057,33202,32706,33621,33979,38556,30580,33984,32914,37292,34632,31140,30272,27204,21440,16567,15040,37340
32809,33056,33024,32728,32252,33979,38556,30580,33984,32914,37292,34632,31140,30272,27204,21440,16567,15040,37340
32724,32899,33261,32692,37464,33322,39382,29088,34160,33232,37016,34450,31448,28054,24676,26058,18184,19592,32432
32628,32684,33017,32752,31503,33322,39382,29088,34160,33232,37016,34450,31448,28054,24676,26058,18184,19592,32432
32436,32650,32620,32737,31004,33322,39382,29088,34160,33232,37016,34450,31448,28054,24676,26058,18184,19592,32432
32428,31973,32804,32786,32552,33322,39382,29088,34160,33232,37016,34450,31448,28054,24676,26058,18184,19592,32432
32450,32142,33027,32753,30664,33322,39382,29088,34160,33232,37016,34450,31448,28054,24676,26058,18184,19592,32432
32864,32808,32976,32770,34252,33322,39382,29088,34160,33232,37016,34450,31448,28054,24676,26058,18184,19592,32432
33309,32780,33033,32819,34744,33322,39382,29088,34160,33232,37016,34450,31448,28054,24676,26058,18184,19592,32432
33316,33147,33340,32754,34951,33322,39382,29088,34160,33232,37016,34450,31448,28054,24676,26058,18184,19592,32432
32882,33958,33252,32789,31002,33322,39382,29088,34160,33232,37016,34450,31448,28054,24676,26058,18184,19592,32432
32676,33525,32822,32754,34148,33322,39382,29088,34160,33232,37016,34450,31448,28054,24676,26058,18184,19592,32432
32606,33067,32671,32632,29942,32532,40872,26724,34004,33252,36016,34658,31684,24572,18037,30714,19384,24564,25977
32756,32612,32687,32584,32112,32532,40872,26724,34004,33252,36016,34658,31684,24572,18037,30714,19384,24564,25977
32826,32442,32652,32613,28496,32532,40872,26724,34004,33252,36016,34658,31684,24572,18037,30714,19384,24564,25977
32724,32480,32508,32747,35315,32532,40872,26724,34004,33252,36016,34658,31684,24572,18037,30714,19384,24564,25977
32640,32581,32075,32860,32070,32532,40872,26724,34004,33252,36016,34658,31684,24572,18037,30714,19384,24564,25977
32580,32886,32151,32771,32804,32532,40872,26724,34004,33252,36016,34658,31684,24572,18037,30714,19384,24564,25977
32668,33096,32199,32617,34759,32532,40872,26724,34004,33252,36016,34658,31684,24572,18037,30714,19384,24564,25977
32737,33403,32067,32500,32255,32532,40872,26724,34004,33252,36016,34658,31684,24572,18037,30714,19384,24564,25977
32679,33703,31912,32700,33276,32532,40872,26724,34004,33252,36016,34658,31684,24572,18037,30714,19384,24564,25977
32556,33521,32201,32680,32745,32532,40872,26724,34004,33252,36016,34658,31684,24572,18037,30714,19384,24564,25977
32626,32872,32586,32669,33661,31228,39753,24408,34122,32533,34560,30496,31840,22265,22525,36599,21844,36772,47629
32710,32410,33284,32744,34265,31228,39753,24408,34122,32533,34560,30496,31840,22265,22525,36599,21844,36772,47629
32956,32086,34332,32680,32656,31228,39753,24408,34122,32533,34560,30496,31840,22265,22525,36599,21844,36772,47629
32624,32414,33825,32730,32594,31228,39753,24408,34122,32533,34560,30496,31840,22265,22525,36599,21844,36772,47629
32243,32568,32659,32895,31884,31228,39753,24408,34122,32533,34560,30496,31840,22265,22525,36599,21844,36772,47629
32086,32205,32384,32765,28476,31228,39753,24408,34122,32533,34560,30496,31840,22265,22525,36599,21844,36772,47629
31868,32168,32150,32736,33311,31228,39753,24408,34122,32533,34560,30496,31840,22265,22525,36599,21844,36772,47629
31985,32917,32154,32608,33065,31228,39753,24408,34122,32533,34560,30496,31840,22265,22525,36599,21844,36772,47629
32040,34804,32319,32722,35000,31228,39753,24408,34122,32533,34560,30496,31840,22265,22525,36599,21844,36772,47629
32403,34772,33474,32833,32588,31228,39753,24408,34122,32533,34560,30496,31840,22265,22525,36599,21844,36772,47629
33024,33598,33917,32737,33530,30248,38572,25661,33976,32110,35856,29992,32054,26324,37536,42648,22301,53508,39840
33276,33376,33168,32586,34335,30248,38572,25661,33976,32110,35856,29992,32054,26324,37536,42648,22301,53508,39840
33170,33408,32851,32639,28717,30248,38572,25661,33976,32110,35856,29992,32054,26324,37536,42648,22301,53508,39840
32957,31444,32592,32694,30206,30248,38572,25661,33976,32110,35856,29992,32054,26324,37536,42648,22301,53508,39840
32804,31583,32794,32783,32956,30248,38572,25661,33976,32110,35856,29992,32054,26324,37536,42648,22301,53508,39840
32641,31794,33034,32926,32996,30248,38572,25661,33976,32110,35856,29992,32054,26324,37536,42648,22301,53508,39840
32796,32170,33577,32924,34586,30248,38572,25661,33976,32110,35856,29992,32054,26324,37536,42648,22301,53508,39840
33204,32100,32632,32869,34239,30248,38572,25661,33976,32110,35856,29992,32054,26324,37536,42648,22301,53508,39840
33442,32041,31800,32774,37007,30248,38572,25661,33976,32110,35856,29992,32054,26324,37536,42648,22301,53508,39840
33125,32633,32049,32596,31576,30248,38572,25661,33976,32110,35856,29992,32054,26324,37536,42648,22301,53508,39840
33064,32562,32044,32549,36193,31599,38597,29484,34116,30700,36802,32784,31916,28248,35480,34680,25193,50505,28016
33156,32151,32391,32564,32029,31599,38597,29484,34116,30700,36802,32784,31916,28248,35480,34680,25193,50505,28016
33193,32281,32856,32554,33806,31599,38597,29484,34116,30700,36802,32784,31916,28248,35480,34680,25193,50505,28016
32706,32456,32467,32577,32626,31599,38597,29484,34116,30700,36802,32784,31916,28248,35480,34680,25193,50505,28016
32228,32448,32838,32566,32467,31599,38597,29484,34116,30700,36802,32784,31916,28248,35480,34680,25193,50505,28016
31620,32387,33005,32586,34496,31599,38597,29484,34116,30700,36802,32784,31916,28248,35480,34680,25193,50505,28016
31676,32175,32884,32549,32428,31599,38597,29484,34116,30700,36802,32784,31916,28248,35480,34680,25193,50505,28016
31901,32493,33136,32475,32187,31599,38597,29484,34116,30700,36802,32784,31916,28248,35480,34680,25193,50505,28016
32419,32482,32983,32522,29656,31599,38597,29484,34116,30700,36802,32784,31916,28248,35480,34680,25193,50505,28016
32933,32976,33163,32630,29136,31599,38597,29484,34116,30700,36802,32784,31916,28248,35480,34680,25193,50505,28016
33279,32539,33448,32953,30567,31874,37784,30708,34224,30644,36434,34840,31912,28430,35204,36248,27686,55016,29456
33316,32391,32892,33076,28807,31874,37784,30708,34224,30644,36434,34840,31912,28430,35204,36248,27686,55016,29456
33116,32587,31930,32967,31057,31874,37784,30708,34224,30644,36434,34840,31912,28430,35204,36248,27686,55016,29456
33245,31662,32276,32885,32018,31874,37784,30708,34224,30644,36434,34840,31912,28430,35204,36248,27686,55016,29456
33428,31496,32316,32937,28932,31874,37784,30708,34224,30644,36434,34840,31912,28430,35204,36248,27686,55016,29456
33608,31911,32421,32964,38045,31874,37784,30708,34224,30644,36434,34840,31912,28430,35204,36248,27686,55016,29456
33727,32692,32903,32844,34519,31874,37784,30708,34224,30644,36434,34840,31912,28430,35204,36248,27686,55016,29456
34138,32510,33714,32782,32214,31874,37784,30708,34224,30644,36434,34840,31912,28430,35204,36248,27686,55016,29456
34494,32154,34527,32699,34876,31874,37784,30708,34224,30644,36434,34840,31912,28430,35204,36248,27686,55016,29456
34529,32312,34125,32758,31580,31874,37784,30708,34224,30644,36434,34840,31912,28430,35204,36248,27686,55016,29456
34057,32274,32811,32808,33967,31725,36224,31005,34092,31092,36188,35082,31896,27360,49470,40376,26095,60124,30696
33674,32301,32736,32923,33688,31725,36224,31005,34092,31092,36188,35082,31896,27360,49470,40376,26095,60124,30696
33260,33008,33125,32807,33488,31725,36224,31005,34092,31092,36188,35082,31896,27360,49470,40376,26095,60124,30696
32823,32956,33068,32649,34243,31725,36224,31005,34092,31092,36188,35082,31896,27360,49470,40376,26095,60124,30696
32378,33269,32232,32571,30313,31725,36224,31005,34092,31092,36188,35082,31896,27360,49470,40376,26095,60124,30696
32186,33095,32408,32697,31435,31725,36224,31005,34092,31092,36188,35082,31896,27360,49470,40376,26095,60124,30696
32307,33224,32981,32847,28866,31725,36224,31005,34092,31092,36188,35082,31896,27360,49470,40376,26095,60124,30696
32484,34172,33210,32946,31535,31725,36224,31005,34092,31092,36188,35082,31896,27360,49470,40376,26095,60124,30696
32639,34445,33312,32921,34207,31725,36224,31005,34092,31092,36188,35082,31896,27360,49470,40376,26095,60124,30696
32624,35160,33114,33126,34081,31725,36224,31005,34092,31092,36188,35082,31896,27360,49470,40376,26095,60124,30696
32846,36194,31863,33221,31976,31708,36856,33468,34096,31148,35644,35532,31804,28108,34734,31624,31768,58364,23434
32948,33739,30830,33242,35633,31708,36856,33468,34096,31148,35644,35532,31804,28108,34734,31624,31768,58364,23434
32717,31890,30420,33333,31322,31708,36856,33468,34096,31148,35644,35532,31804,28108,34734,31624,31768,58364,23434
32512,31396,30785,32931,31624,31708,36856,33468,34096,31148,35644,35532,31804,28108,34734,31624,31768,58364,23434
32276,32504,31794,32750,31686,31708,36856,33468,34096,31148,35644,35532,31804,28108,34734,31624,31768,58364,23434
31994,33142,32610,32748,33303,31708,36856,33468,34096,31148,35644,35532,31804,28108,34734,31624,31768,58364,23434
31856,33020,32664,32588,33112,31708,36856,33468,34096,31148,35644,35532,31804,28108,34734,31624,31768,58364,23434
31984,33068,32675,32700,32994,31708,36856,33468,34096,31148,35644,35532,31804,28108,34734,31624,31768,58364,23434
32044,32677,32627,33022,30975,31708,36856,33468,34096,31148,35644,35532,31804,28108,34734,31624,31768,58364,23434
32064,33518,32637,32870,36051,31708,36856,33468,34096,31148,35644,35532,31804,28108,34734,31624,31768,58364,23434
32144,33581,32882,33015,33506,31000,35203,35101,34192,31626,35512,36044,31752,28692,33881,25392,30200,58476,13532
32221,31921,33210,33019,35354,31000,35203,35101,34192,31626,35512,36044,31752,28692,33881,25392,30200,58476,13532
32304,32371,33208,33075,37226,31000,35203,35101,34192,31626,35512,36044,31752,28692,33881,25392,30200,58476,13532
32356,30804,33317,33252,30402,31000,35203,35101,34192,31626,35512,36044,31752,28692,33881,25392,30200,58476,13532
32368,31350,34001,33066,27887,31000,35203,35101,34192,31626,35512,36044,31752,28692,33881,25392,30200,58476,13532
32482,33009,33436,32868,32424,31000,35203,35101,34192,31626,35512,36044,31752,28692,33881,25392,30200,58476,13532
32728,32278,32144,32672,28777,31000,35203,35101,34192,31626,35512,36044,31752,28692,33881,25392,30200,58476,13532
33282,30848,31710,32958,41303,31000,35203,35101,34192,31626,35512,36044,31752,28692,33881,25392,30200,58476,13532
33385,31698,31622,33084,42482,31000,35203,35101,34192,31626,35512,36044,31752,28692,33881,25392,30200,58476,13532
33461,33394,31792,33027,21311,31000,35203,35101,34192,31626,35512,36044,31752,28692,33881,25392,30200,58476,13532
33633,33586,32013,32878,34386,31204,34668,35552,34112,32916,36424,34778,31683,31288,35760,20914,34218,55304,10293
33650,33320,32229,32758,35032,31204,34668,35552,34112,32916,36424,34778,31683,31288,35760,20914,34218,55304,10293
33599,33071,32150,32734,30955,31204,34668,35552,34112,32916,36424,34778,31683,31288,35760,20914,34218,55304,10293
33616,33703,32198,32802,32850,31204,34668,35552,34112,32916,36424,34778,31683,31288,35760,20914,34218,55304,10293
33492,33786,33038,32814,29246,31204,34668,35552,34112,32916,36424,34778,31683,31288,35760,20914,34218,55304,10293
33302,33000,34996,32846,33122,31204,34668,35552,34112,32916,36424,34778,31683,31288,35760,20914,34218,55304,10293
32920,32139,35856,32838,34081,31204,34668,35552,34112,32916,36424,34778,31683,31288,35760,20914,34218,55304,10293
32488,32328,34540,32749,34894,31204,34668,35552,34112,32916,36424,34778,31683,31288,35760,20914,34218,55304,10293
31944,33753,32945,32748,38215,31204,34668,35552,34112,32916,36424,34778,31683,31288,35760,20914,34218,55304,10293
31740,34460,32549,32967,31336,31204,34668,35552,34112,32916,36424,34778,31683,31288,35760,20914,34218,55304,10293
31620,33446,31716,32653,31296,32836,35604,35964,34040,35912,39496,30977,31608,34583,40792,17252,27604,44112,17527
31776,31272,31792,32687,35204,32836,35604,35964,34040,35912,39496,30977,31608,34583,40792,17252,27604,44112,17527
31968,30566,31733,32634,37026,32836,35604,35964,34040,35912,39496,30977,31608,34583,40792,17252,27604,44112,17527
32192,32280,31102,32787,26450,32836,35604,35964,34040,35912,39496,30977,31608,34583,40792,17252,27604,44112,17527
32321,31558,31586,32900,33369,32836,35604,35964,34040,35912,39496,30977,31608,34583,40792,17252,27604,44112,17527
32543,32619,32810,32722,31806,32836,35604,35964,34040,35912,39496,30977,31608,34583,40792,17252,27604,44112,17527
32582,33709,34104,32540,27793,32836,35604,35964,34040,35912,39496,30977,31608,34583,40792,17252,27604,44112,17527
32432,36249,34605,32583,40498,32836,35604,35964,34040,35912,39496,30977,31608,34583,40792,17252,27604,44112,17527
32304,36349,33673,32580,25671,32836,35604,35964,34040,35912,39496,30977,31608,34583,40792,17252,27604,44112,17527
32256,36185,33759,32584,37887,32836,35604,35964,34040,35912,39496,30977,31608,34583,40792,17252,27604,44112,17527
32006,36261,33431,32445,26861,35692,37552,35640,33740,38926,42220,29570,31476,38497,45176,9364,30756,47660,13370
31889,35412,32999,32269,34406,35692,37552,35640,33740,38926,42220,29570,31476,38497,45176,9364,30756,47660,13370
32064,34823,33131,32157,40054,35692,37552,35640,33740,38926,42220,29570,31476,38497,45176,9364,30756,47660,13370
32328,33000,33607,32146,33593,35692,37552,35640,33740,38926,42220,29570,31476,38497,45176,9364,30756,47660,13370
32576,34525,33691,32274,26196,35692,37552,35640,33740,38926,42220,29570,31476,38497,45176,9364,30756,47660,13370
32940,35380,34019,32901,40730,35692,37552,35640,33740,38926,42220,29570,31476,38497,45176,9364,30756,47660,13370
33496,29304,33787,33138,26066,35692,37552,35640,33740,38926,42220,29570,31476,38497,45176,9364,30756,47660,13370
33980,24306,33960,33270,30125,35692,37552,35640,33740,38926,42220,29570,31476,38497,45176,9364,30756,47660,13370
33564,29876,31320,32666,43460,35692,37552,35640,33740,38926,42220,29570,31476,38497,45176,9364,30756,47660,13370
33008,35920,29132,32443,17721,35692,37552,35640,33740,38926,42220,29570,31476,38497,45176,9364,30756,47660,13370
33234,33702,30574,32815,37632,38384,41018,34468,33458,35220,42268,32890,31483,44024,51800,10372,26256,44228,10273
33234,31116,32592,33094,36847,38384,41018,34468,33458,35220,42268,32890,31483,44024,51800,10372,26256,44228,10273
33293,31114,32967,33117,42800,38384,41018,34468,33458,35220,42268,32890,31483,44024,51800,10372,26256,44228,10273
33472,33588,34196,32884,25573,38384,41018,34468,33458,35220,42268,32890,31483,44024,51800,10372,26256,44228,10273
33360,35060,33941,32799,41036,38384,41018,34468,33458,35220,42268,32890,31483,44024,51800,10372,26256,44228,10273
33104,34649,32498,32941,29144,38384,41018,34468,33458,35220,42268,32890,31483,44024,51800,10372,26256,44228,10273
33020,35228,32559,32982,33464,38384,41018,34468,33458,35220,42268,32890,31483,44024,51800,10372,26256,44228,10273
33277,35100,33025,32960,32263,38384,41018,34468,33458,35220,42268,32890,31483,44024,51800,10372,26256,44228,10273
33178,33154,32300,32961,37831,38384,41018,34468,33458,35220,42268,32890,31483,44024,51800,10372,26256,44228,10273
32924,31961,32128,32937,28604,38384,41018,34468,33458,35220,42268,32890,31483,44024,51800,10372,26256,44228,10273
33090,31332,32992,32968,30180,38852,44064,32189,33356,33917,39636,34866,31536,40956,48948,16406,33968,49349,5540
33074,29855,34020,32957,31173,38852,44064,32189,33356,33917,39636,34866,31536,40956,48948,16406,33968,49349,5540
33008,31661,33760,33166,31967,38852,44064,32189,33356,33917,39636,34866,31536,40956,48948,16406,33968,49349,5540
32996,32314,33327,33220,33478,38852,44064,32189,33356,33917,39636,34866,31536,40956,48948,16406,33968,49349,5540
33280,32476,32852,33154,30719,38852,44064,32189,33356,33917,39636,34866,31536,40956,48948,16406,33968,49349,5540
33106,32465,32123,33110,38437,38852,44064,32189,33356,33917,39636,34866,31536,40956,48948,16406,33968,49349,5540
32028,32295,32168,32942,29576,38852,44064,32189,33356,33917,39636,34866,31536,40956,48948,16406,33968,49349,5540
31832,31321,32453,32983,33521,38852,44064,32189,33356,33917,39636,34866,31536,40956,48948,16406,33968,49349,5540
32270,30934,32788,33067,35303,38852,44064,32189,33356,33917,39636,34866,31536,40956,48948,16406,33968,49349,5540
32712,32185,33138,33061,25616,38852,44064,32189,33356,33917,39636,34866,31536,40956,48948,16406,33968,49349,5540
32919,32786,33045,32967,35993,37260,42568,30946,33354,34418,38514,34036,31568,36280,32072,21102,33089,48096,10862
33044,32708,32472,32900,32672,37260,42568,30946,33354,34418,38514,34036,31568,36280,32072,21102,33089,48096,10862
32858,32342,31948,32935,35819,37260,42568,30946,33354,34418,38514,34036,31568,36280,32072,21102,33089,48096,10862
32932,32308,32095,32984,32524,37260,42568,30946,33354,34418,38514,34036,31568,36280,32072,21102,33089,48096,10862
32272,32666,31780,32741,30680,37260,42568,30946,33354,34418,38514,34036,31568,36280,32072,21102,33089,48096,10862
31797,32102,31497,32595,37006,37260,42568,30946,33354,34418,38514,34036,31568,36280,32072,21102,33089,48096,10862
31622,31881,31762,32656,30088,37260,42568,30946,33354,34418,38514,34036,31568,36280,32072,21102,33089,48096,10862
31842,32431,32515,32678,35615,37260,42568,30946,33354,34418,38514,34036,31568,36280,32072,21102,33089,48096,10862
32342,32949,33060,32709,37222,37260,42568,30946,33354,34418,38514,34036,31568,36280,32072,21102,33089,48096,10862
32628,32292,33400,32679,37703,37260,42568,30946,33354,34418,38514,34036,31568,36280,32072,21102,33089,48096,10862
32398,30126,33557,32649,35908,34897,38944,30690,33624,34190,37340,35180,31544,32320,16470,6033,35185,50818,13929
32677,30231,33013,32553,32268,34897,38944,30690,33624,34190,37340,35180,31544,32320,16470,6033,35185,50818,13929
33436,31740,33360,32679,59783,34897,38944,30690,33624,34190,37340,35180,31544,32320,16470,6033,35185,50818,13929
33646,33253,34364,32823,56896,34897,38944,30690,33624,34190,37340,35180,31544,32320,16470,6033,35185,50818,13929
33698,32908,34166,32551,53497,34897,38944,30690,33624,34190,37340,35180,31544,32320,16470,6033,35185,50818,13929
33606,33569,33740,32346,12,34897,38944,30690,33624,34190,37340,35180,31544,32320,16470,6033,35185,50818,13929
33414,34724,33230,32457,2119,34897,38944,30690,33624,34190,37340,35180,31544,32320,16470,6033,35185,50818,13929
33544,32797,33249,32728,17044,34897,38944,30690,33624,34190,37340,35180,31544,32320,16470,6033,35185,50818,13929
33476,31927,33636,32861,26940,34897,38944,30690,33624,34190,37340,35180,31544,32320,16470,6033,35185,50818,13929
33434,32794,34012,32802,43643,34897,38944,30690,33624,34190,37340,35180,31544,32320,16470,6033,35185,50818,13929
33496,34300,33462,32658,31941,33732,37256,30172,33600,34076,36740,34860,31444,30557,21333,13507,33140,50329,17477
33628,33290,33508,32639,31358,33732,37256,30172,33600,34076,36740,34860,31444,30557,21333,13507,33140,50329,17477
33845,34077,33667,32995,39367,33732,37256,30172,33600,34076,36740,34860,31444,30557,21333,13507,33140,50329,17477
33912,34719,33200,33007,35590,33732,37256,30172,33600,34076,36740,34860,31444,30557,21333,13507,33140,50329,17477
33824,34510,33119,32637,40753,33732,37256,30172,33600,34076,36740,34860,31444,30557,21333,13507,33140,50329,17477
34046,33676,32754,32613,36558,33732,37256,30172,33600,34076,36740,34860,31444,30557,21333,13507,33140,50329,17477
33590,33325,30913,32711,38168,33732,37256,30172,33600,34076,36740,34860,31444,30557,21333,13507,33140,50329,17477
33322,32466,30661,32701,18576,33732,37256,30172,33600,34076,36740,34860,31444,30557,21333,13507,33140,50329,17477
32733,31980,31159,32695,23308,33732,37256,30172,33600,34076,36740,34860,31444,30557,21333,13507,33140,50329,17477
31955,31759,32258,32795,29728,33732,37256,30172,33600,34076,36740,34860,31444,30557,21333,13507,33140,50329,17477
31490,32025,32583,32698,36552,33684,35816,32128,33684,33453,36858,35088,31506,33124,22861,15154,31732,56209,21512
31304,31916,32253,32660,37695,33684,35816,32128,33684,33453,36858,35088,31506,33124,22861,15154,31732,56209,21512
31369,32341,32546,32875,30915,33684,35816,32128,33684,33453,36858,35088,31506,33124,22861,15154,31732,56209,21512
31641,33163,33321,32911,39800,33684,35816,32128,33684,33453,36858,35088,31506,33124,22861,15154,31732,56209,21512
32106,33141,33410,32672,33699,33684,35816,32128,33684,33453,36858,35088,31506,33124,22861,15154,31732,56209,21512
32626,33079,33405,32691,35497,33684,35816,32128,33684,33453,36858,35088,31506,33124,22861,15154,31732,56209,21512
32992,32647,33658,32827,34405,33684,35816,32128,33684,33453,36858,35088,31506,33124,22861,15154,31732,56209,21512
33042,32752,33416,32973,33213,33684,35816,32128,33684,33453,36858,35088,31506,33124,22861,15154,31732,56209,21512
32998,33608,33078,32934,36021,33684,35816,32128,33684,33453,36858,35088,31506,33124,22861,15154,31732,56209,21512
32668,32108,32310,33055,29548,33684,35816,32128,33684,33453,36858,35088,31506,33124,22861,15154,31732,56209,21512
32561,30349,32448,32971,34589,34948,34648,33984,33592,33344,37468,34888,31472,35328,33224,19454,28667,54968,26008
32647,32415,32928,32875,27504,34948,34648,33984,33592,33344,37468,34888,31472,35328,33224,19454,28667,54968,26008
32120,35916,32762,33028,31689,34948,34648,33984,33592,33344,37468,34888,31472,35328,33224,19454,28667,54968,26008
31942,36617,32432,33121,35380,34948,34648,33984,33592,33344,37468,34888,31472,35328,33224,19454,28667,54968,26008
32007,34697,31896,33012,34933,34948,34648,33984,33592,33344,37468,34888,31472,35328,33224,19454,28667,54968,26008
32464,33498,32325,32976,39857,34948,34648,33984,33592,33344,37468,34888,31472,35328,33224,19454,28667,54968,26008
32842,30823,33362,32760,32192,34948,34648,33984,33592,33344,37468,34888,31472,35328,33224,19454,28667,54968,26008
33050,31144,33279,32705,32633,34948,34648,33984,33592,33344,37468,34888,31472,35328,33224,19454,28667,54968,26008
33191,32501,33257,32686,31493,34948,34648,33984,33592,33344,37468,34888,31472,35328,33224,19454,28667,54968,26008
33360,32820,33339,32773,29071,34948,34648,33984,33592,33344,37468,34888,31472,35328,33224,19454,28667,54968,26008
33523,32751,33055,32978,34047,35400,34199,34740,33264,32764,38000,34633,31476,38093,49068,24534,24634,47752,32016
33684,33020,32442,33027,34918,35400,34199,34740,33264,32764,38000,34633,31476,38093,49068,24534,24634,47752,32016
33858,32894,32058,32710,37662,35400,34199,34740,33264,32764,38000,34633,31476,38093,49068,24534,24634,47752,32016
33947,33108,32620,32659,30751,35400,34199,34740,33264,32764,38000,34633,31476,38093,49068,24534,24634,47752,32016
33137,32879,32694,32619,33394,35400,34199,34740,33264,32764,38000,34633,31476,38093,49068,24534,24634,47752,32016
32386,33167,32357,32720,29991,35400,34199,34740,33264,32764,38000,34633,31476,38093,49068,24534,24634,47752,32016
32274,33340,32414,32707,31622,35400,34199,34740,33264,32764,38000,34633,31476,38093,49068,24534,24634,47752,32016
32249,32912,32796,32880,32125,35400,34199,34740,33264,32764,38000,34633,31476,38093,49068,24534,24634,47752,32016
32110,32534,33146,32870,34046,35400,34199,34740,33264,32764,38000,34633,31476,38093,49068,24534,24634,47752,32016
32352,32154,34290,32755,33298,35400,34199,34740,33264,32764,38000,34633,31476,38093,49068,24534,24634,47752,32016
32648,32170,34606,32824,33186,35858,35176,36147,33136,32189,38040,35039,31430,33536,61041,49280,22638,52937,34112
32386,32836,34048,32847,35002,35858,35176,36147,33136,32189,38040,35039,31430,33536,61041,49280,22638,52937,34112
32120,33348,33141,32836,30006,35858,35176,36147,33136,32189,38040,35039,31430,33536,61041,49280,22638,52937,34112
31818,33048,32527,32977,34402,35858,35176,36147,33136,32189,38040,35039,31430,33536,61041,49280,22638,52937,34112
31684,32943,32108,33001,28984,35858,35176,36147,33136,32189,38040,35039,31430,33536,61041,49280,22638,52937,34112
31532,32986,31925,32752,32340,35858,35176,36147,33136,32189,38040,35039,31430,33536,61041,49280,22638,52937,34112
31344,32974,32340,32630,31108,35858,35176,36147,33136,32189,38040,35039,31430,33536,61041,49280,22638,52937,34112
31291,32853,32706,32748,28176,35858,35176,36147,33136,32189,38040,35039,31430,33536,61041,49280,22638,52937,34112
31428,32880,32775,32908,34628,35858,35176,36147,33136,32189,38040,35039,31430,33536,61041,49280,22638,52937,34112
31706,32775,32735,32904,31252,35858,35176,36147,33136,32189,38040,35039,31430,33536,61041,49280,22638,52937,34112
31625,32509,32094,32836,36963,35408,35096,36715,33034,32704,37352,34656,31364,27845,57753,63744,21793,48656,34040
31488,32678,32079,32709,28439,35408,35096,36715,33034,32704,37352,34656,31364,27845,57753,63744,21793,48656,34040
31632,32739,32860,32659,34619,35408,35096,36715,33034,32704,37352,34656,31364,27845,57753,63744,21793,48656,34040
31648,32639,32852,32905,35686,35408,35096,36715,33034,32704,37352,34656,31364,27845,57753,63744,21793,48656,34040
31872,32782,33073,32900,32065,35408,35096,36715,33034,32704,37352,34656,31364,27845,57753,63744,21793,48656,34040
32032,32864,32931,32811,37020,35408,35096,36715,33034,32704,37352,34656,31364,27845,57753,63744,21793,48656,34040
32008,32572,32804,32982,32292,35408,35096,36715,33034,32704,37352,34656,31364,27845,57753,63744,21793,48656,34040
32088,32403,33145,32954,36630,35408,35096,36715,33034,32704,37352,34656,31364,27845,57753,63744,21793,48656,34040
32376,32595,33583,32782,31436,35408,35096,36715,33034,32704,37352,34656,31364,27845,57753,63744,21793,48656,34040
32453,32634,33477,32844,26626,35408,35096,36715,33034,32704,37352,34656,31364,27845,57753,63744,21793,48656,34040
32548,32623,33213,32680,32636,35624,35146,35858,33088,33914,36016,34256,31308,24237,51509,64596,24932,46194,34518
32758,32665,32991,32792,27923,35624,35146,35858,33088,33914,36016,34256,31308,24237,51509,64596,24932,46194,34518
33073,32804,32796,32822,33055,35624,35146,35858,33088,33914,36016,34256,31308,24237,51509,64596,24932,46194,34518
33223,32662,32970,32878,31797,35624,35146,35858,33088,33914,36016,34256,31308,24237,51509,64596,24932,46194,34518
33332,32763,32505,32824,33697,35624,35146,35858,33088,33914,36016,34256,31308,24237,51509,64596,24932,46194,34518
33364,32852,31634,32830,33543,35624,35146,35858,33088,33914,36016,34256,31308,24237,51509,64596,24932,46194,34518
33474,32861,31500,32728,31445,35624,35146,35858,33088,33914,36016,34256,31308,24237,51509,64596,24932,46194,34518
33314,32745,32180,32850,36520,35624,35146,35858,33088,33914,36016,34256,31308,24237,51509,64596,24932,46194,34518
33200,32975,32322,32905,29861,35624,35146,35858,33088,33914,36016,34256,31308,24237,51509,64596,24932,46194,34518
33386,33053,32415,32911,33060,35624,35146,35858,33088,33914,36016,34256,31308,24237,51509,64596,24932,46194,34518
33408,32921,32466,32911,34974,34827,35688,33592,33164,34596,35708,34148,31394,25188,45352,54716,21821,45940,37837
33538,32939,32246,32954,28337,34827,35688,33592,33164,34596,35708,34148,31394,25188,45352,54716,21821,45940,37837
33496,33054,31741,33170,62788,34827,35688,33592,33164,34596,35708,34148,31394,25188,45352,54716,21821,45940,37837
33518,32926,31648,32986,53010,34827,35688,33592,33164,34596,35708,34148,31394,25188,45352,54716,21821,45940,37837
33472,32916,31247,32602,2341,34827,35688,33592,33164,34596,35708,34148,31394,25188,45352,54716,21821,45940,37837
33436,33014,31367,32705,6850,34827,35688,33592,33164,34596,35708,34148,31394,25188,45352,54716,21821,45940,37837
33386,32969,32281,32691,65522,34827,35688,33592,33164,34596,35708,34148,31394,25188,45352,54716,21821,45940,37837
33262,32890,32923,32647,62791,34827,35688,33592,33164,34596,35708,34148,31394,25188,45352,54716,21821,45940,37837
33140,32968,33185,32898,11598,34827,35688,33592,33164,34596,35708,34148,31394,25188,45352,54716,21821,45940,37837
33082,32854,33778,32994,3522,34827,35688,33592,33164,34596,35708,34148,31394,25188,45352,54716,21821,45940,37837
32934,32749,33834,32492,19840,34416,36336,32800,33210,34554,36472,34020,31336,27526,47360,54445,22262,51700,41000
32942,32889,33514,32691,42203,34416,36336,32800,33210,34554,36472,34020,31336,27526,47360,54445,22262,51700,41000
32718,32807,32767,32702,39614,34416,36336,32800,33210,34554,36472,34020,31336,27526,47360,54445,22262,51700,41000
32457,32704,32414,32717,46526,34416,36336,32800,33210,34554,36472,34020,31336,27526,47360,54445,22262,51700,41000
32504,32914,32926,32881,54313,34416,36336,32800,33210,34554,36472,34020,31336,27526,47360,54445,22262,51700,41000
32596,32756,33227,32653,26228,34416,36336,32800,33210,34554,36472,34020,31336,27526,47360,54445,22262,51700,41000
32634,32758,33075,32700,17324,34416,36336,32800,33210,34554,36472,34020,31336,27526,47360,54445,22262,51700,41000
32707,32976,33195,32818,43090,34416,36336,32800,33210,34554,36472,34020,31336,27526,47360,54445,22262,51700,41000
32591,32889,33058,32829,30005,34416,36336,32800,33210,34554,36472,34020,31336,27526,47360,54445,22262,51700,41000
32406,32799,32689,32856,32551,34416,36336,32800,33210,34554,36472,34020,31336,27526,47360,54445,22262,51700,41000
32530,32624,32702,32898,34815,34084,36874,33208,33308,34316,37460,33994,31448,29132,47700,50392,22404,51992,45633
32786,32671,32790,32872,32946,34084,36874,33208,33308,34316,37460,33994,31448,29132,47700,50392,22404,51992,45633
33212,32714,33127,33064,30396,34084,36874,33208,33308,34316,37460,33994,31448,29132,47700,50392,22404,51992,45633
33581,32751,33126,32839,31849,34084,36874,33208,33308,34316,37460,33994,31448,29132,47700,50392,22404,51992,45633
33592,32728,32967,32816,35888,34084,36874,33208,33308,34316,37460,33994,31448,29132,47700,50392,22404,51992,45633
33152,32628,32964,32911,33012,34084,36874,33208,33308,34316,37460,33994,31448,29132,47700,50392,22404,51992,45633
32748,32582,33079,33076,32088,34084,36874,33208,33308,34316,37460,33994,31448,29132,47700,50392,22404,51992,45633
32064,32442,32711,32620,29796,34084,36874,33208,33308,34316,37460,33994,31448,29132,47700,50392,22404,51992,45633
31964,32665,32142,32818,33143,34084,36874,33208,33308,34316,37460,33994,31448,29132,47700,50392,22404,51992,45633
32656,33072,32424,33018,30549,34084,36874,33208,33308,34316,37460,33994,31448,29132,47700,50392,22404,51992,45633
32924,32819,32809,32900,32103,33904,37592,33740,33300,33696,38308,33928,31388,30448,48484,50768,27332,46084,43888
32870,32782,33218,32091,34216,33904,37592,33740,33300,33696,38308,33928,31388,30448,48484,50768,27332,46084,43888
32791,32575,34012,32768,32863,33904,37592,33740,33300,33696,38308,33928,31388,30448,48484,50768,27332,46084,43888
32864,32594,34806,33066,32439,33904,37592,33740,33300,33696,38308,33928,31388,30448,48484,50768,27332,46084,43888
32796,32724,33679,32903,28031,33904,37592,33740,33300,33696,38308,33928,31388,30448,48484,50768,27332,46084,43888
32758,32728,32149,32888,33528,33904,37592,33740,33300,33696,38308,33928,31388,30448,48484,50768,27332,46084,43888
32936,32708,32240,32873,31703,33904,37592,33740,33300,33696,38308,33928,31388,30448,48484,50768,27332,46084,43888
32930,32869,32642,32840,29780,33904,37592,33740,33300,33696,38308,33928,31388,30448,48484,50768,27332,46084,43888
33058,32914,32805,32694,33644,33904,37592,33740,33300,33696,38308,33928,31388,30448,48484,50768,27332,46084,43888
33212,32764,32774,32603,35645,33904,37592,33740,33300,33696,38308,33928,31388,30448,48484,50768,27332,46084,43888
33233,32912,33159,32613,36758,33912,38164,35018,33436,32900,38626,33728,31548,31688,48877,47906,27904,43332,40000
33278,32859,33084,32641,35932,33912,38164,35018,33436,32900,38626,33728,31548,31688,48877,47906,27904,43332,40000
33432,32829,32626,32728,36373,33912,38164,35018,33436,32900,38626,33728,31548,31688,48877,47906,27904,43332,40000
33409,32733,32590,32757,35254,33912,38164,35018,33436,32900,38626,33728,31548,31688,48877,47906,27904,43332,40000
33262,32864,32704,32934,30548,33912,38164,35018,33436,32900,38626,33728,31548,31688,48877,47906,27904,43332,40000
32916,32936,32803,33240,36472,33912,38164,35018,33436,32900,38626,33728,31548,31688,48877,47906,27904,43332,40000
32720,32934,33224,33229,27752,33912,38164,35018,33436,32900,38626,33728,31548,31688,48877,47906,27904,43332,40000
32716,32674,33914,33141,35530,33912,38164,35018,33436,32900,38626,33728,31548,31688,48877,47906,27904,43332,40000
32676,32966,33048,32484,34098,33912,38164,35018,33436,32900,38626,33728,31548,31688,48877,47906,27904,43332,40000
32467,32959,32295,31806,38080,33912,38164,35018,33436,32900,38626,33728,31548,31688,48877,47906,27904,43332,40000
32368,32445,32148,31925,32199,33532,38008,36240,33520,32288,38168,33368,31624,32314,41090,37512,27769,39776,32608
32135,32403,32327,32226,31674,33532,38008,36240,33520,32288,38168,33368,31624,32314,41090,37512,27769,39776,32608
32098,32455,32754,32165,33100,33532,38008,36240,33520,32288,38168,33368,31624,32314,41090,37512,27769,39776,32608
32213,32598,32942,32263,28644,33532,38008,36240,33520,32288,38168,33368,31624,32314,41090,37512,27769,39776,32608
32484,32690,33749,32555,29536,33532,38008,36240,33520,32288,38168,33368,31624,32314,41090,37512,27769,39776,32608
32699,33073,33485,32548,33745,33532,38008,36240,33520,32288,38168,33368,31624,32314,41090,37512,27769,39776,32608
32752,33330,32630,32703,34909,33532,38008,36240,33520,32288,38168,33368,31624,32314,41090,37512,27769,39776,32608
32688,33206,32229,32714,28336,33532,38008,36240,33520,32288,38168,33368,31624,32314,41090,37512,27769,39776,32608
32668,33470,32604,32600,32882,33532,38008,36240,33520,32288,38168,33368,31624,32314,41090,37512,27769,39776,32608
32707,32907,32646,32707,29266,33532,38008,36240,33520,32288,38168,33368,31624,32314,41090,37512,27769,39776,32608
32856,31830,32495,32977,35087,32810,37550,36000,33402,31500,37304,34068,31730,32421,37184,30676,28448,43800,28404
33012,30738,32828,32921,30994,32810,37550,36000,33402,31500,37304,34068,31730,32421,37184,30676,28448,43800,28404
32912,32269,32879,32858,38000,32810,37550,36000,33402,31500,37304,34068,31730,32421,37184,30676,28448,43800,28404
32781,32948,32739,32692,33374,32810,37550,36000,33402,31500,37304,34068,31730,32421,37184,30676,28448,43800,28404
32600,32903,32450,32904,33703,32810,37550,36000,33402,31500,37304,34068,31730,32421,37184,30676,28448,43800,28404
32600,33031,32565,32893,32969,32810,37550,36000,33402,31500,37304,34068,31730,32421,37184,30676,28448,43800,28404
32550,33216,32719,32619,31965,32810,37550,36000,33402,31500,37304,34068,31730,32421,37184,30676,28448,43800,28404
32682,32926,32583,32489,37980,32810,37550,36000,33402,31500,37304,34068,31730,32421,37184,30676,28448,43800,28404
32713,32715,32512,32742,28352,32810,37550,36000,33402,31500,37304,34068,31730,32421,37184,30676,28448,43800,28404
32422,32803,32737,32866,39212,32810,37550,36000,33402,31500,37304,34068,31730,32421,37184,30676,28448,43800,28404
32171,32871,32669,32814,31099,32244,37148,35126,33457,31672,37152,34240,31804,33093,36787,30000,26512,38184,31256
32434,32835,32581,32927,33287,32244,37148,35126,33457,31672,37152,34240,31804,33093,36787,30000,26512,38184,31256
32700,32775,32737,32880,33530,32244,37148,35126,33457,31672,37152,34240,31804,33093,36787,30000,26512,38184,31256
33012,32829,32600,32847,28140,32244,37148,35126,33457,31672,37152,34240,31804,33093,36787,30000,26512,38184,31256
33272,32973,32700,32683,36710,32244,37148,35126,33457,31672,37152,34240,31804,33093,36787,30000,26512,38184,31256
33412,33027,32494,32592,29168,32244,37148,35126,33457,31672,37152,34240,31804,33093,36787,30000,26512,38184,31256
33513,32984,32702,32681,37614,32244,37148,35126,33457,31672,37152,34240,31804,33093,36787,30000,26512,38184,31256
33548,32887,33001,32903,32795,32244,37148,35126,33457,31672,37152,34240,31804,33093,36787,30000,26512,38184,31256
33489,32741,32982,32944,31507,32244,37148,35126,33457,31672,37152,34240,31804,33093,36787,30000,26512,38184,31256
33540,32940,32871,32909,34364,32244,37148,35126,33457,31672,37152,34240,31804,33093,36787,30000,26512,38184,31256
33464,33015,32498,32786,29455,32218,36848,34392,33293,32176,37160,33824,31864,33672,36623,29682,28976,42156,28628
33296,32976,32070,32604,37324,32218,36848,34392,33293,32176,37160,33824,31864,33672,36623,29682,28976,42156,28628
33172,32748,31999,32069,34165,32218,36848,34392,33293,32176,37160,33824,31864,33672,36623,29682,28976,42156,28628
33076,32703,32247,32206,35735,32218,36848,34392,33293,32176,37160,33824,31864,33672,36623,29682,28976,42156,28628
33058,32872,32461,33007,33687,32218,36848,34392,33293,32176,37160,33824,31864,33672,36623,29682,28976,42156,28628
33120,32944,33301,32698,22194,32218,36848,34392,33293,32176,37160,33824,31864,33672,36623,29682,28976,42156,28628
33116,32865,33950,32417,27441,32218,36848,34392,33293,32176,37160,33824,31864,33672,36623,29682,28976,42156,28628
32964,32775,33335,32580,22394,32218,36848,34392,33293,32176,37160,33824,31864,33672,36623,29682,28976,42156,28628
32996,32848,33013,32756,34740,32218,36848,34392,33293,32176,37160,33824,31864,33672,36623,29682,28976,42156,28628
33287,32902,33300,32783,31627,32218,36848,34392,33293,32176,37160,33824,31864,33672,36623,29682,28976,42156,28628
33128,33078,32739,32774,36913,32896,36842,34265,33412,32508,37320,33664,31891,34316,36716,30120,28464,37312,29304
33119,32797,33182,32668,40415,32896,36842,34265,33412,32508,37320,33664,31891,34316,36716,30120,28464,37312,29304
33008,32916,32997,32707,31076,32896,36842,34265,33412,32508,37320,33664,31891,34316,36716,30120,28464,37312,29304
33054,32909,32660,32867,37872,32896,36842,34265,33412,32508,37320,33664,31891,34316,36716,30120,28464,37312,29304
32950,32880,32313,32831,30626,32896,36842,34265,33412,32508,37320,33664,31891,34316,36716,30120,28464,37312,29304
32850,32707,32263,32782,36636,32896,36842,34265,33412,32508,37320,33664,31891,34316,36716,30120,28464,37312,29304
32892,32915,32597,32666,32979,32896,36842,34265,33412,32508,37320,33664,31891,34316,36716,30120,28464,37312,29304
32728,32946,32476,32677,33945,32896,36842,34265,33412,32508,37320,33664,31891,34316,36716,30120,28464,37312,29304
32538,33006,32505,32738,35480,32896,36842,34265,33412,32508,37320,33664,31891,34316,36716,30120,28464,37312,29304
32328,32703,32696,32904,26692,32896,36842,34265,33412,32508,37320,33664,31891,34316,36716,30120,28464,37312,29304
32236,32683,32623,32914,33978,33761,36936,33912,33368,33044,37439,33298,31924,34080,38360,29620,27706,40574,28344
32152,32855,32447,32889,29551,33761,36936,33912,33368,33044,37439,33298,31924,34080,38360,29620,27706,40574,28344
32454,32921,32598,32957,35129,33761,36936,33912,33368,33044,37439,33298,31924,34080,38360,29620,27706,40574,28344
32300,32677,32658,32963,31657,33761,36936,33912,33368,33044,37439,33298,31924,34080,38360,29620,27706,40574,28344
32210,32732,32566,33029,35719,33761,36936,33912,33368,33044,37439,33298,31924,34080,38360,29620,27706,40574,28344
32003,32775,32537,32953,36916,33761,36936,33912,33368,33044,37439,33298,31924,34080,38360,29620,27706,40574,28344
31959,32687,32732,33099,30882,33761,36936,33912,33368,33044,37439,33298,31924,34080,38360,29620,27706,40574,28344
32020,33002,32754,33379,33955,33761,36936,33912,33368,33044,37439,33298,31924,34080,38360,29620,27706,40574,28344
32460,33155,32575,33494,30695,33761,36936,33912,33368,33044,37439,33298,31924,34080,38360,29620,27706,40574,28344
32804,32928,32905,33415,33147,33761,36936,33912,33368,33044,37439,33298,31924,34080,38360,29620,27706,40574,28344
33035,32859,32997,32571,29527,34500,37288,33884,33328,33306,37413,33044,31904,33875,37568,30116,28161,36086,27824
33225,33010,32669,31838,33653,34500,37288,33884,33328,33306,37413,33044,31904,33875,37568,30116,28161,36086,27824
33359,32764,32469,32010,35175,34500,37288,33884,33328,33306,37413,33044,31904,33875,37568,30116,28161,36086,27824
33306,32870,32137,31701,30834,34500,37288,33884,33328,33306,37413,33044,31904,33875,37568,30116,28161,36086,27824
33187,32681,32101,31578,30953,34500,37288,33884,33328,33306,37413,33044,31904,33875,37568,30116,28161,36086,27824
33065,32042,32611,33129,31433,34500,37288,33884,33328,33306,37413,33044,31904,33875,37568,30116,28161,36086,27824
32986,31903,32954,33511,31749,34500,37288,33884,33328,33306,37413,33044,31904,33875,37568,30116,28161,36086,27824
33067,31985,32885,32955,31435,34500,37288,33884,33328,33306,37413,33044,31904,33875,37568,30116,28161,36086,27824
33094,32389,33327,33659,34203,34500,37288,33884,33328,33306,37413,33044,31904,33875,37568,30116,28161,36086,27824
33071,32737,33406,33350,37723,34500,37288,33884,33328,33306,37413,33044,31904,33875,37568,30116,28161,36086,27824
33071,32976,33900,33101,27070,34930,37232,33464,33308,33308,37388,33080,31816,32828,35936,32845,30412,37461,26180
33210,33037,33935,33002,32216,34930,37232,33464,33308,33308,37388,33080,31816,32828,35936,32845,30412,37461,26180
33196,32893,33095,33101,32786,34930,37232,33464,33308,33308,37388,33080,31816,32828,35936,32845,30412,37461,26180
33008,32867,32327,33089,29571,34930,37232,33464,33308,33308,37388,33080,31816,32828,35936,32845,30412,37461,26180
32805,32869,32089,32851,31526,34930,37232,33464,33308,33308,37388,33080,31816,32828,35936,32845,30412,37461,26180
32734,32875,32117,32795,32231,34930,37232,33464,33308,33308,37388,33080,31816,32828,35936,32845,30412,37461,26180
32801,32794,32811,32775,39590,34930,37232,33464,33308,33308,37388,33080,31816,32828,35936,32845,30412,37461,26180
32878,32781,32854,32870,33662,34930,37232,33464,33308,33308,37388,33080,31816,32828,35936,32845,30412,37461,26180
33006,32878,33409,32906,33623,34930,37232,33464,33308,33308,37388,33080,31816,32828,35936,32845,30412,37461,26180
33206,32964,33537,32901,33891,34930,37232,33464,33308,33308,37388,33080,31816,32828,35936,32845,30412,37461,26180
33169,32961,32687,32879,31457,34920,37179,33196,33152,33218,37304,33256,31966,31969,35097,34764,31580,40352,29352
32964,32927,32739,32821,33225,34920,37179,33196,33152,33218,37304,33256,31966,31969,35097,34764,31580,40352,29352
32711,32853,32530,32681,30298,34920,37179,33196,33152,33218,37304,33256,31966,31969,35097,34764,31580,40352,29352
32556,32731,32643,32676,34855,34920,37179,33196,33152,33218,37304,33256,31966,31969,35097,34764,31580,40352,29352
32514,32795,33062,32753,29639,34920,37179,33196,33152,33218,37304,33256,31966,31969,35097,34764,31580,40352,29352
32457,32741,33260,32799,31284,34920,37179,33196,33152,33218,37304,33256,31966,31969,35097,34764,31580,40352,29352
32368,32852,33630,32754,31733,34920,37179,33196,33152,33218,37304,33256,31966,31969,35097,34764,31580,40352,29352
32297,32753,33675,32535,31818,34920,37179,33196,33152,33218,37304,33256,31966,31969,35097,34764,31580,40352,29352
32202,32873,33285,32621,33575,34920,37179,33196,33152,33218,37304,33256,31966,31969,35097,34764,31580,40352,29352
32108,32840,32634,32764,31847,34920,37179,33196,33152,33218,37304,33256,31966,31969,35097,34764,31580,40352,29352
32018,32916,32741,32780,35243,34664,37004,33016,33218,33117,37260,33316,31976,31050,34425,36149,31112,41017,29288
31949,32713,32613,32788,31643,34664,37004,33016,33218,33117,37260,33316,31976,31050,34425,36149,31112,41017,29288
31950,32647,32422,32698,33431,34664,37004,33016,33218,33117,37260,33316,31976,31050,34425,36149,31112,41017,29288
32016,32751,32923,32588,33425,34664,37004,33016,33218,33117,37260,33316,31976,31050,34425,36149,31112,41017,29288
32147,32819,33033,32637,34777,34664,37004,33016,33218,33117,37260,33316,31976,31050,34425,36149,31112,41017,29288
32117,32789,32959,32704,33500,34664,37004,33016,33218,33117,37260,33316,31976,31050,34425,36149,31112,41017,29288
32290,32687,32903,32951,35231,34664,37004,33016,33218,33117,37260,33316,31976,31050,34425,36149,31112,41017,29288
32516,32747,32707,32932,35695,34664,37004,33016,33218,33117,37260,33316,31976,31050,34425,36149,31112,41017,29288
32752,32981,32541,33387,34653,34664,37004,33016,33218,33117,37260,33316,31976,31050,34425,36149,31112,41017,29288
33081,32964,32782,33319,32950,34664,37004,33016,33218,33117,37260,33316,31976,31050,34425,36149,31112,41017,29288
33264,32801,32859,32378,31538,34372,36880,33224,33344,32842,37272,33362,31872,30460,34615,38068,27336,42296,31537
33460,32601,32751,31937,31127,34372,36880,33224,33344,32842,37272,33362,31872,30460,34615,38068,27336,42296,31537
33614,32635,32969,32529,30388,34372,36880,33224,33344,32842,37272,33362,31872,30460,34615,38068,27336,42296,31537
33746,32863,32902,33213,32492,34372,36880,33224,33344,32842,37272,33362,31872,30460,34615,38068,27336,42296,31537
33836,32967,32794,33141,30487,34372,36880,33224,33344,32842,37272,33362,31872,30460,34615,38068,27336,42296,31537
33999,32937,32756,32967,32615,34372,36880,33224,33344,32842,37272,33362,31872,30460,34615,38068,27336,42296,31537
34077,32925,32934,33317,32302,34372,36880,33224,33344,32842,37272,33362,31872,30460,34615,38068,27336,42296,31537
34162,33019,32871,33380,33334,34372,36880,33224,33344,32842,37272,33362,31872,30460,34615,38068,27336,42296,31537
34158,33028,32662,33373,32659,34372,36880,33224,33344,32842,37272,33362,31872,30460,34615,38068,27336,42296,31537
34200,33023,32921,33190,33767,34372,36880,33224,33344,32842,37272,33362,31872,30460,34615,38068,27336,42296,31537
34150,32994,32718,32891,32806,33923,36858,33650,33192,32584,37306,33600,31856,30092,35056,38752,27135,39978,32873
33932,32747,32914,32178,32615,33923,36858,33650,33192,32584,37306,33600,31856,30092,35056,38752,27135,39978,32873
33920,32615,32799,31220,33963,33923,36858,33650,33192,32584,37306,33600,31856,30092,35056,38752,27135,39978,32873
33792,32327,32694,31014,34161,33923,36858,33650,33192,32584,37306,33600,31856,30092,35056,38752,27135,39978,32873
33435,32215,32964,32203,33678,33923,36858,33650,33192,32584,37306,33600,31856,30092,35056,38752,27135,39978,32873
33116,32373,32884,33051,31561,33923,36858,33650,33192,32584,37306,33600,31856,30092,35056,38752,27135,39978,32873
32946,32499,32697,33156,29318,33923,36858,33650,33192,32584,37306,33600,31856,30092,35056,38752,27135,39978,32873
32850,32740,32856,32891,37161,33923,36858,33650,33192,32584,37306,33600,31856,30092,35056,38752,27135,39978,32873
32786,32909,32822,32650,29501,33923,36858,33650,33192,32584,37306,33600,31856,30092,35056,38752,27135,39978,32873
32925,32856,32489,32575,33505,33923,36858,33650,33192,32584,37306,33600,31856,30092,35056,38752,27135,39978,32873
32910,32659,32623,32775,35847,33656,36952,34212,33336,32360,37408,33696,32008,29668,37006,40864,27008,38924,33952
32844,32844,32818,32783,31304,33656,36952,34212,33336,32360,37408,33696,32008,29668,37006,40864,27008,38924,33952
32928,32981,32775,32780,32255,33656,36952,34212,33336,32360,37408,33696,32008,29668,37006,40864,27008,38924,33952
33036,32935,32562,32842,35125,33656,36952,34212,33336,32360,37408,33696,32008,29668,37006,40864,27008,38924,33952
33036,32830,32538,32994,32886,33656,36952,34212,33336,32360,37408,33696,32008,29668,37006,40864,27008,38924,33952
32898,33076,32730,32863,30147,33656,36952,34212,33336,32360,37408,33696,32008,29668,37006,40864,27008,38924,33952
32545,32985,32615,32682,31821,33656,36952,34212,33336,32360,37408,33696,32008,29668,37006,40864,27008,38924,33952
32145,32892,32666,32941,33200,33656,36952,34212,33336,32360,37408,33696,32008,29668,37006,40864,27008,38924,33952
31796,32852,32893,32980,32754,33656,36952,34212,33336,32360,37408,33696,32008,29668,37006,40864,27008,38924,33952
31506,32828,32805,32479,32219,33656,36952,34212,33336,32360,37408,33696,32008,29668,37006,40864,27008,38924,33952
31505,33014,32700,32272,34506,33436,37080,34560,33273,32324,37464,33580,31944,29878,38077,39919,28285,37422,32470
31544,32956,32667,32600,33775,33436,37080,34560,33273,32324,37464,33580,31944,29878,38077,39919,28285,37422,32470
31712,32940,32893,32242,31231,33436,37080,34560,33273,32324,37464,33580,31944,29878,38077,39919,28285,37422,32470
31780,33041,32677,31787,34128,33436,37080,34560,33273,32324,37464,33580,31944,29878,38077,39919,28285,37422,32470
31870,33132,32644,32882,32596,33436,37080,34560,33273,32324,37464,33580,31944,29878,38077,39919,28285,37422,32470
32061,33036,32906,33500,33087,33436,37080,34560,33273,32324,37464,33580,31944,29878,38077,39919,28285,37422,32470
32390,32770,32731,33369,32812,33436,37080,34560,33273,32324,37464,33580,31944,29878,38077,39919,28285,37422,32470
32196,31756,32801,33321,32423,33436,37080,34560,33273,32324,37464,33580,31944,29878,38077,39919,28285,37422,32470
32046,32216,32757,33183,31879,33436,37080,34560,33273,32324,37464,33580,31944,29878,38077,39919,28285,37422,32470
31981,33342,32634,33106,32911,33436,37080,34560,33273,32324,37464,33580,31944,29878,38077,39919,28285,37422,32470
31873,34213,32834,32936,32567,33299,37040,35260,33296,32292,37436,33896,31987,30189,35800,40444,27049,38017,30030
31818,33746,32665,32956,31400,33299,37040,35260,33296,32292,37436,33896,31987,30189,35800,40444,27049,38017,30030
31629,32974,32745,33017,33659,33299,37040,35260,33296,32292,37436,33896,31987,30189,35800,40444,27049,38017,30030
31364,32602,32736,33060,32662,33299,37040,35260,33296,32292,37436,33896,31987,30189,35800,40444,27049,38017,30030
31458,31488,32612,33384,32439,33299,37040,35260,33296,32292,37436,33896,31987,30189,35800,40444,27049,38017,30030
31878,30297,32848,33540,33440,33299,37040,35260,33296,32292,37436,33896,31987,30189,35800,40444,27049,38017,30030
32130,31026,32701,33479,30298,33299,37040,35260,33296,32292,37436,33896,31987,30189,35800,40444,27049,38017,30030
32360,32338,32727,33110,32054,33299,37040,35260,33296,32292,37436,33896,31987,30189,35800,40444,27049,38017,30030
32410,33007,32750,32921,32321,33299,37040,35260,33296,32292,37436,33896,31987,30189,35800,40444,27049,38017,30030
32438,33057,32663,32698,34331,33299,37040,35260,33296,32292,37436,33896,31987,30189,35800,40444,27049,38017,30030
32600,32932,32912,32671,33319,33228,36882,35328,33372,32216,37384,33656,32058,30996,35446,36053,29989,39524,29812
32934,33449,32688,32594,34255,33228,36882,35328,33372,32216,37384,33656,32058,30996,35446,36053,29989,39524,29812
32798,33948,32818,32051,35060,33228,36882,35328,33372,32216,37384,33656,32058,30996,35446,36053,29989,39524,29812
32616,33994,32788,32162,28789,33228,36882,35328,33372,32216,37384,33656,32058,30996,35446,36053,29989,39524,29812
32548,34224,32643,32406,32629,33228,36882,35328,33372,32216,37384,33656,32058,30996,35446,36053,29989,39524,29812
32645,34285,32866,32551,32457,33228,36882,35328,33372,32216,37384,33656,32058,30996,35446,36053,29989,39524,29812
32813,33112,32808,32810,33351,33228,36882,35328,33372,32216,37384,33656,32058,30996,35446,36053,29989,39524,29812
32820,33102,32611,33014,33015,33228,36882,35328,33372,32216,37384,33656,32058,30996,35446,36053,29989,39524,29812
32748,33509,32676,32927,33079,33228,36882,35328,33372,32216,37384,33656,32058,30996,35446,36053,29989,39524,29812
32624,31533,32507,33197,32553,33228,36882,35328,33372,32216,37384,33656,32058,30996,35446,36053,29989,39524,29812
32574,29444,33078,33426,32020,33228,36876,35104,33226,32132,37092,34114,31928,31484,34383,34356,31652,37388,27741
32681,30338,32971,33391,34820,33228,36876,35104,33226,32132,37092,34114,31928,31484,34383,34356,31652,37388,27741
32759,32604,33512,33184,32363,33228,36876,35104,33226,32132,37092,34114,31928,31484,34383,34356,31652,37388,27741
32826,33467,33114,33018,34167,33228,36876,35104,33226,32132,37092,34114,31928,31484,34383,34356,31652,37388,27741
32854,33342,32221,32918,34010,33228,36876,35104,33226,32132,37092,34114,31928,31484,34383,34356,31652,37388,27741
32932,32903,32473,32892,31565,33228,36876,35104,33226,32132,37092,34114,31928,31484,34383,34356,31652,37388,27741
32836,32617,32565,32878,33283,33228,36876,35104,33226,32132,37092,34114,31928,31484,34383,34356,31652,37388,27741
32622,32896,32967,32919,31570,33228,36876,35104,33226,32132,37092,34114,31928,31484,34383,34356,31652,37388,27741
32433,32527,32999,32791,32866,33228,36876,35104,33226,32132,37092,34114,31928,31484,34383,34356,31652,37388,27741
32341,32623,32785,32770,32390,33228,36876,35104,33226,32132,37092,34114,31928,31484,34383,34356,31652,37388,27741
32197,32788,32837,32914,32476,33352,36788,34962,33216,32440,36908,34134,32040,31714,33012,31786,29846,34699,25236
32086,32793,32710,32930,32703,33352,36788,34962,33216,32440,36908,34134,32040,31714,33012,31786,29846,34699,25236
31996,33014,32543,32960,29807,33352,36788,34962,33216,32440,36908,34134,32040,31714,33012,31786,29846,34699,25236
31823,33304,32955,33016,35368,33352,36788,34962,33216,32440,36908,34134,32040,31714,33012,31786,29846,34699,25236
31768,33435,33036,32818,30202,33352,36788,34962,33216,32440,36908,34134,32040,31714,33012,31786,29846,34699,25236
31708,32826,33036,32844,33456,33352,36788,34962,33216,32440,36908,34134,32040,31714,33012,31786,29846,34699,25236
31702,32950,33281,32797,34394,33352,36788,34962,33216,32440,36908,34134,32040,31714,33012,31786,29846,34699,25236
31684,33049,32742,32775,32561,33352,36788,34962,33216,32440,36908,34134,32040,31714,33012,31786,29846,34699,25236
31749,32912,32715,32856,33608,33352,36788,34962,33216,32440,36908,34134,32040,31714,33012,31786,29846,34699,25236
31816,32922,32868,32999,31224,33352,36788,34962,33216,32440,36908,34134,32040,31714,33012,31786,29846,34699,25236
31940,32932,32875,32967,32806,33652,36668,34772,33288,32828,36889,34148,32018,31701,30941,27012,30229,39212,26372
32204,32873,32775,32828,31930,33652,36668,34772,33288,32828,36889,34148,32018,31701,30941,27012,30229,39212,26372
32384,32821,33000,32722,32850,33652,36668,34772,33288,32828,36889,34148,32018,31701,30941,27012,30229,39212,26372
32498,32917,32884,32567,34818,33652,36668,34772,33288,32828,36889,34148,32018,31701,30941,27012,30229,39212,26372
32560,32798,32770,32499,30930,33652,36668,34772,33288,32828,36889,34148,32018,31701,30941,27012,30229,39212,26372
32674,32932,32887,32641,34311,33652,36668,34772,33288,32828,36889,34148,32018,31701,30941,27012,30229,39212,26372
32824,32916,32712,32677,30639,33652,36668,34772,33288,32828,36889,34148,32018,31701,30941,27012,30229,39212,26372
32824,32833,32738,32694,33022,33652,36668,34772,33288,32828,36889,34148,32018,31701,30941,27012,30229,39212,26372
32880,32461,32952,32829,31756,33652,36668,34772,33288,32828,36889,34148,32018,31701,30941,27012,30229,39212,26372
32980,32827,32684,32788,32722,33652,36668,34772,33288,32828,36889,34148,32018,31701,30941,27012,30229,39212,26372
33090,32813,32921,32879,35936,33824,36588,34248,33160,33012,36998,34184,31948,32120,30932,27116,28821,36064,28088
32979,32720,32866,32887,30744,33824,36588,34248,33160,33012,36998,34184,31948,32120,30932,27116,28821,36064,28088
32578,32572,32797,32944,33815,33824,36588,34248,33160,33012,36998,34184,31948,32120,30932,27116,28821,36064,28088
32578,32946,32904,32770,31959,33824,36588,34248,33160,33012,36998,34184,31948,32120,30932,27116,28821,36064,28088
32988,32708,32701,32785,35513,33824,36588,34248,33160,33012,36998,34184,31948,32120,30932,27116,28821,36064,28088
33234,32576,32848,32787,32169,33824,36588,34248,33160,33012,36998,34184,31948,32120,30932,27116,28821,36064,28088
33149,32985,32887,32799,31526,33824,36588,34248,33160,33012,36998,34184,31948,32120,30932,27116,28821,36064,28088
32588,32974,32752,32849,36882,33824,36588,34248,33160,33012,36998,34184,31948,32120,30932,27116,28821,36064,28088
32629,33146,32937,32734,34264,33824,36588,34248,33160,33012,36998,34184,31948,32120,30932,27116,28821,36064,28088
33496,33100,32689,32518,35233,33824,36588,34248,33160,33012,36998,34184,31948,32120,30932,27116,28821,36064,28088
34054,33014,32975,32653,29080,33994,36481,34354,33152,32892,37098,34140,31976,32457,32732,27885,28960,34877,28456
34182,32720,32924,32441,33898,33994,36481,34354,33152,32892,37098,34140,31976,32457,32732,27885,28960,34877,28456
34236,32714,32617,31979,30718,33994,36481,34354,33152,32892,37098,34140,31976,32457,32732,27885,28960,34877,28456
34298,32810,32839,32658,30204,33994,36481,34354,33152,32892,37098,34140,31976,32457,32732,27885,28960,34877,28456
34144,33793,32631,32732,36045,33994,36481,34354,33152,32892,37098,34140,31976,32457,32732,27885,28960,34877,28456
34000,34060,32873,32528,33476,33994,36481,34354,33152,32892,37098,34140,31976,32457,32732,27885,28960,34877,28456
33914,33732,32888,33071,35933,33994,36481,34354,33152,32892,37098,34140,31976,32457,32732,27885,28960,34877,28456
33730,33628,32658,32966,29896,33994,36481,34354,33152,32892,37098,34140,31976,32457,32732,27885,28960,34877,28456
33644,32719,32809,32549,34361,33994,36481,34354,33152,32892,37098,34140,31976,32457,32732,27885,28960,34877,28456
33496,30761,32654,32648,32516,33994,36481,34354,33152,32892,37098,34140,31976,32457,32732,27885,28960,34877,28456
33475,30163,32684,33096,30148,34036,36636,34842,33164,32704,37168,34438,31940,32483,32577,27329,32168,37993,28377
33433,30239,33124,33133,34638,34036,36636,34842,33164,32704,37168,34438,31940,32483,32577,27329,32168,37993,28377
33403,32184,32946,32791,33448,34036,36636,34842,33164,32704,37168,34438,31940,32483,32577,27329,32168,37993,28377
33320,32509,33026,32687,34363,34036,36636,34842,33164,32704,37168,34438,31940,32483,32577,27329,32168,37993,28377
33193,32989,32914,32400,28454,34036,36636,34842,33164,32704,37168,34438,31940,32483,32577,27329,32168,37993,28377
33033,33182,32480,32662,33618,34036,36636,34842,33164,32704,37168,34438,31940,32483,32577,27329,32168,37993,28377
32967,33229,32651,33311,31039,34036,36636,34842,33164,32704,37168,34438,31940,32483,32577,27329,32168,37993,28377
32772,33317,32946,33186,29741,34036,36636,34842,33164,32704,37168,34438,31940,32483,32577,27329,32168,37993,28377
32784,33557,32839,32805,34620,34036,36636,34842,33164,32704,37168,34438,31940,32483,32577,27329,32168,37993,28377
32701,32923,32858,32634,34528,34036,36636,34842,33164,32704,37168,34438,31940,32483,32577,27329,32168,37993,28377
32688,32705,32707,32342,35358,33906,36660,35054,33272,32656,37276,34456,31952,33050,32104,26296,28547,34720,26613
32708,32882,32901,32792,29128,33906,36660,35054,33272,32656,37276,34456,31952,33050,32104,26296,28547,34720,26613
32632,33032,32826,33413,32769,33906,36660,35054,33272,32656,37276,34456,31952,33050,32104,26296,28547,34720,26613
32758,33044,32656,33294,31194,33906,36660,35054,33272,32656,37276,34456,31952,33050,32104,26296,28547,34720,26613
32762,33150,32863,33281,29354,33906,36660,35054,33272,32656,37276,34456,31952,33050,32104,26296,28547,34720,26613
32732,33064,32774,33096,35428,33906,36660,35054,33272,32656,37276,34456,31952,33050,32104,26296,28547,34720,26613
32668,32894,32540,32323,34612,33906,36660,35054,33272,32656,37276,34456,31952,33050,32104,26296,28547,34720,26613
32548,33087,32880,31904,35908,33906,36660,35054,33272,32656,37276,34456,31952,33050,32104,26296,28547,34720,26613
32530,33126,32820,31844,31258,33906,36660,35054,33272,32656,37276,34456,31952,33050,32104,26296,28547,34720,26613
32579,33320,32537,32570,31272,33906,36660,35054,33272,32656,37276,34456,31952,33050,32104,26296,28547,34720,26613
32620,33507,32808,32799,34051,34093,36580,35248,33232,32696,37328,34776,32000,33412,32772,26733,30412,38732,27256
32650,33556,32711,32848,31739,34093,36580,35248,33232,32696,37328,34776,32000,33412,32772,26733,30412,38732,27256
32824,32604,32706,33063,35085,34093,36580,35248,33232,32696,37328,34776,32000,33412,32772,26733,30412,38732,27256
32916,31821,32806,33470,34622,34093,36580,35248,33232,32696,37328,34776,32000,33412,32772,26733,30412,38732,27256
33035,31556,32580,33682,31836,34093,36580,35248,33232,32696,37328,34776,32000,33412,32772,26733,30412,38732,27256
33111,32314,32844,34095,31747,34093,36580,35248,33232,32696,37328,34776,32000,33412,32772,26733,30412,38732,27256
33211,33142,32752,34002,28679,34093,36580,35248,33232,32696,37328,34776,32000,33412,32772,26733,30412,38732,27256
33140,33616,32613,33767,35926,34093,36580,35248,33232,32696,37328,34776,32000,33412,32772,26733,30412,38732,27256
33069,33428,32818,33095,31101,34093,36580,35248,33232,32696,37328,34776,32000,33412,32772,26733,30412,38732,27256
33014,33097,32586,31390,36898,34093,36580,35248,33232,32696,37328,34776,32000,33412,32772,26733,30412,38732,27256
32984,32821,32764,30196,37234,34272,36576,35376,33176,33004,37440,34948,31966,33666,32592,25516,29577,37260,24737
33032,32346,32761,30006,37114,34272,36576,35376,33176,33004,37440,34948,31966,33666,32592,25516,29577,37260,24737
33069,32236,32675,32204,29320,34272,36576,35376,33176,33004,37440,34948,31966,33666,32592,25516,29577,37260,24737
33033,32236,33001,33365,28358,34272,36576,35376,33176,33004,37440,34948,31966,33666,32592,25516,29577,37260,24737
32866,32191,32948,33434,19906,34272,36576,35376,33176,33004,37440,34948,31966,33666,32592,25516,29577,37260,24737
32806,32520,32698,33325,30720,34272,36576,35376,33176,33004,37440,34948,31966,33666,32592,25516,29577,37260,24737
32792,32815,32821,33287,46023,34272,36576,35376,33176,33004,37440,34948,31966,33666,32592,25516,29577,37260,24737
32698,32837,32630,33257,38898,34272,36576,35376,33176,33004,37440,34948,31966,33666,32592,25516,29577,37260,24737
32540,33019,32458,33307,30180,34272,36576,35376,33176,33004,37440,34948,31966,33666,32592,25516,29577,37260,24737
32278,33120,32791,32991,37054,34272,36576,35376,33176,33004,37440,34948,31966,33666,32592,25516,29577,37260,24737
32108,32866,32747,33339,30656,34762,36594,35376,33068,33304,37440,34852,31952,33426,33155,26561,28709,32954,26852
31958,32969,32785,33396,28129,34762,36594,35376,33068,33304,37440,34852,31952,33426,33155,26561,28709,32954,26852
31959,33068,32864,33248,34823,34762,36594,35376,33068,33304,37440,34852,31952,33426,33155,26561,28709,32954,26852
31879,33063,32581,33222,41607,34762,36594,35376,33068,33304,37440,34852,31952,33426,33155,26561,28709,32954,26852
31818,33085,32631,33129,34837,34762,36594,35376,33068,33304,37440,34852,31952,33426,33155,26561,28709,32954,26852
31766,33159,33180,32252,29962,34762,36594,35376,33068,33304,37440,34852,31952,33426,33155,26561,28709,32954,26852
31729,33135,32979,31352,31692,34762,36594,35376,33068,33304,37440,34852,31952,33426,33155,26561,28709,32954,26852
31650,32943,32811,30967,30953,34762,36594,35376,33068,33304,37440,34852,31952,33426,33155,26561,28709,32954,26852
31747,33260,32926,30274,27080,34762,36594,35376,33068,33304,37440,34852,31952,33426,33155,26561,28709,32954,26852
31688,33154,32718,29484,32972,34762,36594,35376,33068,33304,37440,34852,31952,33426,33155,26561,28709,32954,26852
31844,32545,32900,28904,33215,35032,36640,35264,33088,33496,37328,34802,32088,33085,32768,25932,29441,33336,26345
31912,31825,32896,29732,31397,35032,36640,35264,33088,33496,37328,34802,32088,33085,32768,25932,29441,33336,26345
32071,31553,32649,37398,28981,35032,36640,35264,33088,33496,37328,34802,32088,33085,32768,25932,29441,33336,26345
32232,32173,32831,40309,30424,35032,36640,35264,33088,33496,37328,34802,32088,33085,32768,25932,29441,33336,26345
32272,32702,32862,38671,33260,35032,36640,35264,33088,33496,37328,34802,32088,33085,32768,25932,29441,33336,26345
32376,33162,32675,35449,30673,35032,36640,35264,33088,33496,37328,34802,32088,33085,32768,25932,29441,33336,26345
32532,33132,32876,33372,35631,35032,36640,35264,33088,33496,37328,34802,32088,33085,32768,25932,29441,33336,26345
32622,33038,32842,32791,34103,35032,36640,35264,33088,33496,37328,34802,32088,33085,32768,25932,29441,33336,26345
32713,32916,32676,32364,34442,35032,36640,35264,33088,33496,37328,34802,32088,33085,32768,25932,29441,33336,26345
32796,32830,32765,32165,31936,35032,36640,35264,33088,33496,37328,34802,32088,33085,32768,25932,29441,33336,26345
32988,32994,32890,31825,30866,35224,36528,35084,33108,33472,37260,34652,32064,32696,32390,26392,31740,35122,28336
33052,33004,32688,31288,35712,35224,36528,35084,33108,33472,37260,34652,32064,32696,32390,26392,31740,35122,28336
33178,32362,32738,32466,32120,35224,36528,35084,33108,33472,37260,34652,32064,32696,32390,26392,31740,35122,28336
33200,32154,32916,33016,36509,35224,36528,35084,33108,33472,37260,34652,32064,32696,32390,26392,31740,35122,28336
33235,32962,32822,32482,34311,35224,36528,35084,33108,33472,37260,34652,32064,32696,32390,26392,31740,35122,28336
33388,32912,32705,31767,33270,35224,36528,35084,33108,33472,37260,34652,32064,32696,32390,26392,31740,35122,28336
33529,32828,32724,32340,30955,35224,36528,35084,33108,33472,37260,34652,32064,32696,32390,26392,31740,35122,28336
33554,32549,32929,32425,29508,35224,36528,35084,33108,33472,37260,34652,32064,32696,32390,26392,31740,35122,28336
33356,32912,32907,32551,33851,35224,36528,35084,33108,33472,37260,34652,32064,32696,32390,26392,31740,35122,28336
33158,32810,32648,32809,31832,35224,36528,35084,33108,33472,37260,34652,32064,32696,32390,26392,31740,35122,28336
33139,32619,32886,32688,34676,35168,36312,34810,33073,33328,37138,34554,32040,32056,32756,28064,32080,37548,27600
32968,33044,32928,32656,34721,35168,36312,34810,33073,33328,37138,34554,32040,32056,32756,28064,32080,37548,27600
32785,33155,32725,32462,31774,35168,36312,34810,33073,33328,37138,34554,32040,32056,32756,28064,32080,37548,27600
32656,32988,32938,32623,31173,35168,36312,34810,33073,33328,37138,34554,32040,32056,32756,28064,32080,37548,27600
32687,32848,32835,32813,31349,35168,36312,34810,33073,33328,37138,34554,32040,32056,32756,28064,32080,37548,27600
32864,32646,32865,32707,33400,35168,36312,34810,33073,33328,37138,34554,32040,32056,32756,28064,32080,37548,27600
32950,32663,32722,32558,33564,35168,36312,34810,33073,33328,37138,34554,32040,32056,32756,28064,32080,37548,27600
32852,32671,32873,32536,33059,35168,36312,34810,33073,33328,37138,34554,32040,32056,32756,28064,32080,37548,27600
32786,32695,32935,32355,33567,35168,36312,34810,33073,33328,37138,34554,32040,32056,32756,28064,32080,37548,27600
32830,32946,32722,32421,34753,35168,36312,34810,33073,33328,37138,34554,32040,32056,32756,28064,32080,37548,27600
32950,33031,32957,32765,30042,35076,36326,34594,33088,33040,37032,34420,32111,31456,32468,29316,31076,38000,30020
33218,33149,32704,32760,31567,35076,36326,34594,33088,33040,37032,34420,32111,31456,32468,29316,31076,38000,30020
33473,33032,32933,32642,33664,35076,36326,34594,33088,33040,37032,34420,32111,31456,32468,29316,31076,38000,30020
33581,32743,32717,32981,31093,35076,36326,34594,33088,33040,37032,34420,32111,31456,32468,29316,31076,38000,30020
33597,32713,32859,33491,34353,35076,36326,34594,33088,33040,37032,34420,32111,31456,32468,29316,31076,38000,30020
33590,32789,32809,32736,32029,35076,36326,34594,33088,33040,37032,34420,32111,31456,32468,29316,31076,38000,30020
33606,32775,32690,32455,33872,35076,36326,34594,33088,33040,37032,34420,32111,31456,32468,29316,31076,38000,30020
33432,32737,32872,32608,30034,35076,36326,34594,33088,33040,37032,34420,32111,31456,32468,29316,31076,38000,30020
33402,32699,32699,32944,32816,35076,36326,34594,33088,33040,37032,34420,32111,31456,32468,29316,31076,38000,30020
33348,32942,32945,32406,35174,35076,36326,34594,33088,33040,37032,34420,32111,31456,32468,29316,31076,38000,30020
33399,33272,32724,31888,32475,34793,36448,34394,32948,32850,37000,34368,32024,30545,31589,29664,27802,35572,31504
33386,33493,32774,32249,34403,34793,36448,34394,32948,32850,37000,34368,32024,30545,31589,29664,27802,35572,31504
33432,33270,32886,32674,31680,34793,36448,34394,32948,32850,37000,34368,32024,30545,31589,29664,27802,35572,31504
33502,32213,32694,33430,33422,34793,36448,34394,32948,32850,37000,34368,32024,30545,31589,29664,27802,35572,31504
33510,31373,32943,33799,31314,34793,36448,34394,32948,32850,37000,34368,32024,30545,31589,29664,27802,35572,31504
33349,31898,32722,33953,30644,34793,36448,34394,32948,32850,37000,34368,32024,30545,31589,29664,27802,35572,31504
33194,32191,32804,33602,35527,34793,36448,34394,32948,32850,37000,34368,32024,30545,31589,29664,27802,35572,31504
33042,32534,32928,33327,31704,34793,36448,34394,32948,32850,37000,34368,32024,30545,31589,29664,27802,35572,31504
33042,33122,32839,32679,33318,34793,36448,34394,32948,32850,37000,34368,32024,30545,31589,29664,27802,35572,31504
33110,33597,32773,31609,32469,34793,36448,34394,32948,32850,37000,34368,32024,30545,31589,29664,27802,35572,31504
33092,33452,32899,31110,32092,34610,36640,34176,33068,32886,37074,34124,32136,29764,31018,32104,27844,34106,32089
33054,33093,32686,31887,33534,34610,36640,34176,33068,32886,37074,34124,32136,29764,31018,32104,27844,34106,32089
32916,33242,32570,31335,32520,34610,36640,34176,33068,32886,37074,34124,32136,29764,31018,32104,27844,34106,32089
32939,33197,32797,30621,34199,34610,36640,34176,33068,32886,37074,34124,32136,29764,31018,32104,27844,34106,32089
32876,32956,32837,30004,31431,34610,36640,34176,33068,32886,37074,34124,32136,29764,31018,32104,27844,34106,32089
32866,32492,32724,32160,34317,34610,36640,34176,33068,32886,37074,34124,32136,29764,31018,32104,27844,34106,32089
32868,32226,32639,34384,33962,34610,36640,34176,33068,32886,37074,34124,32136,29764,31018,32104,27844,34106,32089
32800,32272,32853,36316,30492,34610,36640,34176,33068,32886,37074,34124,32136,29764,31018,32104,27844,34106,32089
32775,32424,32803,35978,32734,34610,36640,34176,33068,32886,37074,34124,32136,29764,31018,32104,27844,34106,32089
32594,32943,32731,33154,32035,34610,36640,34176,33068,32886,37074,34124,32136,29764,31018,32104,27844,34106,32089
32471,33181,32591,30648,34633,34504,36884,34029,32996,32956,37128,33940,31992,28792,31442,34740,27474,35332,30441
32374,33053,32827,29618,34037,34504,36884,34029,32996,32956,37128,33940,31992,28792,31442,34740,27474,35332,30441
32272,32506,32699,31874,32438,34504,36884,34029,32996,32956,37128,33940,31992,28792,31442,34740,27474,35332,30441
32180,32244,32752,34444,33151,34504,36884,34029,32996,32956,37128,33940,31992,28792,31442,34740,27474,35332,30441
32067,32647,32897,35173,29729,34504,36884,34029,32996,32956,37128,33940,31992,28792,31442,34740,27474,35332,30441
31930,32699,32860,33159,33582,34504,36884,34029,32996,32956,37128,33940,31992,28792,31442,34740,27474,35332,30441
31883,32908,32912,33028,34144,34504,36884,34029,32996,32956,37128,33940,31992,28792,31442,34740,27474,35332,30441
31917,33125,32718,34374,34247,34504,36884,34029,32996,32956,37128,33940,31992,28792,31442,34740,27474,35332,30441
31982,33329,32862,34972,33237,34504,36884,34029,32996,32956,37128,33940,31992,28792,31442,34740,27474,35332,30441
31965,32877,32969,35519,31439,34504,36884,34029,32996,32956,37128,33940,31992,28792,31442,34740,27474,35332,30441
31972,32960,32871,34759,32923,34260,36930,33968,33024,33064,37102,33916,32088,28612,30852,35813,30724,40205,31890
31964,32831,32804,34375,30126,34260,36930,33968,33024,33064,37102,33916,32088,28612,30852,35813,30724,40205,31890
32004,32674,32922,32427,33579,34260,36930,33968,33024,33064,37102,33916,32088,28612,30852,35813,30724,40205,31890
32177,32515,32950,31270,33874,34260,36930,33968,33024,33064,37102,33916,32088,28612,30852,35813,30724,40205,31890
32196,32815,32775,31572,33091,34260,36930,33968,33024,33064,37102,33916,32088,28612,30852,35813,30724,40205,31890
32216,32900,32880,30562,32601,34260,36930,33968,33024,33064,37102,33916,32088,28612,30852,35813,30724,40205,31890
32352,33039,32859,31734,31482,34260,36930,33968,33024,33064,37102,33916,32088,28612,30852,35813,30724,40205,31890
32350,33035,32604,33135,33522,34260,36930,33968,33024,33064,37102,33916,32088,28612,30852,35813,30724,40205,31890
32445,33122,32805,30304,32404,34260,36930,33968,33024,33064,37102,33916,32088,28612,30852,35813,30724,40205,31890
32464,32842,32573,25925,33492,34260,36930,33968,33024,33064,37102,33916,32088,28612,30852,35813,30724,40205,31890
32466,32797,32868,26520,31860,34046,36870,33832,32984,33076,37052,34008,32064,28497,30797,40257,27744,41120,34772
32480,32839,32667,28508,32832,34046,36870,33832,32984,33076,37052,34008,32064,28497,30797,40257,27744,41120,34772
32564,32568,32752,32316,32991,34046,36870,33832,32984,33076,37052,34008,32064,28497,30797,40257,27744,41120,34772
32590,32445,32769,31482,33197,34046,36870,33832,32984,33076,37052,34008,32064,28497,30797,40257,27744,41120,34772
32684,32775,32620,36153,32937,34046,36870,33832,32984,33076,37052,34008,32064,28497,30797,40257,27744,41120,34772
32808,33052,32879,35294,31814,34046,36870,33832,32984,33076,37052,34008,32064,28497,30797,40257,27744,41120,34772
32800,33074,32772,35382,32249,34046,36870,33832,32984,33076,37052,34008,32064,28497,30797,40257,27744,41120,34772
32819,33117,32556,35202,32774,34046,36870,33832,32984,33076,37052,34008,32064,28497,30797,40257,27744,41120,34772
32778,33520,32904,33052,34456,34046,36870,33832,32984,33076,37052,34008,32064,28497,30797,40257,27744,41120,34772
32774,33750,32748,30662,32696,34046,36870,33832,32984,33076,37052,34008,32064,28497,30797,40257,27744,41120,34772
32684,33129,32672,33431,32007,33884,36785,33900,33080,32898,37112,34308,32024,28450,30870,40768,30872,39201,37261
32621,31544,32787,35983,31994,33884,36785,33900,33080,32898,37112,34308,32024,28450,30870,40768,30872,39201,37261
32620,31040,32658,38678,33168,33884,36785,33900,33080,32898,37112,34308,32024,28450,30870,40768,30872,39201,37261
32514,31076,32977,39460,33402,33884,36785,33900,33080,32898,37112,34308,32024,28450,30870,40768,30872,39201,37261
32572,31630,32750,36612,30167,33884,36785,33900,33080,32898,37112,34308,32024,28450,30870,40768,30872,39201,37261
32596,32472,32715,33840,37706,33884,36785,33900,33080,32898,37112,34308,32024,28450,30870,40768,30872,39201,37261
32520,33251,32868,33497,18093,33884,36785,33900,33080,32898,37112,34308,32024,28450,30870,40768,30872,39201,37261
32556,33353,32719,34710,41327,33884,36785,33900,33080,32898,37112,34308,32024,28450,30870,40768,30872,39201,37261
32627,33260,32929,37110,38484,33884,36785,33900,33080,32898,37112,34308,32024,28450,30870,40768,30872,39201,37261
32518,32800,32797,34377,29294,33884,36785,33900,33080,32898,37112,34308,32024,28450,30870,40768,30872,39201,37261
32540,32030,32840,30918,24919,33988,36792,34120,33040,33208,37460,34584,32000,29149,31004,40396,32370,41482,37828
32630,31878,33081,28526,32226,33988,36792,34120,33040,33208,37460,34584,32000,29149,31004,40396,32370,41482,37828
32712,32356,32965,26825,33055,33988,36792,34120,33040,33208,37460,34584,32000,29149,31004,40396,32370,41482,37828
32789,32709,32599,28733,32352,33988,36792,34120,33040,33208,37460,34584,32000,29149,31004,40396,32370,41482,37828
32854,33062,32842,30021,35425,33988,36792,34120,33040,33208,37460,34584,32000,29149,31004,40396,32370,41482,37828
32784,33344,32884,30625,34020,33988,36792,34120,33040,33208,37460,34584,32000,29149,31004,40396,32370,41482,37828
32864,33829,32984,30814,30207,33988,36792,34120,33040,33208,37460,34584,32000,29149,31004,40396,32370,41482,37828
32852,33920,33038,31897,31723,33988,36792,34120,33040,33208,37460,34584,32000,29149,31004,40396,32370,41482,37828
32782,33715,32736,34180,35106,33988,36792,34120,33040,33208,37460,34584,32000,29149,31004,40396,32370,41482,37828
32848,33262,32688,30386,32612,33988,36792,34120,33040,33208,37460,34584,32000,29149,31004,40396,32370,41482,37828
32828,32962,33106,30495,32716,34224,36644,34312,33024,33556,37748,34524,31970,30288,32956,42268,31888,40348,35698
32884,32870,32672,30091,32402,34224,36644,34312,33024,33556,37748,34524,31970,30288,32956,42268,31888,40348,35698
32900,32639,32358,34695,31596,34224,36644,34312,33024,33556,37748,34524,31970,30288,32956,42268,31888,40348,35698
33015,32254,32478,38957,32226,34224,36644,34312,33024,33556,37748,34524,31970,30288,32956,42268,31888,40348,35698
33004,32440,32552,35453,35217,34224,36644,34312,33024,33556,37748,34524,31970,30288,32956,42268,31888,40348,35698
32992,32993,32668,34194,33961,34224,36644,34312,33024,33556,37748,34524,31970,30288,32956,42268,31888,40348,35698
33066,32942,32775,33904,32704,34224,36644,34312,33024,33556,37748,34524,31970,30288,32956,42268,31888,40348,35698
32942,32774,32518,33232,31986,34224,36644,34312,33024,33556,37748,34524,31970,30288,32956,42268,31888,40348,35698
33034,32912,32567,36394,31972,34224,36644,34312,33024,33556,37748,34524,31970,30288,32956,42268,31888,40348,35698
33062,32804,32438,35451,31318,34224,36644,34312,33024,33556,37748,34524,31970,30288,32956,42268,31888,40348,35698
32935,32594,32154,31767,30996,34832,36892,34736,33182,33764,37780,34792,31876,31584,34728,43222,29320,39108,38242
32992,32554,32076,31445,32933,34832,36892,34736,33182,33764,37780,34792,31876,31584,34728,43222,29320,39108,38242
33080,32976,32228,28390,32761,34832,36892,34736,33182,33764,37780,34792,31876,31584,34728,43222,29320,39108,38242
33122,33697,32975,24506,32920,34832,36892,34736,33182,33764,37780,34792,31876,31584,34728,43222,29320,39108,38242
33171,33588,32809,22461,33495,34832,36892,34736,33182,33764,37780,34792,31876,31584,34728,43222,29320,39108,38242
33234,33469,33122,23585,32421,34832,36892,34736,33182,33764,37780,34792,31876,31584,34728,43222,29320,39108,38242
33114,33351,33645,24589,33363,34832,36892,34736,33182,33764,37780,34792,31876,31584,34728,43222,29320,39108,38242
33168,33124,34663,26438,33156,34832,36892,34736,33182,33764,37780,34792,31876,31584,34728,43222,29320,39108,38242
32868,33044,34153,31751,32276,34832,36892,34736,33182,33764,37780,34792,31876,31584,34728,43222,29320,39108,38242
32383,32671,33342,38823,32218,34832,36892,34736,33182,33764,37780,34792,31876,31584,34728,43222,29320,39108,38242
32364,31940,33235,38444,33036,34860,37412,34952,33160,33492,37584,34512,31808,31636,33340,42592,33408,42264,37416
32504,31939,33388,43526,32937,34860,37412,34952,33160,33492,37584,34512,31808,31636,33340,42592,33408,42264,37416
32544,31567,33215,38047,32299,34860,37412,34952,33160,33492,37584,34512,31808,31636,33340,42592,33408,42264,37416
32742,31568,32804,46136,31742,34860,37412,34952,33160,33492,37584,34512,31808,31636,33340,42592,33408,42264,37416
32900,32562,33107,47271,32515,34860,37412,34952,33160,33492,37584,34512,31808,31636,33340,42592,33408,42264,37416
32816,33467,32702,41696,33270,34860,37412,34952,33160,33492,37584,34512,31808,31636,33340,42592,33408,42264,37416
32685,33620,32482,34596,33608,34860,37412,34952,33160,33492,37584,34512,31808,31636,33340,42592,33408,42264,37416
32484,33260,32540,31894,33588,34860,37412,34952,33160,33492,37584,34512,31808,31636,33340,42592,33408,42264,37416
32501,32597,32296,30341,33384,34860,37412,34952,33160,33492,37584,34512,31808,31636,33340,42592,33408,42264,37416
32464,32206,32738,28220,31903,34860,37412,34952,33160,33492,37584,34512,31808,31636,33340,42592,33408,42264,37416
32632,31586,32665,29223,31907,34680,38132,35162,33168,32986,37736,34484,31852,30276,28708,40660,32933,41636,39151
32651,31773,32846,30194,32420,34680,38132,35162,33168,32986,37736,34484,31852,30276,28708,40660,32933,41636,39151
32792,32157,32509,27173,32453,34680,38132,35162,33168,32986,37736,34484,31852,30276,28708,40660,32933,41636,39151
32818,32698,32580,28103,34045,34680,38132,35162,33168,32986,37736,34484,31852,30276,28708,40660,32933,41636,39151
32792,32386,32848,32851,33072,34680,38132,35162,33168,32986,37736,34484,31852,30276,28708,40660,32933,41636,39151
32864,32254,32591,35301,33756,34680,38132,35162,33168,32986,37736,34484,31852,30276,28708,40660,32933,41636,39151
32800,32614,32490,32946,33145,34680,38132,35162,33168,32986,37736,34484,31852,30276,28708,40660,32933,41636,39151
32658,33124,32775,35772,31726,34680,38132,35162,33168,32986,37736,34484,31852,30276,28708,40660,32933,41636,39151
32655,33498,32672,34381,33514,34680,38132,35162,33168,32986,37736,34484,31852,30276,28708,40660,32933,41636,39151
32768,33720,32555,33260,33418,34680,38132,35162,33168,32986,37736,34484,31852,30276,28708,40660,32933,41636,39151
32872,33711,32684,32452,34240,34640,38556,35333,33121,32778,38064,34304,31680,29216,25196,38504,32069,44572,34892
33044,33927,32614,31744,33631,34640,38556,35333,33121,32778,38064,34304,31680,29216,25196,38504,32069,44572,34892
33131,33864,32580,32311,33955,34640,38556,35333,33121,32778,38064,34304,31680,29216,25196,38504,32069,44572,34892
33159,33577,32881,31313,33055,34640,38556,35333,33121,32778,38064,34304,31680,29216,25196,38504,32069,44572,34892
33002,33216,32736,29932,33296,34640,38556,35333,33121,32778,38064,34304,31680,29216,25196,38504,32069,44572,34892
32977,32983,32605,28011,32727,34640,38556,35333,33121,32778,38064,34304,31680,29216,25196,38504,32069,44572,34892
32840,32359,32925,29399,32903,34640,38556,35333,33121,32778,38064,34304,31680,29216,25196,38504,32069,44572,34892
32764,31908,32837,31468,33239,34640,38556,35333,33121,32778,38064,34304,31680,29216,25196,38504,32069,44572,34892
32635,31939,32795,33175,32180,34640,38556,35333,33121,32778,38064,34304,31680,29216,25196,38504,32069,44572,34892
32608,32477,32791,32903,33098,34640,38556,35333,33121,32778,38064,34304,31680,29216,25196,38504,32069,44572,34892
32509,32898,32714,31649,32674,34632,38620,35284,33216,32648,38456,34240,31632,28780,23303,37256,32309,43628,31785
32469,33151,33149,32278,33202,34632,38620,35284,33216,32648,38456,34240,31632,28780,23303,37256,32309,43628,31785
32465,32888,33117,32534,34732,34632,38620,35284,33216,32648,38456,34240,31632,28780,23303,37256,32309,43628,31785
32436,32959,32886,30834,31973,34632,38620,35284,33216,32648,38456,34240,31632,28780,23303,37256,32309,43628,31785
32542,33378,33065,30151,32263,34632,38620,35284,33216,32648,38456,34240,31632,28780,23303,37256,32309,43628,31785
32555,33356,33079,31482,32199,34632,38620,35284,33216,32648,38456,34240,31632,28780,23303,37256,32309,43628,31785
32512,33031,32877,36530,32683,34632,38620,35284,33216,32648,38456,34240,31632,28780,23303,37256,32309,43628,31785
32580,32535,32850,36531,33096,34632,38620,35284,33216,32648,38456,34240,31632,28780,23303,37256,32309,43628,31785
32805,32635,32940,30927,31358,34632,38620,35284,33216,32648,38456,34240,31632,28780,23303,37256,32309,43628,31785
33020,32712,32870,31315,28850,34632,38620,35284,33216,32648,38456,34240,31632,28780,23303,37256,32309,43628,31785
33262,32590,32653,42869,35362,34784,38768,34616,33180,32808,38808,34276,31464,28194,22956,38112,31904,39572,31048
33330,32551,32745,42055,36250,34784,38768,34616,33180,32808,38808,34276,31464,28194,22956,38112,31904,39572,31048
33450,32344,32879,36258,33337,34784,38768,34616,33180,32808,38808,34276,31464,28194,22956,38112,31904,39572,31048
33478,31905,32821,32928,32239,34784,38768,34616,33180,32808,38808,34276,31464,28194,22956,38112,31904,39572,31048
33472,32285,32620,32155,33750,34784,38768,34616,33180,32808,38808,34276,31464,28194,22956,38112,31904,39572,31048
33510,32330,32888,32107,32231,34784,38768,34616,33180,32808,38808,34276,31464,28194,22956,38112,31904,39572,31048
33468,32772,32860,31404,32592,34784,38768,34616,33180,32808,38808,34276,31464,28194,22956,38112,31904,39572,31048
33475,32800,32680,31544,33955,34784,38768,34616,33180,32808,38808,34276,31464,28194,22956,38112,31904,39572,31048
33432,32311,32797,31430,33409,34784,38768,34616,33180,32808,38808,34276,31464,28194,22956,38112,31904,39572,31048
33338,32802,32966,30956,32654,34784,38768,34616,33180,32808,38808,34276,31464,28194,22956,38112,31904,39572,31048
33164,33446,32838,31080,31830,34896,38814,33980,33264,32932,38994,34309,31294,27314,22781,38930,32672,40068,29020
33084,33865,33086,30588,31071,34896,38814,33980,33264,32932,38994,34309,31294,27314,22781,38930,32672,40068,29020
32924,34085,32796,28155,31970,34896,38814,33980,33264,32932,38994,34309,31294,27314,22781,38930,32672,40068,29020
32838,33726,32964,32484,33248,34896,38814,33980,33264,32932,38994,34309,31294,27314,22781,38930,32672,40068,29020
32812,33272,32710,31042,32263,34896,38814,33980,33264,32932,38994,34309,31294,27314,22781,38930,32672,40068,29020
32694,33199,32277,31976,32673,34896,38814,33980,33264,32932,38994,34309,31294,27314,22781,38930,32672,40068,29020
32880,33575,32501,31641,30912,34896,38814,33980,33264,32932,38994,34309,31294,27314,22781,38930,32672,40068,29020
32953,33512,32282,31452,31476,34896,38814,33980,33264,32932,38994,34309,31294,27314,22781,38930,32672,40068,29020
33024,32980,32485,30046,32441,34896,38814,33980,33264,32932,38994,34309,31294,27314,22781,38930,32672,40068,29020
33074,31975,32599,37160,32742,34896,38814,33980,33264,32932,38994,34309,31294,27314,22781,38930,32672,40068,29020
33260,31183,33132,40440,33126,34546,38728,33513,33312,32749,38940,34236,31136,26180,23508,42297,32952,41116,31282
33410,30500,32918,39827,33541,34546,38728,33513,33312,32749,38940,34236,31136,26180,23508,42297,32952,41116,31282
33347,30236,32360,37941,33474,34546,38728,33513,33312,32749,38940,34236,31136,26180,23508,42297,32952,41116,31282
33164,31151,32276,33470,34295,34546,38728,33513,33312,32749,38940,34236,31136,26180,23508,42297,32952,41116,31282
33050,32646,32090,30053,34200,34546,38728,33513,33312,32749,38940,34236,31136,26180,23508,42297,32952,41116,31282
33155,33549,32393,29441,33585,34546,38728,33513,33312,32749,38940,34236,31136,26180,23508,42297,32952,41116,31282
33164,33573,32447,30277,33317,34546,38728,33513,33312,32749,38940,34236,31136,26180,23508,42297,32952,41116,31282
33226,33679,32733,30311,32843,34546,38728,33513,33312,32749,38940,34236,31136,26180,23508,42297,32952,41116,31282
33243,33447,32970,29292,31793,34546,38728,33513,33312,32749,38940,34236,31136,26180,23508,42297,32952,41116,31282
33145,34034,32996,30840,32170,34546,38728,33513,33312,32749,38940,34236,31136,26180,23508,42297,32952,41116,31282
33117,34356,33189,33432,33324,33924,39302,33080,33326,32828,39182,34420,30976,24390,22756,42624,35120,47504,32897
33176,34578,33167,34896,33309,33924,39302,33080,33326,32828,39182,34420,30976,24390,22756,42624,35120,47504,32897
33358,34207,32949,31648,33662,33924,39302,33080,33326,32828,39182,34420,30976,24390,22756,42624,35120,47504,32897
33301,33042,33102,28806,30983,33924,39302,33080,33326,32828,39182,34420,30976,24390,22756,42624,35120,47504,32897
33104,31334,32932,28722,32037,33924,39302,33080,33326,32828,39182,34420,30976,24390,22756,42624,35120,47504,32897
32888,30585,33111,35304,31824,33924,39302,33080,33326,32828,39182,34420,30976,24390,22756,42624,35120,47504,32897
32740,31343,33023,38855,32886,33924,39302,33080,33326,32828,39182,34420,30976,24390,22756,42624,35120,47504,32897
32504,32567,32684,35419,32775,33924,39302,33080,33326,32828,39182,34420,30976,24390,22756,42624,35120,47504,32897
32396,32759,32829,33737,33390,33924,39302,33080,33326,32828,39182,34420,30976,24390,22756,42624,35120,47504,32897
32308,32871,32604,32883,34063,33924,39302,33080,33326,32828,39182,34420,30976,24390,22756,42624,35120,47504,32897
32344,32938,32177,32458,33710,33528,40628,32720,33328,33580,39826,34080,30794,22744,20872,45746,37082,46836,30116
32522,32671,32549,32757,31730,33528,40628,32720,33328,33580,39826,34080,30794,22744,20872,45746,37082,46836,30116
32492,32563,32764,32512,31671,33528,40628,32720,33328,33580,39826,34080,30794,22744,20872,45746,37082,46836,30116
32722,32500,32791,32191,32143,33528,40628,32720,33328,33580,39826,34080,30794,22744,20872,45746,37082,46836,30116
32837,32864,33154,32844,33077,33528,40628,32720,33328,33580,39826,34080,30794,22744,20872,45746,37082,46836,30116
32940,33446,33633,32750,32911,33528,40628,32720,33328,33580,39826,34080,30794,22744,20872,45746,37082,46836,30116
32859,33325,33447,32691,34759,33528,40628,32720,33328,33580,39826,34080,30794,22744,20872,45746,37082,46836,30116
32770,33287,33218,32671,33478,33528,40628,32720,33328,33580,39826,34080,30794,22744,20872,45746,37082,46836,30116
32588,33357,32895,32543,34784,33528,40628,32720,33328,33580,39826,34080,30794,22744,20872,45746,37082,46836,30116
32389,32645,32735,32340,29312,33528,40628,32720,33328,33580,39826,34080,30794,22744,20872,45746,37082,46836,30116
32340,32041,32893,32229,33372,33568,41960,32261,33492,34420,40820,32100,30592,22606,16460,50708,35600,42661,32512
32346,33186,33190,32383,28512,33568,41960,32261,33492,34420,40820,32100,30592,22606,16460,50708,35600,42661,32512
32521,35076,32988,32668,32523,33568,41960,32261,33492,34420,40820,32100,30592,22606,16460,50708,35600,42661,32512
32602,35047,32833,33094,31312,33568,41960,32261,33492,34420,40820,32100,30592,22606,16460,50708,35600,42661,32512
32745,34178,32657,33445,34077,33568,41960,32261,33492,34420,40820,32100,30592,22606,16460,50708,35600,42661,32512
32612,34048,32993,33646,33598,33568,41960,32261,33492,34420,40820,32100,30592,22606,16460,50708,35600,42661,32512
32396,32249,33123,33438,34919,33568,41960,32261,33492,34420,40820,32100,30592,22606,16460,50708,35600,42661,32512
32288,29816,32832,33222,30596,33568,41960,32261,33492,34420,40820,32100,30592,22606,16460,50708,35600,42661,32512
32272,30484,32704,31610,35179,33568,41960,32261,33492,34420,40820,32100,30592,22606,16460,50708,35600,42661,32512
32208,32718,32681,30431,29656,33568,41960,32261,33492,34420,40820,32100,30592,22606,16460,50708,35600,42661,32512
31872,33015,32624,30255,32644,33384,41952,31450,33584,35564,41708,31526,30338,24580,10835,48924,35996,44583,31928
31776,31736,32404,33538,32308,33384,41952,31450,33584,35564,41708,31526,30338,24580,10835,48924,35996,44583,31928
31664,32020,32523,33888,33820,33384,41952,31450,33584,35564,41708,31526,30338,24580,10835,48924,35996,44583,31928
31498,32487,32504,33147,32706,33384,41952,31450,33584,35564,41708,31526,30338,24580,10835,48924,35996,44583,31928
31490,32421,32413,33280,36305,33384,41952,31450,33584,35564,41708,31526,30338,24580,10835,48924,35996,44583,31928
31664,32212,32552,32516,34031,33384,41952,31450,33584,35564,41708,31526,30338,24580,10835,48924,35996,44583,31928
31904,32865,32926,32260,34055,33384,41952,31450,33584,35564,41708,31526,30338,24580,10835,48924,35996,44583,31928
31904,33530,32971,32538,32150,33384,41952,31450,33584,35564,41708,31526,30338,24580,10835,48924,35996,44583,31928
32054,33200,32701,33279,32502,33384,41952,31450,33584,35564,41708,31526,30338,24580,10835,48924,35996,44583,31928
32087,33453,32710,33228,30719,33384,41952,31450,33584,35564,41708,31526,30338,24580,10835,48924,35996,44583,31928
32136,32923,32822,33044,33571,33784,40728,30682,33452,36028,42000,31337,30000,27146,5737,47228,36196,49212,36728
32102,32843,32499,32748,30969,33784,40728,30682,33452,36028,42000,31337,30000,27146,5737,47228,36196,49212,36728
31878,32473,32682,32906,33184,33784,40728,30682,33452,36028,42000,31337,30000,27146,5737,47228,36196,49212,36728
31876,31961,32892,33146,34337,33784,40728,30682,33452,36028,42000,31337,30000,27146,5737,47228,36196,49212,36728
31829,33127,32722,32713,34276,33784,40728,30682,33452,36028,42000,31337,30000,27146,5737,47228,36196,49212,36728
31972,33484,32808,32668,30523,33784,40728,30682,33452,36028,42000,31337,30000,27146,5737,47228,36196,49212,36728
31946,33505,32963,32696,33876,33784,40728,30682,33452,36028,42000,31337,30000,27146,5737,47228,36196,49212,36728
31663,33315,32738,32664,31764,33784,40728,30682,33452,36028,42000,31337,30000,27146,5737,47228,36196,49212,36728
31708,33106,32781,32877,31684,33784,40728,30682,33452,36028,42000,31337,30000,27146,5737,47228,36196,49212,36728
31726,32525,32968,33192,33430,33784,40728,30682,33452,36028,42000,31337,30000,27146,5737,47228,36196,49212,36728
31736,32591,32711,33182,33392,35569,39360,30156,33516,35320,41482,31608,29738,28472,2254,47196,36065,47784,43772
31956,32878,32957,32851,31173,35569,39360,30156,33516,35320,41482,31608,29738,28472,2254,47196,36065,47784,43772
32082,32878,32539,32964,34660,35569,39360,30156,33516,35320,41482,31608,29738,28472,2254,47196,36065,47784,43772
32201,32671,32306,32384,32200,35569,39360,30156,33516,35320,41482,31608,29738,28472,2254,47196,36065,47784,43772
32374,32530,32613,32363,31106,35569,39360,30156,33516,35320,41482,31608,29738,28472,2254,47196,36065,47784,43772
32538,32734,32448,31679,32906,35569,39360,30156,33516,35320,41482,31608,29738,28472,2254,47196,36065,47784,43772
32603,32660,32295,32442,31705,35569,39360,30156,33516,35320,41482,31608,29738,28472,2254,47196,36065,47784,43772
32648,32534,32328,33031,33218,35569,39360,30156,33516,35320,41482,31608,29738,28472,2254,47196,36065,47784,43772
32794,32621,32476,32830,34864,35569,39360,30156,33516,35320,41482,31608,29738,28472,2254,47196,36065,47784,43772
33012,32601,32457,32928,32296,35569,39360,30156,33516,35320,41482,31608,29738,28472,2254,47196,36065,47784,43772
32843,32661,32589,32745,34276,36448,37864,30840,33484,33673,40232,33160,29320,28797,3968,45612,35416,48816,46868
32928,32441,32879,32759,34940,36448,37864,30840,33484,33673,40232,33160,29320,28797,3968,45612,35416,48816,46868
32870,32538,32929,32837,33085,36448,37864,30840,33484,33673,40232,33160,29320,28797,3968,45612,35416,48816,46868
32921,32985,32764,32861,29570,36448,37864,30840,33484,33673,40232,33160,29320,28797,3968,45612,35416,48816,46868
32920,33157,32960,32707,32476,36448,37864,30840,33484,33673,40232,33160,29320,28797,3968,45612,35416,48816,46868
32710,32384,32784,32710,35135,36448,37864,30840,33484,33673,40232,33160,29320,28797,3968,45612,35416,48816,46868
32492,32216,32671,32843,31061,36448,37864,30840,33484,33673,40232,33160,29320,28797,3968,45612,35416,48816,46868
32224,32318,32881,32706,33061,36448,37864,30840,33484,33673,40232,33160,29320,28797,3968,45612,35416,48816,46868
31990,32480,32995,32636,33961,36448,37864,30840,33484,33673,40232,33160,29320,28797,3968,45612,35416,48816,46868
31852,32632,32833,32584,31587,36448,37864,30840,33484,33673,40232,33160,29320,28797,3968,45612,35416,48816,46868
31705,32647,33102,32728,32373,36194,37936,32328,33668,31833,39632,34816,28904,27027,4750,44772,36013,48832,42756
31691,32568,33011,32809,31342,36194,37936,32328,33668,31833,39632,34816,28904,27027,4750,44772,36013,48832,42756
31522,32680,32770,32722,31564,36194,37936,32328,33668,31833,39632,34816,28904,27027,4750,44772,36013,48832,42756
31382,32794,32654,32749,33338,36194,37936,32328,33668,31833,39632,34816,28904,27027,4750,44772,36013,48832,42756
31352,32800,32623,32743,33100,36194,37936,32328,33668,31833,39632,34816,28904,27027,4750,44772,36013,48832,42756
31257,32689,32475,32805,33910,36194,37936,32328,33668,31833,39632,34816,28904,27027,4750,44772,36013,48832,42756
31452,32791,32455,32923,31608,36194,37936,32328,33668,31833,39632,34816,28904,27027,4750,44772,36013,48832,42756
31398,32968,32644,32723,34416,36194,37936,32328,33668,31833,39632,34816,28904,27027,4750,44772,36013,48832,42756
31360,32857,32709,32709,30214,36194,37936,32328,33668,31833,39632,34816,28904,27027,4750,44772,36013,48832,42756
31524,32902,32548,32696,32111,36194,37936,32328,33668,31833,39632,34816,28904,27027,4750,44772,36013,48832,42756
31600,32738,32637,32915,31390,35184,38184,34072,33844,31178,39652,36150,28428,24097,4862,47620,39600,50902,42108
31798,32707,32900,32962,32296,35184,38184,34072,33844,31178,39652,36150,28428,24097,4862,47620,39600,50902,42108
31924,32727,32960,32922,34633,35184,38184,34072,33844,31178,39652,36150,28428,24097,4862,47620,39600,50902,42108
32052,32734,32756,32824,34749,35184,38184,34072,33844,31178,39652,36150,28428,24097,4862,47620,39600,50902,42108
32188,32592,32830,32850,37778,35184,38184,34072,33844,31178,39652,36150,28428,24097,4862,47620,39600,50902,42108
32450,32590,33124,32912,33597,35184,38184,34072,33844,31178,39652,36150,28428,24097,4862,47620,39600,50902,42108
32740,32774,33112,32916,32797,35184,38184,34072,33844,31178,39652,36150,28428,24097,4862,47620,39600,50902,42108
33060,32826,33102,32824,33155,35184,38184,34072,33844,31178,39652,36150,28428,24097,4862,47620,39600,50902,42108
33344,32750,32951,32824,32372,35184,38184,34072,33844,31178,39652,36150,28428,24097,4862,47620,39600,50902,42108
33628,32754,33146,32773,29966,35184,38184,34072,33844,31178,39652,36150,28428,24097,4862,47620,39600,50902,42108
33633,32856,33046,32849,34134,34284,38620,35736,34176,31288,39556,36732,28077,21972,11216,52300,36300,44600,36452
33810,32966,32855,32877,33428,34284,38620,35736,34176,31288,39556,36732,28077,21972,11216,52300,36300,44600,36452
34021,32942,33033,32960,31965,34284,38620,35736,34176,31288,39556,36732,28077,21972,11216,52300,36300,44600,36452
34158,32867,32884,33004,33335,34284,38620,35736,34176,31288,39556,36732,28077,21972,11216,52300,36300,44600,36452
34376,32738,32761,32902,33312,34284,38620,35736,34176,31288,39556,36732,28077,21972,11216,52300,36300,44600,36452
34652,32940,32917,32812,30536,34284,38620,35736,34176,31288,39556,36732,28077,21972,11216,52300,36300,44600,36452
34786,32987,33047,32768,34443,34284,38620,35736,34176,31288,39556,36732,28077,21972,11216,52300,36300,44600,36452
34823,32812,32997,32888,27479,34284,38620,35736,34176,31288,39556,36732,28077,21972,11216,52300,36300,44600,36452
34949,32864,32862,32909,28066,34284,38620,35736,34176,31288,39556,36732,28077,21972,11216,52300,36300,44600,36452
35048,33048,32790,32775,37382,34284,38620,35736,34176,31288,39556,36732,28077,21972,11216,52300,36300,44600,36452
34804,33144,33022,32815,37127,34384,39369,37196,34304,31712,39322,37048,27592,21300,16000,50580,34482,40404,31937
34906,33156,32996,32797,21715,34384,39369,37196,34304,31712,39322,37048,27592,21300,16000,50580,34482,40404,31937
34882,33081,32770,32740,29341,34384,39369,37196,34304,31712,39322,37048,27592,21300,16000,50580,34482,40404,31937
34832,33028,33079,32677,46495,34384,39369,37196,34304,31712,39322,37048,27592,21300,16000,50580,34482,40404,31937
34573,33159,33016,32666,34685,34384,39369,37196,34304,31712,39322,37048,27592,21300,16000,50580,34482,40404,31937
34446,33047,32764,32680,39193,34384,39369,37196,34304,31712,39322,37048,27592,21300,16000,50580,34482,40404,31937
34294,32984,33025,32738,27757,34384,39369,37196,34304,31712,39322,37048,27592,21300,16000,50580,34482,40404,31937
34156,32932,32837,32708,33224,34384,39369,37196,34304,31712,39322,37048,27592,21300,16000,50580,34482,40404,31937
34087,32783,32856,32733,36539,34384,39369,37196,34304,31712,39322,37048,27592,21300,16000,50580,34482,40404,31937
33966,32902,32960,32740,29092,34384,39369,37196,34304,31712,39322,37048,27592,21300,16000,50580,34482,40404,31937
33956,33088,32700,32775,36743,34648,39312,38160,34397,32112,38840,36436,27036,21653,16849,39805,37364,39016,27809
33740,33046,32855,32754,36167,34648,39312,38160,34397,32112,38840,36436,27036,21653,16849,39805,37364,39016,27809
33924,32848,32923,32684,29558,34648,39312,38160,34397,32112,38840,36436,27036,21653,16849,39805,37364,39016,27809
33839,32746,32740,32768,29639,34648,39312,38160,34397,32112,38840,36436,27036,21653,16849,39805,37364,39016,27809
33612,32470,32978,32726,27394,34648,39312,38160,34397,32112,38840,36436,27036,21653,16849,39805,37364,39016,27809
33274,32612,32928,32784,30948,34648,39312,38160,34397,32112,38840,36436,27036,21653,16849,39805,37364,39016,27809
33154,32208,32787,32853,32574,34648,39312,38160,34397,32112,38840,36436,27036,21653,16849,39805,37364,39016,27809
33024,31578,32945,32888,30868,34648,39312,38160,34397,32112,38840,36436,27036,21653,16849,39805,37364,39016,27809
32968,32052,32836,32862,31751,34648,39312,38160,34397,32112,38840,36436,27036,21653,16849,39805,37364,39016,27809
32985,34613,32696,32780,24122,34648,39312,38160,34397,32112,38840,36436,27036,21653,16849,39805,37364,39016,27809
32996,35540,32967,32630,32120,35380,38918,38164,34466,32120,37858,35553,26492,20505,14304,27739,36228,30916,29348
33012,34932,32921,32603,38290,35380,38918,38164,34466,32120,37858,35553,26492,20505,14304,27739,36228,30916,29348
33071,33535,32696,32569,38727,35380,38918,38164,34466,32120,37858,35553,26492,20505,14304,27739,36228,30916,29348
33114,32296,32928,32531,34948,35380,38918,38164,34466,32120,37858,35553,26492,20505,14304,27739,36228,30916,29348
33026,31945,32775,32485,35452,35380,38918,38164,34466,32120,37858,35553,26492,20505,14304,27739,36228,30916,29348
32828,30568,32914,32546,34262,35380,38918,38164,34466,32120,37858,35553,26492,20505,14304,27739,36228,30916,29348
32527,31016,32978,32579,28847,35380,38918,38164,34466,32120,37858,35553,26492,20505,14304,27739,36228,30916,29348
32319,32864,32784,32617,31108,35380,38918,38164,34466,32120,37858,35553,26492,20505,14304,27739,36228,30916,29348
32225,32873,32994,32667,30855,35380,38918,38164,34466,32120,37858,35553,26492,20505,14304,27739,36228,30916,29348
32114,32512,32895,32717,31609,35380,38918,38164,34466,32120,37858,35553,26492,20505,14304,27739,36228,30916,29348
31980,33287,32713,32770,30153,35508,38444,38224,34664,31992,36540,35868,25932,19968,13080,21316,35548,25892,27561
31860,33420,32978,32754,30212,35508,38444,38224,34664,31992,36540,35868,25932,19968,13080,21316,35548,25892,27561
31650,33678,32888,32728,27527,35508,38444,38224,34664,31992,36540,35868,25932,19968,13080,21316,35548,25892,27561
31596,33435,32648,32737,30162,35508,38444,38224,34664,31992,36540,35868,25932,19968,13080,21316,35548,25892,27561
31474,33381,32850,32720,41352,35508,38444,38224,34664,31992,36540,35868,25932,19968,13080,21316,35548,25892,27561
31355,33100,32655,32882,34566,35508,38444,38224,34664,31992,36540,35868,25932,19968,13080,21316,35548,25892,27561
31328,32037,32858,32954,35399,35508,38444,38224,34664,31992,36540,35868,25932,19968,13080,21316,35548,25892,27561
31381,30935,32812,32998,36925,35508,38444,38224,34664,31992,36540,35868,25932,19968,13080,21316,35548,25892,27561
31548,31772,32580,32905,31413,35508,38444,38224,34664,31992,36540,35868,25932,19968,13080,21316,35548,25892,27561
31635,32189,32800,32872,58936,35508,38444,38224,34664,31992,36540,35868,25932,19968,13080,21316,35548,25892,27561
31818,31908,32541,32954,30084,35648,37856,37952,34781,31764,35138,37779,25624,18752,11452,17618,35640,18000,18657
31915,31685,32888,32824,20635,35648,37856,37952,34781,31764,35138,37779,25624,18752,11452,17618,35640,18000,18657
32041,32095,32702,32601,17647,35648,37856,37952,34781,31764,35138,37779,25624,18752,11452,17618,35640,18000,18657
32201,32797,32846,32572,44650,35648,37856,37952,34781,31764,35138,37779,25624,18752,11452,17618,35640,18000,18657
32490,33309,32612,32646,53255,35648,37856,37952,34781,31764,35138,37779,25624,18752,11452,17618,35640,18000,18657
32712,34015,32708,32813,19551,35648,37856,37952,34781,31764,35138,37779,25624,18752,11452,17618,35640,18000,18657
32884,33726,32827,32805,1594,35648,37856,37952,34781,31764,35138,37779,25624,18752,11452,17618,35640,18000,18657
33127,34165,32548,32816,26388,35648,37856,37952,34781,31764,35138,37779,25624,18752,11452,17618,35640,18000,18657
33287,34194,32750,32976,20387,35648,37856,37952,34781,31764,35138,37779,25624,18752,11452,17618,35640,18000,18657
33524,34458,32775,33025,49799,35648,37856,37952,34781,31764,35138,37779,25624,18752,11452,17618,35640,18000,18657
33688,34051,32599,33058,44571,35384,37560,37146,34912,32708,33426,40370,25238,18800,11509,16040,33952,16326,8788
33836,33608,32828,32916,36893,35384,37560,37146,34912,32708,33426,40370,25238,18800,11509,16040,33952,16326,8788
33946,31816,32804,32872,32985,35384,37560,37146,34912,32708,33426,40370,25238,18800,11509,16040,33952,16326,8788
33956,31035,32752,32871,29083,35384,37560,37146,34912,32708,33426,40370,25238,18800,11509,16040,33952,16326,8788
34038,32496,32830,32789,16548,35384,37560,37146,34912,32708,33426,40370,25238,18800,11509,16040,33952,16326,8788
34194,32824,32749,32792,44236,35384,37560,37146,34912,32708,33426,40370,25238,18800,11509,16040,33952,16326,8788
34340,32727,32879,32824,50223,35384,37560,37146,34912,32708,33426,40370,25238,18800,11509,16040,33952,16326,8788
34428,32829,32690,32878,31015,35384,37560,37146,34912,32708,33426,40370,25238,18800,11509,16040,33952,16326,8788
34552,33100,32912,32909,31300,35384,37560,37146,34912,32708,33426,40370,25238,18800,11509,16040,33952,16326,8788
34642,33228,32685,32974,33054,35384,37560,37146,34912,32708,33426,40370,25238,18800,11509,16040,33952,16326,8788
34724,33004,32785,33007,24913,35156,37468,36302,35138,33408,32954,40344,24964,18696,7944,13348,33416,16518,4446
34914,32468,32831,33048,27190,35156,37468,36302,35138,33408,32954,40344,24964,18696,7944,13348,33416,16518,4446
34980,31875,32737,33026,35057,35156,37468,36302,35138,33408,32954,40344,24964,18696,7944,13348,33416,16518,4446
34956,32628,32944,32989,44474,35156,37468,36302,35138,33408,32954,40344,24964,18696,7944,13348,33416,16518,4446
34758,33145,32775,32861,40031,35156,37468,36302,35138,33408,32954,40344,24964,18696,7944,13348,33416,16518,4446
34666,32955,32890,32812,29502,35156,37468,36302,35138,33408,32954,40344,24964,18696,7944,13348,33416,16518,4446
34456,32928,32850,32680,28861,35156,37468,36302,35138,33408,32954,40344,24964,18696,7944,13348,33416,16518,4446
34247,32905,32648,32725,41159,35156,37468,36302,35138,33408,32954,40344,24964,18696,7944,13348,33416,16518,4446
34064,32930,32887,32743,31806,35156,37468,36302,35138,33408,32954,40344,24964,18696,7944,13348,33416,16518,4446
33954,32762,32647,32764,22236,35156,37468,36302,35138,33408,32954,40344,24964,18696,7944,13348,33416,16518,4446
33738,32597,32856,32944,23245,35244,37216,35672,35460,34300,33376,39080,24739,20362,5608,9324,29725,18562,12292
33540,32678,32631,33021,40481,35244,37216,35672,35460,34300,33376,39080,24739,20362,5608,9324,29725,18562,12292
33428,32706,32647,33010,46779,35244,37216,35672,35460,34300,33376,39080,24739,20362,5608,9324,29725,18562,12292
33335,33391,32798,32856,51424,35244,37216,35672,35460,34300,33376,39080,24739,20362,5608,9324,29725,18562,12292
33192,33828,32576,32848,29382,35244,37216,35672,35460,34300,33376,39080,24739,20362,5608,9324,29725,18562,12292
33284,33563,32834,32888,13396,35244,37216,35672,35460,34300,33376,39080,24739,20362,5608,9324,29725,18562,12292
33252,33480,32858,32948,6409,35244,37216,35672,35460,34300,33376,39080,24739,20362,5608,9324,29725,18562,12292
33192,33660,32733,32700,21305,35244,37216,35672,35460,34300,33376,39080,24739,20362,5608,9324,29725,18562,12292
33086,33124,32992,32691,49936,35244,37216,35672,35460,34300,33376,39080,24739,20362,5608,9324,29725,18562,12292
33047,32629,32706,32795,48869,35244,37216,35672,35460,34300,33376,39080,24739,20362,5608,9324,29725,18562,12292
32983,32443,32791,32964,30858,35424,37526,35256,35408,34588,34600,37424,24490,21620,7059,11852,28880,19860,25348
32983,32822,33101,32797,28761,35424,37526,35256,35408,34588,34600,37424,24490,21620,7059,11852,28880,19860,25348
32844,32604,33041,32814,30656,35424,37526,35256,35408,34588,34600,37424,24490,21620,7059,11852,28880,19860,25348
32652,32518,33170,32812,39332,35424,37526,35256,35408,34588,34600,37424,24490,21620,7059,11852,28880,19860,25348
32473,32239,33171,32787,34896,35424,37526,35256,35408,34588,34600,37424,24490,21620,7059,11852,28880,19860,25348
32318,32124,32916,32899,27522,35424,37526,35256,35408,34588,34600,37424,24490,21620,7059,11852,28880,19860,25348
32081,32272,32980,32994,28015,35424,37526,35256,35408,34588,34600,37424,24490,21620,7059,11852,28880,19860,25348
31988,32185,32644,33004,38745,35424,37526,35256,35408,34588,34600,37424,24490,21620,7059,11852,28880,19860,25348
31811,32216,32721,32824,42537,35424,37526,35256,35408,34588,34600,37424,24490,21620,7059,11852,28880,19860,25348
31588,32678,32484,32775,46047,35424,37526,35256,35408,34588,34600,37424,24490,21620,7059,11852,28880,19860,25348
31383,32826,32716,32778,23365,35408,38026,35484,35792,33996,36092,36672,24242,21810,9409,14729,28568,19460,37877
31320,32994,32530,32757,19884,35408,38026,35484,35792,33996,36092,36672,24242,21810,9409,14729,28568,19460,37877
31377,33206,32736,32777,28143,35408,38026,35484,35792,33996,36092,36672,24242,21810,9409,14729,28568,19460,37877
31312,33178,32786,32921,26941,35408,38026,35484,35792,33996,36092,36672,24242,21810,9409,14729,28568,19460,37877
31484,32582,32695,32988,33359,35408,38026,35484,35792,33996,36092,36672,24242,21810,9409,14729,28568,19460,37877
31528,32875,33010,33031,31584,35408,38026,35484,35792,33996,36092,36672,24242,21810,9409,14729,28568,19460,37877
31504,33067,32840,32957,26647,35408,38026,35484,35792,33996,36092,36672,24242,21810,9409,14729,28568,19460,37877
31498,32366,32949,32930,28261,35408,38026,35484,35792,33996,36092,36672,24242,21810,9409,14729,28568,19460,37877
31555,32018,32841,32898,36980,35408,38026,35484,35792,33996,36092,36672,24242,21810,9409,14729,28568,19460,37877
31664,32818,32669,32787,46066,35408,38026,35484,35792,33996,36092,36672,24242,21810,9409,14729,28568,19460,37877
31750,32997,32700,32799,47253,35146,38102,35840,35962,32796,36224,36492,24071,22768,11689,16792,29820,15757,42496
31760,32276,32731,32858,40169,35146,38102,35840,35962,32796,36224,36492,24071,22768,11689,16792,29820,15757,42496
31568,32510,32623,33064,28549,35146,38102,35840,35962,32796,36224,36492,24071,22768,11689,16792,29820,15757,42496
31517,32635,32699,33026,28735,35146,38102,35840,35962,32796,36224,36492,24071,22768,11689,16792,29820,15757,42496
31456,32514,32774,32836,27034,35146,38102,35840,35962,32796,36224,36492,24071,22768,11689,16792,29820,15757,42496
31489,32586,32600,32749,29231,35146,38102,35840,35962,32796,36224,36492,24071,22768,11689,16792,29820,15757,42496
31512,32244,32834,32775,28438,35146,38102,35840,35962,32796,36224,36492,24071,22768,11689,16792,29820,15757,42496
31464,31878,32562,32985,31399,35146,38102,35840,35962,32796,36224,36492,24071,22768,11689,16792,29820,15757,42496
31530,31416,32804,32922,33720,35146,38102,35840,35962,32796,36224,36492,24071,22768,11689,16792,29820,15757,42496
31554,31218,32782,32908,34891,35146,38102,35840,35962,32796,36224,36492,24071,22768,11689,16792,29820,15757,42496
31366,32377,32525,32832,33806,34884,38072,35928,35912,31908,35433,36280,23862,21664,14273,19274,28858,12079,45486
31311,32826,32625,32759,35380,34884,38072,35928,35912,31908,35433,36280,23862,21664,14273,19274,28858,12079,45486
31436,32722,32553,32694,31168,34884,38072,35928,35912,31908,35433,36280,23862,21664,14273,19274,28858,12079,45486
31575,32906,32456,32632,28567,34884,38072,35928,35912,31908,35433,36280,23862,21664,14273,19274,28858,12079,45486
31616,33446,32701,32636,28822,34884,38072,35928,35912,31908,35433,36280,23862,21664,14273,19274,28858,12079,45486
31656,33343,32645,32681,34707,34884,38072,35928,35912,31908,35433,36280,23862,21664,14273,19274,28858,12079,45486
31538,32905,32516,32908,41603,34884,38072,35928,35912,31908,35433,36280,23862,21664,14273,19274,28858,12079,45486
31298,32240,32806,32988,43738,34884,38072,35928,35912,31908,35433,36280,23862,21664,14273,19274,28858,12079,45486
31363,32453,32856,32831,42000,34884,38072,35928,35912,31908,35433,36280,23862,21664,14273,19274,28858,12079,45486
31586,33275,32855,32933,29938,34884,38072,35928,35912,31908,35433,36280,23862,21664,14273,19274,28858,12079,45486
31908,33560,33003,32912,23012,34546,37780,36253,36018,31541,34856,36157,23702,21549,14233,18482,31036,6934,39616
32194,33128,33236,33046,22425,34546,37780,36253,36018,31541,34856,36157,23702,21549,14233,18482,31036,6934,39616
32283,33004,33239,32896,25193,34546,37780,36253,36018,31541,34856,36157,23702,21549,14233,18482,31036,6934,39616
32341,33311,33226,32838,35851,34546,37780,36253,36018,31541,34856,36157,23702,21549,14233,18482,31036,6934,39616
32351,33152,33190,32804,45042,34546,37780,36253,36018,31541,34856,36157,23702,21549,14233,18482,31036,6934,39616
32466,32996,33030,32804,40006,34546,37780,36253,36018,31541,34856,36157,23702,21549,14233,18482,31036,6934,39616
32470,31840,33038,32836,21981,34546,37780,36253,36018,31541,34856,36157,23702,21549,14233,18482,31036,6934,39616
32452,31444,32666,32774,9761,34546,37780,36253,36018,31541,34856,36157,23702,21549,14233,18482,31036,6934,39616
32508,33022,32757,32773,14637,34546,37780,36253,36018,31541,34856,36157,23702,21549,14233,18482,31036,6934,39616
32608,33906,32505,32787,29140,34546,37780,36253,36018,31541,34856,36157,23702,21549,14233,18482,31036,6934,39616
32621,33655,32742,32763,21431,34162,37382,36300,36256,31304,34516,36116,23508,21556,13930,15808,29243,3223,31360
32770,33009,32512,32760,55329,34162,37382,36300,36256,31304,34516,36116,23508,21556,13930,15808,29243,3223,31360
32838,32873,32775,32876,65532,34162,37382,36300,36256,31304,34516,36116,23508,21556,13930,15808,29243,3223,31360
32922,33016,32590,32892,61399,34162,37382,36300,36256,31304,34516,36116,23508,21556,13930,15808,29243,3223,31360
32828,32253,32885,32961,41819,34162,37382,36300,36256,31304,34516,36116,23508,21556,13930,15808,29243,3223,31360
32896,31948,32928,33410,14235,34162,37382,36300,36256,31304,34516,36116,23508,21556,13930,15808,29243,3223,31360
32977,32404,32807,32929,4451,34162,37382,36300,36256,31304,34516,36116,23508,21556,13930,15808,29243,3223,31360
33080,32494,33074,32898,32548,34162,37382,36300,36256,31304,34516,36116,23508,21556,13930,15808,29243,3223,31360
33192,32775,32954,32886,38855,34162,37382,36300,36256,31304,34516,36116,23508,21556,13930,15808,29243,3223,31360
33288,33272,32922,32837,32468,34162,37382,36300,36256,31304,34516,36116,23508,21556,13930,15808,29243,3223,31360
33377,33757,32958,32923,35800,33765,37080,36226,36264,31672,34273,36434,23424,21372,14262,16962,26293,985,27760
33221,34249,32717,33055,33110,33765,37080,36226,36264,31672,34273,36434,23424,21372,14262,16962,26293,985,27760
33160,32770,32879,33048,36672,33765,37080,36226,36264,31672,34273,36434,23424,21372,14262,16962,26293,985,27760
33072,33776,32708,33078,36684,33765,37080,36226,36264,31672,34273,36434,23424,21372,14262,16962,26293,985,27760
33098,32850,32890,32984,36722,33765,37080,36226,36264,31672,34273,36434,23424,21372,14262,16962,26293,985,27760
33092,32145,32866,32936,39480,33765,37080,36226,36264,31672,34273,36434,23424,21372,14262,16962,26293,985,27760
33052,31333,32668,32880,33874,33765,37080,36226,36264,31672,34273,36434,23424,21372,14262,16962,26293,985,27760
33096,30752,32867,32997,33141,33765,37080,36226,36264,31672,34273,36434,23424,21372,14262,16962,26293,985,27760
33186,31660,32672,33263,31251,33765,37080,36226,36264,31672,34273,36434,23424,21372,14262,16962,26293,985,27760
33186,31934,32722,33279,34358,33765,37080,36226,36264,31672,34273,36434,23424,21372,14262,16962,26293,985,27760
33091,32242,32918,33319,49404,33688,36886,36216,36292,31758,34088,37314,23456,21246,15129,14375,27904,65,21276
32968,34172,32704,33417,33236,33688,36886,36216,36292,31758,34088,37314,23456,21246,15129,14375,27904,65,21276
32890,35430,32848,33544,19656,33688,36886,36216,36292,31758,34088,37314,23456,21246,15129,14375,27904,65,21276
33026,35562,32426,33613,28208,33688,36886,36216,36292,31758,34088,37314,23456,21246,15129,14375,27904,65,21276
33100,33090,32363,33606,31076,33688,36886,36216,36292,31758,34088,37314,23456,21246,15129,14375,27904,65,21276
33040,31751,32596,33737,20392,33688,36886,36216,36292,31758,34088,37314,23456,21246,15129,14375,27904,65,21276
32988,32071,32555,33932,39602,33688,36886,36216,36292,31758,34088,37314,23456,21246,15129,14375,27904,65,21276
33100,32639,32816,33929,28509,33688,36886,36216,36292,31758,34088,37314,23456,21246,15129,14375,27904,65,21276
33376,33658,32985,33984,20722,33688,36886,36216,36292,31758,34088,37314,23456,21246,15129,14375,27904,65,21276
33433,33499,32770,33886,29896,33688,36886,36216,36292,31758,34088,37314,23456,21246,15129,14375,27904,65,21276
33441,33618,32657,33929,31096,33840,36912,36472,36044,31704,34184,37408,23460,21410,16735,14549,28394,64,17105
33351,34473,32430,33973,31010,33840,36912,36472,36044,31704,34184,37408,23460,21410,16735,14549,28394,64,17105
33418,34482,32628,34016,36690,33840,36912,36472,36044,31704,34184,37408,23460,21410,16735,14549,28394,64,17105
33290,33538,32676,33722,40419,33840,36912,36472,36044,31704,34184,37408,23460,21410,16735,14549,28394,64,17105
33161,32363,32954,33530,34624,33840,36912,36472,36044,31704,34184,37408,23460,21410,16735,14549,28394,64,17105
33078,32212,32952,33039,34293,33840,36912,36472,36044,31704,34184,37408,23460,21410,16735,14549,28394,64,17105
33145,32904,33260,32524,30824,33840,36912,36472,36044,31704,34184,37408,23460,21410,16735,14549,28394,64,17105
33120,32736,33077,32033,45364,33840,36912,36472,36044,31704,34184,37408,23460,21410,16735,14549,28394,64,17105
32925,31566,33316,31729,8704,33840,36912,36472,36044,31704,34184,37408,23460,21410,16735,14549,28394,64,17105
32854,31219,33213,31601,47917,33840,36912,36472,36044,31704,34184,37408,23460,21410,16735,14549,28394,64,17105
32631,32307,33012,31388,28487,34008,36472,36176,36208,32208,34088,37114,23496,21548,18311,12347,30380,63,24277
32406,32848,32974,31184,24612,34008,36472,36176,36208,32208,34088,37114,23496,21548,18311,12347,30380,63,24277
32510,33223,32613,31256,41087,34008,36472,36176,36208,32208,34088,37114,23496,21548,18311,12347,30380,63,24277
32936,33720,32686,31386,40295,34008,36472,36176,36208,32208,34088,37114,23496,21548,18311,12347,30380,63,24277
32807,33958,32713,31534,26480,34008,36472,36176,36208,32208,34088,37114,23496,21548,18311,12347,30380,63,24277
32408,32228,32498,31671,35353,34008,36472,36176,36208,32208,34088,37114,23496,21548,18311,12347,30380,63,24277
32308,33647,32723,31997,38532,34008,36472,36176,36208,32208,34088,37114,23496,21548,18311,12347,30380,63,24277
32559,32861,32640,32004,28489,34008,36472,36176,36208,32208,34088,37114,23496,21548,18311,12347,30380,63,24277
32876,32676,32505,31770,30105,34008,36472,36176,36208,32208,34088,37114,23496,21548,18311,12347,30380,63,24277
33070,32444,32726,31405,34702,34008,36472,36176,36208,32208,34088,37114,23496,21548,18311,12347,30380,63,24277
33184,32189,32595,31288,35536,34116,36408,36188,36184,32248,34114,37300,23562,22057,19962,12955,31712,64,27808
33142,31435,32419,31208,28413,34116,36408,36188,36184,32248,34114,37300,23562,22057,19962,12955,31712,64,27808
33052,30456,32633,31112,31263,34116,36408,36188,36184,32248,34114,37300,23562,22057,19962,12955,31712,64,27808
32937,31946,32653,31008,32455,34116,36408,36188,36184,32248,34114,37300,23562,22057,19962,12955,31712,64,27808
32977,31674,32674,30861,32295,34116,36408,36188,36184,32248,34114,37300,23562,22057,19962,12955,31712,64,27808
33058,32120,32820,30799,29442,34116,36408,36188,36184,32248,34114,37300,23562,22057,19962,12955,31712,64,27808
32914,33394,32664,30843,32871,34116,36408,36188,36184,32248,34114,37300,23562,22057,19962,12955,31712,64,27808
32669,33864,32583,31012,34008,34116,36408,36188,36184,32248,34114,37300,23562,22057,19962,12955,31712,64,27808
32648,34249,32758,31260,32573,34116,36408,36188,36184,32248,34114,37300,23562,22057,19962,12955,31712,64,27808
32732,35241,32605,31647,43467,34116,36408,36188,36184,32248,34114,37300,23562,22057,19962,12955,31712,64,27808
32693,34311,32914,31961,30018,34214,36304,36152,36092,32145,34397,37099,23680,22736,20612,12462,32592,62,25098
32645,33538,32880,32245,25008,34214,36304,36152,36092,32145,34397,37099,23680,22736,20612,12462,32592,62,25098
32631,32637,32696,32554,18486,34214,36304,36152,36092,32145,34397,37099,23680,22736,20612,12462,32592,62,25098
32674,30805,32814,32746,24079,34214,36304,36152,36092,32145,34397,37099,23680,22736,20612,12462,32592,62,25098
32754,28860,32840,32997,32493,34214,36304,36152,36092,32145,34397,37099,23680,22736,20612,12462,32592,62,25098
32865,29881,32731,33070,34745,34214,36304,36152,36092,32145,34397,37099,23680,22736,20612,12462,32592,62,25098
32949,31804,33028,33278,35793,34214,36304,36152,36092,32145,34397,37099,23680,22736,20612,12462,32592,62,25098
32716,33727,32757,33189,38160,34214,36304,36152,36092,32145,34397,37099,23680,22736,20612,12462,32592,62,25098
32620,35032,32893,33345,37432,34214,36304,36152,36092,32145,34397,37099,23680,22736,20612,12462,32592,62,25098
32676,35846,32800,33075,37976,34214,36304,36152,36092,32145,34397,37099,23680,22736,20612,12462,32592,62,25098
32605,36143,32693,33302,40794,34112,36234,36372,36088,32134,34504,36861,23752,23400,21352,10886,32160,63,24044
32608,34143,32893,33269,40775,34112,36234,36372,36088,32134,34504,36861,23752,23400,21352,10886,32160,63,24044
32741,32203,32716,33260,37130,34112,36234,36372,36088,32134,34504,36861,23752,23400,21352,10886,32160,63,24044
32832,32446,32647,33548,35396,34112,36234,36372,36088,32134,34504,36861,23752,23400,21352,10886,32160,63,24044
32852,31626,32775,34066,29614,34112,36234,36372,36088,32134,34504,36861,23752,23400,21352,10886,32160,63,24044
32881,30976,32718,34500,28429,34112,36234,36372,36088,32134,34504,36861,23752,23400,21352,10886,32160,63,24044
32982,31228,32966,34975,32422,34112,36234,36372,36088,32134,34504,36861,23752,23400,21352,10886,32160,63,24044
32889,32164,32773,34948,31158,34112,36234,36372,36088,32134,34504,36861,23752,23400,21352,10886,32160,63,24044
32856,32464,32927,35023,31330,34112,36234,36372,36088,32134,34504,36861,23752,23400,21352,10886,32160,63,24044
32792,32831,32743,34977,34146,34112,36234,36372,36088,32134,34504,36861,23752,23400,21352,10886,32160,63,24044
32837,32728,32601,34855,31640,34220,36070,36288,36164,32115,34664,36832,23875,24323,21244,9212,30080,62,23184
32902,32856,32904,34669,33763,34220,36070,36288,36164,32115,34664,36832,23875,24323,21244,9212,30080,62,23184
32848,33362,32688,34400,36434,34220,36070,36288,36164,32115,34664,36832,23875,24323,21244,9212,30080,62,23184
32840,33492,32905,34110,34000,34220,36070,36288,36164,32115,34664,36832,23875,24323,21244,9212,30080,62,23184
32850,33376,32651,33770,34039,34220,36070,36288,36164,32115,34664,36832,23875,24323,21244,9212,30080,62,23184
32892,33199,32805,33628,33156,34220,36070,36288,36164,32115,34664,36832,23875,24323,21244,9212,30080,62,23184
32925,33039,32775,33482,28296,34220,36070,36288,36164,32115,34664,36832,23875,24323,21244,9212,30080,62,23184
32957,32980,32570,33181,27542,34220,36070,36288,36164,32115,34664,36832,23875,24323,21244,9212,30080,62,23184
32902,32370,32844,32981,27815,34220,36070,36288,36164,32115,34664,36832,23875,24323,21244,9212,30080,62,23184
32890,31916,32714,32820,32291,34220,36070,36288,36164,32115,34664,36832,23875,24323,21244,9212,30080,62,23184
32854,31760,32870,32674,35731,34258,35938,36040,36040,32092,34784,36968,24092,24983,22122,8228,32669,62,21948
32842,32191,32934,32283,33837,34258,35938,36040,36040,32092,34784,36968,24092,24983,22122,8228,32669,62,21948
32826,31919,32668,31559,31665,34258,35938,36040,36040,32092,34784,36968,24092,24983,22122,8228,32669,62,21948
32916,32038,32960,30960,34361,34258,35938,36040,36040,32092,34784,36968,24092,24983,22122,8228,32669,62,21948
32812,33433,32913,30300,30753,34258,35938,36040,36040,32092,34784,36968,24092,24983,22122,8228,32669,62,21948
32848,33780,32891,30141,26036,34258,35938,36040,36040,32092,34784,36968,24092,24983,22122,8228,32669,62,21948
32820,33666,32953,30240,34144,34258,35938,36040,36040,32092,34784,36968,24092,24983,22122,8228,32669,62,21948
32781,33809,32737,30255,17985,34258,35938,36040,36040,32092,34784,36968,24092,24983,22122,8228,32669,62,21948
32870,33413,33006,30117,56220,34258,35938,36040,36040,32092,34784,36968,24092,24983,22122,8228,32669,62,21948
32896,33017,32887,29786,40847,34258,35938,36040,36040,32092,34784,36968,24092,24983,22122,8228,32669,62,21948
32837,32639,32825,29936,52428,34269,35811,35873,36146,32080,34896,36865,24320,25487,22816,8102,28544,62,20772
32869,32171,32967,30278,53298,34269,35811,35873,36146,32080,34896,36865,24320,25487,22816,8102,28544,62,20772
32840,32168,32775,30521,12818,34269,35811,35873,36146,32080,34896,36865,24320,25487,22816,8102,28544,62,20772
32892,32422,33005,30830,17191,34269,35811,35873,36146,32080,34896,36865,24320,25487,22816,8102,28544,62,20772
32838,32609,32916,31486,15473,34269,35811,35873,36146,32080,34896,36865,24320,25487,22816,8102,28544,62,20772
32850,32978,32806,31931,22898,34269,35811,35873,36146,32080,34896,36865,24320,25487,22816,8102,28544,62,20772
32876,33262,32893,32234,19910,34269,35811,35873,36146,32080,34896,36865,24320,25487,22816,8102,28544,62,20772
32900,32552,32665,32568,35857,34269,35811,35873,36146,32080,34896,36865,24320,25487,22816,8102,28544,62,20772
32800,32490,32977,33018,42644,34269,35811,35873,36146,32080,34896,36865,24320,25487,22816,8102,28544,62,20772
32724,32803,32730,33298,38240,34269,35811,35873,36146,32080,34896,36865,24320,25487,22816,8102,28544,62,20772
32676,32640,32842,33834,31798,34304,35576,35732,35922,32196,35106,36652,24564,26548,23720,7217,28248,63,22330
32686,32680,32940,34276,34704,34304,35576,35732,35922,32196,35106,36652,24564,26548,23720,7217,28248,63,22330
32718,32525,32794,34343,36260,34304,35576,35732,35922,32196,35106,36652,24564,26548,23720,7217,28248,63,22330
32738,32650,32909,34276,37378,34304,35576,35732,35922,32196,35106,36652,24564,26548,23720,7217,28248,63,22330
32602,33156,32612,34123,39930,34304,35576,35732,35922,32196,35106,36652,24564,26548,23720,7217,28248,63,22330
32588,33434,32932,33979,32371,34304,35576,35732,35922,32196,35106,36652,24564,26548,23720,7217,28248,63,22330
32612,33650,32708,33746,40233,34304,35576,35732,35922,32196,35106,36652,24564,26548,23720,7217,28248,63,22330
32639,34022,32856,33426,39289,34304,35576,35732,35922,32196,35106,36652,24564,26548,23720,7217,28248,63,22330
32594,34093,32754,33249,30294,34304,35576,35732,35922,32196,35106,36652,24564,26548,23720,7217,28248,63,22330
32675,34258,32869,33087,27735,34304,35576,35732,35922,32196,35106,36652,24564,26548,23720,7217,28248,63,22330
32636,32656,32907,32948,25478,34512,35236,35388,36008,32420,35364,36988,24705,27828,25116,7488,28044,63,23876
32664,30820,32702,33100,22678,34512,35236,35388,36008,32420,35364,36988,24705,27828,25116,7488,28044,63,23876
32704,31781,33004,32922,26261,34512,35236,35388,36008,32420,35364,36988,24705,27828,25116,7488,28044,63,23876
32731,32728,32750,33060,29415,34512,35236,35388,36008,32420,35364,36988,24705,27828,25116,7488,28044,63,23876
32761,33092,32993,33252,32996,34512,35236,35388,36008,32420,35364,36988,24705,27828,25116,7488,28044,63,23876
32690,32613,32732,32999,36127,34512,35236,35388,36008,32420,35364,36988,24705,27828,25116,7488,28044,63,23876
32666,32480,33045,33007,36548,34512,35236,35388,36008,32420,35364,36988,24705,27828,25116,7488,28044,63,23876
32736,32708,32914,34024,18423,34512,35236,35388,36008,32420,35364,36988,24705,27828,25116,7488,28044,63,23876
32768,32697,32856,32911,63686,34512,35236,35388,36008,32420,35364,36988,24705,27828,25116,7488,28044,63,23876
32811,32594,32924,33007,2521,34512,35236,35388,36008,32420,35364,36988,24705,27828,25116,7488,28044,63,23876
32755,32680,32794,32658,7663,34746,35218,35168,35932,32587,35528,37188,25061,29056,28106,8917,31294,61,23034
32820,32753,32944,32965,64447,34746,35218,35168,35932,32587,35528,37188,25061,29056,28106,8917,31294,61,23034
32784,32638,32724,33078,3366,34746,35218,35168,35932,32587,35528,37188,25061,29056,28106,8917,31294,61,23034
32730,32588,32897,32356,61473,34746,35218,35168,35932,32587,35528,37188,25061,29056,28106,8917,31294,61,23034
32758,32624,32839,32672,61628,34746,35218,35168,35932,32587,35528,37188,25061,29056,28106,8917,31294,61,23034
32744,32552,32660,32772,16814,34746,35218,35168,35932,32587,35528,37188,25061,29056,28106,8917,31294,61,23034
32672,32620,32816,32803,47993,34746,35218,35168,35932,32587,35528,37188,25061,29056,28106,8917,31294,61,23034
32775,32705,32824,32942,21365,34746,35218,35168,35932,32587,35528,37188,25061,29056,28106,8917,31294,61,23034
32788,32963,32664,33132,41369,34746,35218,35168,35932,32587,35528,37188,25061,29056,28106,8917,31294,61,23034
32721,33106,32976,33506,3768,34746,35218,35168,35932,32587,35528,37188,25061,29056,28106,8917,31294,61,23034
32745,33158,32744,33008,29720,34780,34848,35184,35792,32886,35344,37320,25450,30482,30340,11568,30692,61,25152
32775,33287,32828,32967,22001,34780,34848,35184,35792,32886,35344,37320,25450,30482,30340,11568,30692,61,25152
32728,33533,32793,32815,43492,34780,34848,35184,35792,32886,35344,37320,25450,30482,30340,11568,30692,61,25152
32758,33865,32651,32682,40231,34780,34848,35184,35792,32886,35344,37320,25450,30482,30340,11568,30692,61,25152
32737,33682,32804,32537,41164,34780,34848,35184,35792,32886,35344,37320,25450,30482,30340,11568,30692,61,25152
32728,31455,32582,32682,34901,34780,34848,35184,35792,32886,35344,37320,25450,30482,30340,11568,30692,61,25152
32726,32047,32903,32694,32950,34780,34848,35184,35792,32886,35344,37320,25450,30482,30340,11568,30692,61,25152
32840,31990,32848,32930,41224,34780,34848,35184,35792,32886,35344,37320,25450,30482,30340,11568,30692,61,25152
32932,32559,32694,33097,20897,34780,34848,35184,35792,32886,35344,37320,25450,30482,30340,11568,30692,61,25152
32852,32583,32894,33077,31629,34780,34848,35184,35792,32886,35344,37320,25450,30482,30340,11568,30692,61,25152
32876,32128,32691,33133,27805,34928,34802,35168,35592,32852,35448,37594,25673,31453,31792,11709,26744,62,25224
32819,31912,32909,33092,34454,34928,34802,35168,35592,32852,35448,37594,25673,31453,31792,11709,26744,62,25224
32775,32694,32719,33166,36871,34928,34802,35168,35592,32852,35448,37594,25673,31453,31792,11709,26744,62,25224
32846,33504,32843,33043,35920,34928,34802,35168,35592,32852,35448,37594,25673,31453,31792,11709,26744,62,25224
32920,33462,32869,33015,34402,34928,34802,35168,35592,32852,35448,37594,25673,31453,31792,11709,26744,62,25224
32860,33122,32737,32989,32917,34928,34802,35168,35592,32852,35448,37594,25673,31453,31792,11709,26744,62,25224
32835,33193,32871,32949,25390,34928,34802,35168,35592,32852,35448,37594,25673,31453,31792,11709,26744,62,25224
32792,33267,32605,33084,35333,34928,34802,35168,35592,32852,35448,37594,25673,31453,31792,11709,26744,62,25224
32827,33328,32783,33245,36207,34928,34802,35168,35592,32852,35448,37594,25673,31453,31792,11709,26744,62,25224
32802,32775,32614,33423,31461,34928,34802,35168,35592,32852,35448,37594,25673,31453,31792,11709,26744,62,25224
32815,32796,32817,33333,32484,35012,34640,35068,35448,32924,35584,37544,26136,32484,33424,12752,28758,61,25668
32809,32930,32598,33220,36127,35012,34640,35068,35448,32924,35584,37544,26136,32484,33424,12752,28758,61,25668
32832,32839,32905,33082,33972,35012,34640,35068,35448,32924,35584,37544,26136,32484,33424,12752,28758,61,25668
32810,32653,32600,32949,32282,35012,34640,35068,35448,32924,35584,37544,26136,32484,33424,12752,28758,61,25668
32900,31724,32848,33020,30957,35012,34640,35068,35448,32924,35584,37544,26136,32484,33424,12752,28758,61,25668
32852,31417,32638,33142,28653,35012,34640,35068,35448,32924,35584,37544,26136,32484,33424,12752,28758,61,25668
32847,31282,32612,33160,21808,35012,34640,35068,35448,32924,35584,37544,26136,32484,33424,12752,28758,61,25668
32813,32258,32756,33062,31975,35012,34640,35068,35448,32924,35584,37544,26136,32484,33424,12752,28758,61,25668
32888,33462,32602,32956,29790,35012,34640,35068,35448,32924,35584,37544,26136,32484,33424,12752,28758,61,25668
32864,33975,32790,32924,33434,35012,34640,35068,35448,32924,35584,37544,26136,32484,33424,12752,28758,61,25668
32804,34236,32672,32892,40015,35306,34484,34808,35452,33124,35728,37424,26457,33176,35040,12324,25252,61,23404
32889,33040,32756,33012,33106,35306,34484,34808,35452,33124,35728,37424,26457,33176,35040,12324,25252,61,23404
32804,32058,32772,32914,35964,35306,34484,34808,35452,33124,35728,37424,26457,33176,35040,12324,25252,61,23404
32794,31956,32592,32964,26724,35306,34484,34808,35452,33124,35728,37424,26457,33176,35040,12324,25252,61,23404
32812,32072,32800,32896,35887,35306,34484,34808,35452,33124,35728,37424,26457,33176,35040,12324,25252,61,23404
32784,32661,32476,32950,32272,35306,34484,34808,35452,33124,35728,37424,26457,33176,35040,12324,25252,61,23404
32772,32908,32664,32921,33838,35306,34484,34808,35452,33124,35728,37424,26457,33176,35040,12324,25252,61,23404
32848,33292,32473,32878,30980,35306,34484,34808,35452,33124,35728,37424,26457,33176,35040,12324,25252,61,23404
32834,34164,32852,32928,33712,35306,34484,34808,35452,33124,35728,37424,26457,33176,35040,12324,25252,61,23404
32896,34112,32628,32920,30731,35306,34484,34808,35452,33124,35728,37424,26457,33176,35040,12324,25252,61,23404
32838,33147,32873,32903,41668,35404,34424,34688,35304,33366,36228,37453,26856,34026,37816,12968,26420,60,22279
32835,32536,32719,32775,39698,35404,34424,34688,35304,33366,36228,37453,26856,34026,37816,12968,26420,60,22279
32937,32156,32957,32670,37584,35404,34424,34688,35304,33366,36228,37453,26856,34026,37816,12968,26420,60,22279
32928,32229,32886,32568,28834,35404,34424,34688,35304,33366,36228,37453,26856,34026,37816,12968,26420,60,22279
32976,32602,32784,32637,15198,35404,34424,34688,35304,33366,36228,37453,26856,34026,37816,12968,26420,60,22279
32798,32801,32899,32820,22800,35404,34424,34688,35304,33366,36228,37453,26856,34026,37816,12968,26420,60,22279
32750,32937,32708,32850,28701,35404,34424,34688,35304,33366,36228,37453,26856,34026,37816,12968,26420,60,22279
32687,32924,32972,32813,36159,35404,34424,34688,35304,33366,36228,37453,26856,34026,37816,12968,26420,60,22279
32612,32880,33001,32706,37140,35404,34424,34688,35304,33366,36228,37453,26856,34026,37816,12968,26420,60,22279
32580,32677,33269,32652,28321,35404,34424,34688,35304,33366,36228,37453,26856,34026,37816,12968,26420,60,22279
32642,32722,33136,32832,29473,35624,34222,34620,35200,33794,36608,37412,27368,35528,37776,13357,25520,62,21183
32712,32871,33106,32890,39224,35624,34222,34620,35200,33794,36608,37412,27368,35528,37776,13357,25520,62,21183
32632,33051,32954,32928,57408,35624,34222,34620,35200,33794,36608,37412,27368,35528,37776,13357,25520,62,21183
32494,33013,32204,32989,30812,35624,34222,34620,35200,33794,36608,37412,27368,35528,37776,13357,25520,62,21183
32590,33090,32288,33038,11515,35624,34222,34620,35200,33794,36608,37412,27368,35528,37776,13357,25520,62,21183
32645,33494,32558,33044,37529,35624,34222,34620,35200,33794,36608,37412,27368,35528,37776,13357,25520,62,21183
32728,33245,32834,32994,35463,35624,34222,34620,35200,33794,36608,37412,27368,35528,37776,13357,25520,62,21183
32758,33029,32966,32944,28524,35624,34222,34620,35200,33794,36608,37412,27368,35528,37776,13357,25520,62,21183
32771,32935,32786,32864,40364,35624,34222,34620,35200,33794,36608,37412,27368,35528,37776,13357,25520,62,21183
32726,32878,32931,32898,40138,35624,34222,34620,35200,33794,36608,37412,27368,35528,37776,13357,25520,62,21183
32700,32840,32899,32853,26188,35788,34300,34368,35072,34272,36760,37312,27808,35564,39705,12808,22836,60,22828
32748,32954,32879,32851,34972,35788,34300,34368,35072,34272,36760,37312,27808,35564,39705,12808,22836,60,22828
32792,33120,32919,32850,28300,35788,34300,34368,35072,34272,36760,37312,27808,35564,39705,12808,22836,60,22828
32775,33161,32794,32907,36495,35788,34300,34368,35072,34272,36760,37312,27808,35564,39705,12808,22836,60,22828
32872,32444,32843,32892,30083,35788,34300,34368,35072,34272,36760,37312,27808,35564,39705,12808,22836,60,22828
33016,32365,32775,32812,26298,35788,34300,34368,35072,34272,36760,37312,27808,35564,39705,12808,22836,60,22828
33076,32702,32980,32796,33098,35788,34300,34368,35072,34272,36760,37312,27808,35564,39705,12808,22836,60,22828
33068,32644,32786,32807,33080,35788,34300,34368,35072,34272,36760,37312,27808,35564,39705,12808,22836,60,22828
33076,31876,33067,32800,32876,35788,34300,34368,35072,34272,36760,37312,27808,35564,39705,12808,22836,60,22828
33000,32114,32866,32894,36386,35788,34300,34368,35072,34272,36760,37312,27808,35564,39705,12808,22836,60,22828
32792,32810,33128,32826,33020,35985,34451,33942,34708,34568,36898,37253,28368,36668,38770,12277,24196,61,27361
32664,33024,32760,32851,31638,35985,34451,33942,34708,34568,36898,37253,28368,36668,38770,12277,24196,61,27361
32634,33177,32881,32841,30432,35985,34451,33942,34708,34568,36898,37253,28368,36668,38770,12277,24196,61,27361
32685,33170,32780,32863,34951,35985,34451,33942,34708,34568,36898,37253,28368,36668,38770,12277,24196,61,27361
32796,33186,32700,32835,32548,35985,34451,33942,34708,34568,36898,37253,28368,36668,38770,12277,24196,61,27361
32838,33192,32900,32846,32378,35985,34451,33942,34708,34568,36898,37253,28368,36668,38770,12277,24196,61,27361
32840,33155,32935,32929,34706,35985,34451,33942,34708,34568,36898,37253,28368,36668,38770,12277,24196,61,27361
32968,32981,33068,32846,34533,35985,34451,33942,34708,34568,36898,37253,28368,36668,38770,12277,24196,61,27361
33140,32702,32901,32806,32212,35985,34451,33942,34708,34568,36898,37253,28368,36668,38770,12277,24196,61,27361
33210,32382,33010,32797,31556,35985,34451,33942,34708,34568,36898,37253,28368,36668,38770,12277,24196,61,27361
33176,32414,32790,32661,33202,36240,33996,33588,34716,34338,37180,37016,28792,36756,36167,12956,20718,62,31641
33142,32291,33092,32702,31157,36240,33996,33588,34716,34338,37180,37016,28792,36756,36167,12956,20718,62,31641
33168,32439,32948,32693,32059,36240,33996,33588,34716,34338,37180,37016,28792,36756,36167,12956,20718,62,31641
32920,32697,32994,32798,33799,36240,33996,33588,34716,34338,37180,37016,28792,36756,36167,12956,20718,62,31641
32684,32816,32844,32697,32476,36240,33996,33588,34716,34338,37180,37016,28792,36756,36167,12956,20718,62,31641
32724,32676,32654,32681,35360,36240,33996,33588,34716,34338,37180,37016,28792,36756,36167,12956,20718,62,31641
32624,33106,32981,32661,34583,36240,33996,33588,34716,34338,37180,37016,28792,36756,36167,12956,20718,62,31641
32507,33402,32664,32747,33202,36240,33996,33588,34716,34338,37180,37016,28792,36756,36167,12956,20718,62,31641
32559,33479,32892,32760,33791,36240,33996,33588,34716,34338,37180,37016,28792,36756,36167,12956,20718,62,31641
32526,33358,32901,32732,29266,36240,33996,33588,34716,34338,37180,37016,28792,36756,36167,12956,20718,62,31641
32452,32903,32733,32630,32799,36200,34149,32996,34536,33956,37448,36476,29260,37020,35274,15306,18973,61,32492
32389,32835,32799,32640,34560,36200,34149,32996,34536,33956,37448,36476,29260,37020,35274,15306,18973,61,32492
32423,33114,32469,32717,33840,36200,34149,32996,34536,33956,37448,36476,29260,37020,35274,15306,18973,61,32492
32292,32684,32495,32752,30422,36200,34149,32996,34536,33956,37448,36476,29260,37020,35274,15306,18973,61,32492
32458,32182,32873,32672,34086,36200,34149,32996,34536,33956,37448,36476,29260,37020,35274,15306,18973,61,32492
32494,32167,32588,32580,37989,36200,34149,32996,34536,33956,37448,36476,29260,37020,35274,15306,18973,61,32492
32552,32408,32587,32547,28870,36200,34149,32996,34536,33956,37448,36476,29260,37020,35274,15306,18973,61,32492
32501,32379,31701,32573,32153,36200,34149,32996,34536,33956,37448,36476,29260,37020,35274,15306,18973,61,32492
32500,32543,31030,32586,34539,36200,34149,32996,34536,33956,37448,36476,29260,37020,35274,15306,18973,61,32492
32548,32372,30884,32640,29699,36200,34149,32996,34536,33956,37448,36476,29260,37020,35274,15306,18973,61,32492
32570,32598,31198,32726,31593,36116,34825,32644,34380,33562,37720,35736,29749,37108,36020,19081,17728,64,34912
32540,33799,31728,32706,32846,36116,34825,32644,34380,33562,37720,35736,29749,37108,36020,19081,17728,64,34912
32524,33824,32287,32892,32434,36116,34825,32644,34380,33562,37720,35736,29749,37108,36020,19081,17728,64,34912
32533,33346,32882,32884,33195,36116,34825,32644,34380,33562,37720,35736,29749,37108,36020,19081,17728,64,34912
32535,32617,33192,32740,33186,36116,34825,32644,34380,33562,37720,35736,29749,37108,36020,19081,17728,64,34912
32566,32164,33135,32688,33442,36116,34825,32644,34380,33562,37720,35736,29749,37108,36020,19081,17728,64,34912
32435,31769,33270,32663,32869,36116,34825,32644,34380,33562,37720,35736,29749,37108,36020,19081,17728,64,34912
32410,32892,33330,32669,34063,36116,34825,32644,34380,33562,37720,35736,29749,37108,36020,19081,17728,64,34912
32367,32810,33104,32688,33550,36116,34825,32644,34380,33562,37720,35736,29749,37108,36020,19081,17728,64,34912
32469,32921,33421,32742,34100,36116,34825,32644,34380,33562,37720,35736,29749,37108,36020,19081,17728,64,34912
32508,33304,32668,32720,35633,36060,36308,32122,34284,33434,37804,35568,30184,35692,35104,17553,16937,2183,33068
32472,33400,32795,32698,37102,36060,36308,32122,34284,33434,37804,35568,30184,35692,35104,17553,16937,2183,33068
32514,33753,33058,32594,37300,36060,36308,32122,34284,33434,37804,35568,30184,35692,35104,17553,16937,2183,33068
32584,33856,33225,32666,34251,36060,36308,32122,34284,33434,37804,35568,30184,35692,35104,17553,16937,2183,33068
32596,33350,33302,32768,26976,36060,36308,32122,34284,33434,37804,35568,30184,35692,35104,17553,16937,2183,33068
32580,32762,33423,32792,28133,36060,36308,32122,34284,33434,37804,35568,30184,35692,35104,17553,16937,2183,33068
32768,32598,33753,32812,24066,36060,36308,32122,34284,33434,37804,35568,30184,35692,35104,17553,16937,2183,33068
32777,31353,33317,32907,33586,36060,36308,32122,34284,33434,37804,35568,30184,35692,35104,17553,16937,2183,33068
32687,30596,33264,32953,30364,36060,36308,32122,34284,33434,37804,35568,30184,35692,35104,17553,16937,2183,33068
32902,31333,32995,32954,33280,36060,36308,32122,34284,33434,37804,35568,30184,35692,35104,17553,16937,2183,33068
33144,32061,33462,32901,37350,35776,37524,31488,34132,33517,37628,35832,30578,34144,32156,14313,16782,6431,30052
33210,32157,33142,32841,25820,35776,37524,31488,34132,33517,37628,35832,30578,34144,32156,14313,16782,6431,30052
33229,32012,33268,32775,27792,35776,37524,31488,34132,33517,37628,35832,30578,34144,32156,14313,16782,6431,30052
33101,32327,32911,32640,39605,35776,37524,31488,34132,33517,37628,35832,30578,34144,32156,14313,16782,6431,30052
32996,32980,33193,32554,41622,35776,37524,31488,34132,33517,37628,35832,30578,34144,32156,14313,16782,6431,30052
32892,33463,33665,32795,38264,35776,37524,31488,34132,33517,37628,35832,30578,34144,32156,14313,16782,6431,30052
33024,33099,32757,32987,39540,35776,37524,31488,34132,33517,37628,35832,30578,34144,32156,14313,16782,6431,30052
32630,33057,30445,33095,18003,35776,37524,31488,34132,33517,37628,35832,30578,34144,32156,14313,16782,6431,30052
32469,34097,30841,32900,23709,35776,37524,31488,34132,33517,37628,35832,30578,34144,32156,14313,16782,6431,30052
32134,33440,30736,32739,42433,35776,37524,31488,34132,33517,37628,35832,30578,34144,32156,14313,16782,6431,30052
32101,32995,31581,32645,43496,35001,38448,29906,34088,33732,37332,35616,30952,32720,24630,10717,16424,12156,35536
32058,33091,32348,32520,34755,35001,38448,29906,34088,33732,37332,35616,30952,32720,24630,10717,16424,12156,35536
32368,32164,33119,32514,28327,35001,38448,29906,34088,33732,37332,35616,30952,32720,24630,10717,16424,12156,35536
32628,33404,33384,32516,29953,35001,38448,29906,34088,33732,37332,35616,30952,32720,24630,10717,16424,12156,35536
32910,33369,33860,32607,31906,35001,38448,29906,34088,33732,37332,35616,30952,32720,24630,10717,16424,12156,35536
33127,32736,34128,32710,35482,35001,38448,29906,34088,33732,37332,35616,30952,32720,24630,10717,16424,12156,35536
33130,31905,32268,32692,32263,35001,38448,29906,34088,33732,37332,35616,30952,32720,24630,10717,16424,12156,35536
33296,32462,31868,32750,34161,35001,38448,29906,34088,33732,37332,35616,30952,32720,24630,10717,16424,12156,35536
33096,32841,32934,32708,29110,35001,38448,29906,34088,33732,37332,35616,30952,32720,24630,10717,16424,12156,35536
32896,32775,34213,32665,28644,35001,38448,29906,34088,33732,37332,35616,30952,32720,24630,10717,16424,12156,35536
32646,32814,33876,32634,33058,33738,39194,27524,34020,33672,36680,35392,31314,29800,18945,14995,17106,19135,32076
32566,32762,34032,32562,42802,33738,39194,27524,34020,33672,36680,35392,31314,29800,18945,14995,17106,19135,32076
32696,32807,33716,32494,31997,33738,39194,27524,34020,33672,36680,35392,31314,29800,18945,14995,17106,19135,32076
32684,33076,33961,32440,30200,33738,39194,27524,34020,33672,36680,35392,31314,29800,18945,14995,17106,19135,32076
32516,33514,33885,32455,34757,33738,39194,27524,34020,33672,36680,35392,31314,29800,18945,14995,17106,19135,32076
32282,33062,33305,32580,31497,33738,39194,27524,34020,33672,36680,35392,31314,29800,18945,14995,17106,19135,32076
32358,33096,33456,32676,30962,33738,39194,27524,34020,33672,36680,35392,31314,29800,18945,14995,17106,19135,32076
32342,32944,32929,32790,31367,33738,39194,27524,34020,33672,36680,35392,31314,29800,18945,14995,17106,19135,32076
32436,32976,32894,32790,34254,33738,39194,27524,34020,33672,36680,35392,31314,29800,18945,14995,17106,19135,32076
32196,33076,32845,32808,32263,33738,39194,27524,34020,33672,36680,35392,31314,29800,18945,14995,17106,19135,32076
32384,32929,32518,32888,31869,32324,40652,23825,33945,32908,35380,35848,31608,25808,23857,30625,19880,25892,29808
32704,32820,32647,32875,35994,32324,40652,23825,33945,32908,35380,35848,31608,25808,23857,30625,19880,25892,29808
32842,33294,33226,32747,35012,32324,40652,23825,33945,32908,35380,35848,31608,25808,23857,30625,19880,25892,29808
32650,33019,33744,32752,34360,32324,40652,23825,33945,32908,35380,35848,31608,25808,23857,30625,19880,25892,29808
32652,32321,33381,32808,31119,32324,40652,23825,33945,32908,35380,35848,31608,25808,23857,30625,19880,25892,29808
32878,31718,33791,32922,30660,32324,40652,23825,33945,32908,35380,35848,31608,25808,23857,30625,19880,25892,29808
33014,31569,33588,32952,34676,32324,40652,23825,33945,32908,35380,35848,31608,25808,23857,30625,19880,25892,29808
32864,31061,33287,32869,32405,32324,40652,23825,33945,32908,35380,35848,31608,25808,23857,30625,19880,25892,29808
33036,30564,32995,32915,31844,32324,40652,23825,33945,32908,35380,35848,31608,25808,23857,30625,19880,25892,29808
33192,31540,32740,32718,35000,32324,40652,23825,33945,32908,35380,35848,31608,25808,23857,30625,19880,25892,29808
33149,32478,33023,32698,33901,31021,39600,24100,33874,32034,34053,31240,31902,23176,32612,47786,17852,44376,48588
32922,32896,32992,32691,38086,31021,39600,24100,33874,32034,34053,31240,31902,23176,32612,47786,17852,44376,48588
33000,33507,32686,32716,26831,31021,39600,24100,33874,32034,34053,31240,31902,23176,32612,47786,17852,44376,48588
32906,33739,32916,32672,32308,31021,39600,24100,33874,32034,34053,31240,31902,23176,32612,47786,17852,44376,48588
32769,33391,32485,32681,28215,31021,39600,24100,33874,32034,34053,31240,31902,23176,32612,47786,17852,44376,48588
32652,33351,32396,32610,34249,31021,39600,24100,33874,32034,34053,31240,31902,23176,32612,47786,17852,44376,48588
32752,33690,32371,32492,30320,31021,39600,24100,33874,32034,34053,31240,31902,23176,32612,47786,17852,44376,48588
32560,33532,32249,32427,27558,31021,39600,24100,33874,32034,34053,31240,31902,23176,32612,47786,17852,44376,48588
32194,33158,32386,32533,37725,31021,39600,24100,33874,32034,34053,31240,31902,23176,32612,47786,17852,44376,48588
31487,31844,32036,32684,33456,31021,39600,24100,33874,32034,34053,31240,31902,23176,32612,47786,17852,44376,48588
31572,33864,32634,32720,33245,30484,39442,23905,33920,30736,35784,30916,32036,21714,52100,39628,20729,58148,46104
31908,35745,32476,32786,31912,30484,39442,23905,33920,30736,35784,30916,32036,21714,52100,39628,20729,58148,46104
31878,35012,31738,33055,33841,30484,39442,23905,33920,30736,35784,30916,32036,21714,52100,39628,20729,58148,46104
32128,32879,31936,33036,31749,30484,39442,23905,33920,30736,35784,30916,32036,21714,52100,39628,20729,58148,46104
32710,32506,32329,32775,36620,30484,39442,23905,33920,30736,35784,30916,32036,21714,52100,39628,20729,58148,46104
33212,33214,32630,32600,29716,30484,39442,23905,33920,30736,35784,30916,32036,21714,52100,39628,20729,58148,46104
33286,31536,33191,32711,31957,30484,39442,23905,33920,30736,35784,30916,32036,21714,52100,39628,20729,58148,46104
33366,31057,31996,32882,36132,30484,39442,23905,33920,30736,35784,30916,32036,21714,52100,39628,20729,58148,46104
33358,31489,31554,32998,35709,30484,39442,23905,33920,30736,35784,30916,32036,21714,52100,39628,20729,58148,46104
33538,31977,32379,32797,34915,30484,39442,23905,33920,30736,35784,30916,32036,21714,52100,39628,20729,58148,46104
33420,34042,32639,32770,35517,32216,38496,29248,34116,29176,36384,34016,31986,24998,36325,42697,24212,60980,31922
33160,34755,32954,32827,29853,32216,38496,29248,34116,29176,36384,34016,31986,24998,36325,42697,24212,60980,31922
33060,33767,33364,32664,30791,32216,38496,29248,34116,29176,36384,34016,31986,24998,36325,42697,24212,60980,31922
33060,32497,33872,32567,30276,32216,38496,29248,34116,29176,36384,34016,31986,24998,36325,42697,24212,60980,31922
33250,31888,33210,32477,30652,32216,38496,29248,34116,29176,36384,34016,31986,24998,36325,42697,24212,60980,31922
33485,32130,32730,32492,32653,32216,38496,29248,34116,29176,36384,34016,31986,24998,36325,42697,24212,60980,31922
33656,32507,32069,32472,33212,32216,38496,29248,34116,29176,36384,34016,31986,24998,36325,42697,24212,60980,31922
33516,31181,32074,32584,35016,32216,38496,29248,34116,29176,36384,34016,31986,24998,36325,42697,24212,60980,31922
33432,29348,32109,32519,35318,32216,38496,29248,34116,29176,36384,34016,31986,24998,36325,42697,24212,60980,31922
33204,30714,32357,32480,34784,32216,38496,29248,34116,29176,36384,34016,31986,24998,36325,42697,24212,60980,31922
33306,32356,32812,32378,28108,31728,36672,30704,33966,29848,36258,35756,31980,25852,43252,38938,27540,63624,27240
33240,32598,33184,32529,28329,31728,36672,30704,33966,29848,36258,35756,31980,25852,43252,38938,27540,63624,27240
33405,32489,33128,32710,29246,31728,36672,30704,33966,29848,36258,35756,31980,25852,43252,38938,27540,63624,27240
33631,32978,32535,32718,31166,31728,36672,30704,33966,29848,36258,35756,31980,25852,43252,38938,27540,63624,27240
33742,33353,33160,32823,33316,31728,36672,30704,33966,29848,36258,35756,31980,25852,43252,38938,27540,63624,27240
33624,31076,32727,32915,31296,31728,36672,30704,33966,29848,36258,35756,31980,25852,43252,38938,27540,63624,27240
33378,32255,32301,32721,33181,31728,36672,30704,33966,29848,36258,35756,31980,25852,43252,38938,27540,63624,27240
33217,32750,32148,32356,35563,31728,36672,30704,33966,29848,36258,35756,31980,25852,43252,38938,27540,63624,27240
33169,33647,32194,32252,35472,31728,36672,30704,33966,29848,36258,35756,31980,25852,43252,38938,27540,63624,27240
32992,34327,32515,32128,30843,31728,36672,30704,33966,29848,36258,35756,31980,25852,43252,38938,27540,63624,27240
32740,35046,32219,32339,29254,31868,36512,33376,34112,30702,35621,36404,31920,24064,39960,39414,26405,60516,26136
32560,35584,31735,32456,30342,31868,36512,33376,34112,30702,35621,36404,31920,24064,39960,39414,26405,60516,26136
32512,35463,31973,32775,32843,31868,36512,33376,34112,30702,35621,36404,31920,24064,39960,39414,26405,60516,26136
32638,33264,32236,33218,27173,31868,36512,33376,34112,30702,35621,36404,31920,24064,39960,39414,26405,60516,26136
32786,30266,32775,33415,34956,31868,36512,33376,34112,30702,35621,36404,31920,24064,39960,39414,26405,60516,26136
32544,29762,33042,33542,39468,31868,36512,33376,34112,30702,35621,36404,31920,24064,39960,39414,26405,60516,26136
32194,32768,32796,33332,15532,31868,36512,33376,34112,30702,35621,36404,31920,24064,39960,39414,26405,60516,26136
31677,33606,32395,33090,32164,31868,36512,33376,34112,30702,35621,36404,31920,24064,39960,39414,26405,60516,26136
31744,31849,32180,32879,28945,31868,36512,33376,34112,30702,35621,36404,31920,24064,39960,39414,26405,60516,26136
31352,31152,32386,32702,22436,31868,36512,33376,34112,30702,35621,36404,31920,24064,39960,39414,26405,60516,26136
31318,31696,32788,32729,32938,30740,34746,35056,34116,31792,35378,36334,31874,25296,39166,33965,27557,57268,19020
32166,31190,32914,32914,46326,30740,34746,35056,34116,31792,35378,36334,31874,25296,39166,33965,27557,57268,19020
32772,28413,33172,32847,34452,30740,34746,35056,34116,31792,35378,36334,31874,25296,39166,33965,27557,57268,19020
32813,28853,32955,32568,41599,30740,34746,35056,34116,31792,35378,36334,31874,25296,39166,33965,27557,57268,19020
32656,32382,32326,32531,31307,30740,34746,35056,34116,31792,35378,36334,31874,25296,39166,33965,27557,57268,19020
32530,33396,32268,32723,25442,30740,34746,35056,34116,31792,35378,36334,31874,25296,39166,33965,27557,57268,19020
32488,34406,32201,32818,31081,30740,34746,35056,34116,31792,35378,36334,31874,25296,39166,33965,27557,57268,19020
32393,35629,32128,32829,20468,30740,34746,35056,34116,31792,35378,36334,31874,25296,39166,33965,27557,57268,19020
32466,35527,32366,32819,34982,30740,34746,35056,34116,31792,35378,36334,31874,25296,39166,33965,27557,57268,19020
32610,34501,32425,33058,32096,30740,34746,35056,34116,31792,35378,36334,31874,25296,39166,33965,27557,57268,19020
32641,32790,32596,33184,43269,30384,32968,37128,34040,34396,36952,32866,31722,30349,44400,28841,27220,55804,15124
32604,32782,32808,33034,29655,30384,32968,37128,34040,34396,36952,32866,31722,30349,44400,28841,27220,55804,15124
32704,33622,32818,32796,53127,30384,32968,37128,34040,34396,36952,32866,31722,30349,44400,28841,27220,55804,15124
32644,33095,33157,32510,42088,30384,32968,37128,34040,34396,36952,32866,31722,30349,44400,28841,27220,55804,15124
32641,33188,33546,32374,26898,30384,32968,37128,34040,34396,36952,32866,31722,30349,44400,28841,27220,55804,15124
32845,34654,33451,32452,50777,30384,32968,37128,34040,34396,36952,32866,31722,30349,44400,28841,27220,55804,15124
33096,34386,33509,32535,25952,30384,32968,37128,34040,34396,36952,32866,31722,30349,44400,28841,27220,55804,15124
33272,35605,33679,32510,29296,30384,32968,37128,34040,34396,36952,32866,31722,30349,44400,28841,27220,55804,15124
33390,37006,33403,32722,33353,30384,32968,37128,34040,34396,36952,32866,31722,30349,44400,28841,27220,55804,15124
33310,38020,33014,32958,29814,30384,32968,37128,34040,34396,36952,32866,31722,30349,44400,28841,27220,55804,15124
33062,34488,32804,32968,37008,32765,34940,38456,33800,38500,41776,28354,31698,36621,50300,16569,26433,43864,15034
32774,32250,32467,32870,26348,32765,34940,38456,33800,38500,41776,28354,31698,36621,50300,16569,26433,43864,15034
32804,32658,32738,32908,55640,32765,34940,38456,33800,38500,41776,28354,31698,36621,50300,16569,26433,43864,15034
32992,32456,32697,33240,4653,32765,34940,38456,33800,38500,41776,28354,31698,36621,50300,16569,26433,43864,15034
33068,32613,33088,33307,30556,32765,34940,38456,33800,38500,41776,28354,31698,36621,50300,16569,26433,43864,15034
32692,32644,33262,33086,29893,32765,34940,38456,33800,38500,41776,28354,31698,36621,50300,16569,26433,43864,15034
32122,30503,32648,33016,40417,32765,34940,38456,33800,38500,41776,28354,31698,36621,50300,16569,26433,43864,15034
31858,25932,32933,33109,19707,32765,34940,38456,33800,38500,41776,28354,31698,36621,50300,16569,26433,43864,15034
32076,25816,32596,32732,30764,32765,34940,38456,33800,38500,41776,28354,31698,36621,50300,16569,26433,43864,15034
32364,29937,32301,32484,40146,32765,34940,38456,33800,38500,41776,28354,31698,36621,50300,16569,26433,43864,15034
32685,33401,31908,32812,39734,37552,40836,36436,33510,39508,44293,32064,31744,42092,56620,7780,25429,50709,10267
32932,35316,32243,32937,17933,37552,40836,36436,33510,39508,44293,32064,31744,42092,56620,7780,25429,50709,10267
32800,35767,33058,32798,17922,37552,40836,36436,33510,39508,44293,32064,31744,42092,56620,7780,25429,50709,10267
32504,35538,33499,32561,47498,37552,40836,36436,33510,39508,44293,32064,31744,42092,56620,7780,25429,50709,10267
32312,34150,34244,32440,28046,37552,40836,36436,33510,39508,44293,32064,31744,42092,56620,7780,25429,50709,10267
32153,31845,35221,32810,41777,37552,40836,36436,33510,39508,44293,32064,31744,42092,56620,7780,25429,50709,10267
31962,32953,34209,32829,39336,37552,40836,36436,33510,39508,44293,32064,31744,42092,56620,7780,25429,50709,10267
31992,35395,32915,32848,31138,37552,40836,36436,33510,39508,44293,32064,31744,42092,56620,7780,25429,50709,10267
31880,37005,33158,32969,26752,37552,40836,36436,33510,39508,44293,32064,31744,42092,56620,7780,25429,50709,10267
31918,32314,34164,33089,30383,37552,40836,36436,33510,39508,44293,32064,31744,42092,56620,7780,25429,50709,10267
31833,31674,33972,33088,50695,41060,47184,33674,33260,34192,42272,36036,31776,43452,58501,11846,27308,44032,4899
31488,32980,33639,32989,8949,41060,47184,33674,33260,34192,42272,36036,31776,43452,58501,11846,27308,44032,4899
31573,31020,33373,32959,53883,41060,47184,33674,33260,34192,42272,36036,31776,43452,58501,11846,27308,44032,4899
31824,32396,32842,32786,27060,41060,47184,33674,33260,34192,42272,36036,31776,43452,58501,11846,27308,44032,4899
32282,33904,32947,32544,10294,41060,47184,33674,33260,34192,42272,36036,31776,43452,58501,11846,27308,44032,4899
32574,34517,32783,32578,41998,41060,47184,33674,33260,34192,42272,36036,31776,43452,58501,11846,27308,44032,4899
32724,34057,32920,32943,995,41060,47184,33674,33260,34192,42272,36036,31776,43452,58501,11846,27308,44032,4899
32757,33608,32860,33126,61570,41060,47184,33674,33260,34192,42272,36036,31776,43452,58501,11846,27308,44032,4899
32957,33227,32585,33124,30151,41060,47184,33674,33260,34192,42272,36036,31776,43452,58501,11846,27308,44032,4899
33096,33186,31751,33144,6363,41060,47184,33674,33260,34192,42272,36036,31776,43452,58501,11846,27308,44032,4899
33036,33012,30834,33245,21928,39796,45504,32321,33136,35148,40340,33616,31700,39032,24652,24032,29382,47728,14408
32850,32553,30926,33300,63088,39796,45504,32321,33136,35148,40340,33616,31700,39032,24652,24032,29382,47728,14408
33268,32208,31638,33138,2040,39796,45504,32321,33136,35148,40340,33616,31700,39032,24652,24032,29382,47728,14408
33689,31863,31913,33104,50137,39796,45504,32321,33136,35148,40340,33616,31700,39032,24652,24032,29382,47728,14408
34326,31706,32868,33040,50033,39796,45504,32321,33136,35148,40340,33616,31700,39032,24652,24032,29382,47728,14408
34560,31420,33200,32932,15786,39796,45504,32321,33136,35148,40340,33616,31700,39032,24652,24032,29382,47728,14408
34400,31305,32501,32800,40738,39796,45504,32321,33136,35148,40340,33616,31700,39032,24652,24032,29382,47728,14408
34145,31332,32768,32758,34070,39796,45504,32321,33136,35148,40340,33616,31700,39032,24652,24032,29382,47728,14408
33916,31052,32946,32796,13652,39796,45504,32321,33136,35148,40340,33616,31700,39032,24652,24032,29382,47728,14408
33287,31005,32185,32796,41479,39796,45504,32321,33136,35148,40340,33616,31700,39032,24652,24032,29382,47728,14408
31918,31690,31969,32672,35198,35746,39680,29908,33374,32984,37236,35660,31749,32568,9322,13028,34106,59540,19008
30828,32047,32204,32648,27444,35746,39680,29908,33374,32984,37236,35660,31749,32568,9322,13028,34106,59540,19008
29803,32844,32125,32634,37869,35746,39680,29908,33374,32984,37236,35660,31749,32568,9322,13028,34106,59540,19008
30360,32823,32753,32723,33916,35746,39680,29908,33374,32984,37236,35660,31749,32568,9322,13028,34106,59540,19008
30694,32724,32758,32677,35677,35746,39680,29908,33374,32984,37236,35660,31749,32568,9322,13028,34106,59540,19008
30880,33315,32424,32483,30746,35746,39680,29908,33374,32984,37236,35660,31749,32568,9322,13028,34106,59540,19008
31167,32922,32797,32493,31812,35746,39680,29908,33374,32984,37236,35660,31749,32568,9322,13028,34106,59540,19008
31734,32685,32996,32497,33872,35746,39680,29908,33374,32984,37236,35660,31749,32568,9322,13028,34106,59540,19008
32392,31612,33047,32559,32326,35746,39680,29908,33374,32984,37236,35660,31749,32568,9322,13028,34106,59540,19008
33285,30998,33405,32553,38105,35746,39680,29908,33374,32984,37236,35660,31749,32568,9322,13028,34106,59540,19008
33468,30989,32076,32744,37332,33465,37000,28764,33468,33473,36257,35104,31716,29584,25008,18197,36360,58008,21684
33864,29793,31941,32712,59760,33465,37000,28764,33468,33473,36257,35104,31716,29584,25008,18197,36360,58008,21684
34320,31812,32236,32512,31258,33465,37000,28764,33468,33473,36257,35104,31716,29584,25008,18197,36360,58008,21684
34334,34572,32258,32435,13,33465,37000,28764,33468,33473,36257,35104,31716,29584,25008,18197,36360,58008,21684
34434,36206,32875,32459,26852,33465,37000,28764,33468,33473,36257,35104,31716,29584,25008,18197,36360,58008,21684
34345,38144,33355,32597,51451,33465,37000,28764,33468,33473,36257,35104,31716,29584,25008,18197,36360,58008,21684
33785,38176,33452,32667,4181,33465,37000,28764,33468,33473,36257,35104,31716,29584,25008,18197,36360,58008,21684
33626,33953,34020,32772,48550,33465,37000,28764,33468,33473,36257,35104,31716,29584,25008,18197,36360,58008,21684
34394,29556,33855,32975,63529,33465,37000,28764,33468,33473,36257,35104,31716,29584,25008,18197,36360,58008,21684
34282,28861,33138,32828,3199,33465,37000,28764,33468,33473,36257,35104,31716,29584,25008,18197,36360,58008,21684
34173,30850,33380,32536,20656,33516,35860,32665,33570,32724,36326,35344,31610,26936,27016,23457,30660,53801,23610
34054,33031,33369,32438,56754,33516,35860,32665,33570,32724,36326,35344,31610,26936,27016,23457,30660,53801,23610
34110,34407,33958,32459,41765,33516,35860,32665,33570,32724,36326,35344,31610,26936,27016,23457,30660,53801,23610
34180,33469,33794,32678,42709,33516,35860,32665,33570,32724,36326,35344,31610,26936,27016,23457,30660,53801,23610
33923,31470,33615,32775,47574,33516,35860,32665,33570,32724,36326,35344,31610,26936,27016,23457,30660,53801,23610
33126,31365,33652,32836,21702,33516,35860,32665,33570,32724,36326,35344,31610,26936,27016,23457,30660,53801,23610
32571,32458,33065,32866,18207,33516,35860,32665,33570,32724,36326,35344,31610,26936,27016,23457,30660,53801,23610
32310,33246,32962,32882,33589,33516,35860,32665,33570,32724,36326,35344,31610,26936,27016,23457,30660,53801,23610
32357,33384,32384,33025,31956,33516,35860,32665,33570,32724,36326,35344,31610,26936,27016,23457,30660,53801,23610
32982,33065,32960,32870,23811,33516,35860,32665,33570,32724,36326,35344,31610,26936,27016,23457,30660,53801,23610
33496,32824,33518,32708,29304,34160,34212,36136,33486,31756,37384,36276,31640,31960,29312,17762,28976,58797,23570
33942,32978,33090,32615,39938,34160,34212,36136,33486,31756,37384,36276,31640,31960,29312,17762,28976,58797,23570
34393,33262,33309,32439,40268,34160,34212,36136,33486,31756,37384,36276,31640,31960,29312,17762,28976,58797,23570
34788,33712,33017,32429,33994,34160,34212,36136,33486,31756,37384,36276,31640,31960,29312,17762,28976,58797,23570
34992,33718,33120,32488,34153,34160,34212,36136,33486,31756,37384,36276,31640,31960,29312,17762,28976,58797,23570
35196,32884,32864,32775,32885,34160,34212,36136,33486,31756,37384,36276,31640,31960,29312,17762,28976,58797,23570
35503,32263,32504,33157,28916,34160,34212,36136,33486,31756,37384,36276,31640,31960,29312,17762,28976,58797,23570
35725,31770,32764,33738,27412,34160,34212,36136,33486,31756,37384,36276,31640,31960,29312,17762,28976,58797,23570
35884,32304,32672,33531,29981,34160,34212,36136,33486,31756,37384,36276,31640,31960,29312,17762,28976,58797,23570
35557,33355,32525,33034,36576,34160,34212,36136,33486,31756,37384,36276,31640,31960,29312,17762,28976,58797,23570
35486,33566,32827,32842,39402,33762,34505,36880,33278,31828,38953,35946,31584,34023,41148,14641,26344,49224,23074
34928,33418,32680,32693,38317,33762,34505,36880,33278,31828,38953,35946,31584,34023,41148,14641,26344,49224,23074
33856,33200,32706,33180,34224,33762,34505,36880,33278,31828,38953,35946,31584,34023,41148,14641,26344,49224,23074
33160,32982,32893,32903,31621,33762,34505,36880,33278,31828,38953,35946,31584,34023,41148,14641,26344,49224,23074
32924,32950,33287,32268,29604,33762,34505,36880,33278,31828,38953,35946,31584,34023,41148,14641,26344,49224,23074
32196,33098,32655,33030,32685,33762,34505,36880,33278,31828,38953,35946,31584,34023,41148,14641,26344,49224,23074
31336,33025,31453,32971,35453,33762,34505,36880,33278,31828,38953,35946,31584,34023,41148,14641,26344,49224,23074
31024,33075,31749,32462,29897,33762,34505,36880,33278,31828,38953,35946,31584,34023,41148,14641,26344,49224,23074
30872,32848,32102,31736,31673,33762,34505,36880,33278,31828,38953,35946,31584,34023,41148,14641,26344,49224,23074
30662,33108,32429,33397,36119,33762,34505,36880,33278,31828,38953,35946,31584,34023,41148,14641,26344,49224,23074
30744,33163,32701,33956,35222,34384,35760,37202,33092,32277,39298,35704,31514,36384,63744,22844,22248,49188,21856
30658,33247,32192,33191,33528,34384,35760,37202,33092,32277,39298,35704,31514,36384,63744,22844,22248,49188,21856
30468,33281,31622,32385,33598,34384,35760,37202,33092,32277,39298,35704,31514,36384,63744,22844,22248,49188,21856
30132,33129,32205,31371,30004,34384,35760,37202,33092,32277,39298,35704,31514,36384,63744,22844,22248,49188,21856
30024,32820,32673,31596,30240,34384,35760,37202,33092,32277,39298,35704,31514,36384,63744,22844,22248,49188,21856
30750,32840,33266,32227,33240,34384,35760,37202,33092,32277,39298,35704,31514,36384,63744,22844,22248,49188,21856
31120,33086,33662,31988,33291,34384,35760,37202,33092,32277,39298,35704,31514,36384,63744,22844,22248,49188,21856
31551,33222,34352,30682,31098,34384,35760,37202,33092,32277,39298,35704,31514,36384,63744,22844,22248,49188,21856
31864,33304,34076,30866,31900,34384,35760,37202,33092,32277,39298,35704,31514,36384,63744,22844,22248,49188,21856
31751,32989,33509,36533,33545,34384,35760,37202,33092,32277,39298,35704,31514,36384,63744,22844,22248,49188,21856
31864,33197,33257,35226,34779,35780,36000,37472,33004,33760,37976,35448,31552,33033,62612,42838,25012,45516,23336
31924,33413,32648,34425,34384,35780,36000,37472,33004,33760,37976,35448,31552,33033,62612,42838,25012,45516,23336
32136,33074,32324,34384,33878,35780,36000,37472,33004,33760,37976,35448,31552,33033,62612,42838,25012,45516,23336
32112,32582,32674,32806,30748,35780,36000,37472,33004,33760,37976,35448,31552,33033,62612,42838,25012,45516,23336
32041,32652,33336,31803,31751,35780,36000,37472,33004,33760,37976,35448,31552,33033,62612,42838,25012,45516,23336
32072,32500,33691,32509,36153,35780,36000,37472,33004,33760,37976,35448,31552,33033,62612,42838,25012,45516,23336
31958,32602,32771,31997,30243,35780,36000,37472,33004,33760,37976,35448,31552,33033,62612,42838,25012,45516,23336
31900,32722,32548,33332,32523,35780,36000,37472,33004,33760,37976,35448,31552,33033,62612,42838,25012,45516,23336
31919,32884,32182,34040,33910,35780,36000,37472,33004,33760,37976,35448,31552,33033,62612,42838,25012,45516,23336
31988,33362,32958,33966,36538,35780,36000,37472,33004,33760,37976,35448,31552,33033,62612,42838,25012,45516,23336
31912,34024,33046,33392,38140,36384,34668,36850,33016,35736,35544,34688,31614,27880,52544,60372,24320,44857,35708
31746,34142,32732,34128,35127,36384,34668,36850,33016,35736,35544,34688,31614,27880,52544,60372,24320,44857,35708
31527,33822,32638,32912,34670,36384,34668,36850,33016,35736,35544,34688,31614,27880,52544,60372,24320,44857,35708
31360,32560,32552,33702,34173,36384,34668,36850,33016,35736,35544,34688,31614,27880,52544,60372,24320,44857,35708
31205,30778,33050,33946,33445,36384,34668,36850,33016,35736,35544,34688,31614,27880,52544,60372,24320,44857,35708
30773,29862,32832,32714,26328,36384,34668,36850,33016,35736,35544,34688,31614,27880,52544,60372,24320,44857,35708
30383,31394,32368,32888,23370,36384,34668,36850,33016,35736,35544,34688,31614,27880,52544,60372,24320,44857,35708
30070,32465,32416,33241,26052,36384,34668,36850,33016,35736,35544,34688,31614,27880,52544,60372,24320,44857,35708
29691,32460,32046,33737,34505,36384,34668,36850,33016,35736,35544,34688,31614,27880,52544,60372,24320,44857,35708
29624,33083,31939,33682,33935,36384,34668,36850,33016,35736,35544,34688,31614,27880,52544,60372,24320,44857,35708
30102,33792,31854,32535,31746,36452,34344,34746,32984,36136,34628,35208,31554,26888,47140,61612,21408,53664,49620
31140,33860,31704,30055,32894,36452,34344,34746,32984,36136,34628,35208,31554,26888,47140,61612,21408,53664,49620
32036,34052,31707,28076,32586,36452,34344,34746,32984,36136,34628,35208,31554,26888,47140,61612,21408,53664,49620
32676,34194,31649,30319,33112,36452,34344,34746,32984,36136,34628,35208,31554,26888,47140,61612,21408,53664,49620
32896,32507,32256,32302,34536,36452,34344,34746,32984,36136,34628,35208,31554,26888,47140,61612,21408,53664,49620
32994,30582,32567,32312,33446,36452,34344,34746,32984,36136,34628,35208,31554,26888,47140,61612,21408,53664,49620
33174,30676,32803,30462,32280,36452,34344,34746,32984,36136,34628,35208,31554,26888,47140,61612,21408,53664,49620
33448,32809,32929,29996,33043,36452,34344,34746,32984,36136,34628,35208,31554,26888,47140,61612,21408,53664,49620
33765,32856,32793,34266,34450,36452,34344,34746,32984,36136,34628,35208,31554,26888,47140,61612,21408,53664,49620
33954,32660,32871,34589,29154,36452,34344,34746,32984,36136,34628,35208,31554,26888,47140,61612,21408,53664,49620
34054,32736,32274,32203,32385,35496,34632,33816,33003,35202,36320,34784,31634,27528,44928,58628,21356,49396,48504
34070,32644,32164,30512,31486,35496,34632,33816,33003,35202,36320,34784,31634,27528,44928,58628,21356,49396,48504
34207,33145,32549,30884,32440,35496,34632,33816,33003,35202,36320,34784,31634,27528,44928,58628,21356,49396,48504
34434,33414,31900,31641,35545,35496,34632,33816,33003,35202,36320,34784,31634,27528,44928,58628,21356,49396,48504
34420,33340,32256,33394,35064,35496,34632,33816,33003,35202,36320,34784,31634,27528,44928,58628,21356,49396,48504
34476,32737,32198,37714,33252,35496,34632,33816,33003,35202,36320,34784,31634,27528,44928,58628,21356,49396,48504
34614,32383,32717,39168,32604,35496,34632,33816,33003,35202,36320,34784,31634,27528,44928,58628,21356,49396,48504
34821,33382,33237,35620,35983,35496,34632,33816,33003,35202,36320,34784,31634,27528,44928,58628,21356,49396,48504
34821,34944,34112,33048,34938,35496,34632,33816,33003,35202,36320,34784,31634,27528,44928,58628,21356,49396,48504
34724,33148,33518,32110,29512,35496,34632,33816,33003,35202,36320,34784,31634,27528,44928,58628,21356,49396,48504
34716,30309,33464,32544,33780,34784,35914,33572,33220,33832,37564,33760,31665,29692,46872,48386,22980,45980,48944
34777,31132,33545,31871,30778,34784,35914,33572,33220,33832,37564,33760,31665,29692,46872,48386,22980,45980,48944
34452,33098,33107,32165,34337,34784,35914,33572,33220,33832,37564,33760,31665,29692,46872,48386,22980,45980,48944
34072,32558,32308,32780,59939,34784,35914,33572,33220,33832,37564,33760,31665,29692,46872,48386,22980,45980,48944
33688,32328,32362,33452,9328,34784,35914,33572,33220,33832,37564,33760,31665,29692,46872,48386,22980,45980,48944
33287,32518,32393,34191,1211,34784,35914,33572,33220,33832,37564,33760,31665,29692,46872,48386,22980,45980,48944
33020,31818,33044,33896,5800,34784,35914,33572,33220,33832,37564,33760,31665,29692,46872,48386,22980,45980,48944
32676,31608,32936,33730,65520,34784,35914,33572,33220,33832,37564,33760,31665,29692,46872,48386,22980,45980,48944
32452,32649,33238,32789,60604,34784,35914,33572,33220,33832,37564,33760,31665,29692,46872,48386,22980,45980,48944
32358,33510,32896,32748,11920,34784,35914,33572,33220,33832,37564,33760,31665,29692,46872,48386,22980,45980,48944
32418,33415,33127,31930,22452,34912,37308,33716,33060,32232,38520,34378,31664,29830,50040,47904,24284,43816,37571
32365,32995,33017,31157,45306,34912,37308,33716,33060,32232,38520,34378,31664,29830,50040,47904,24284,43816,37571
32592,32868,33176,30717,39698,34912,37308,33716,33060,32232,38520,34378,31664,29830,50040,47904,24284,43816,37571
32688,32792,33300,30064,12035,34912,37308,33716,33060,32232,38520,34378,31664,29830,50040,47904,24284,43816,37571
32930,32786,33258,30308,31780,34912,37308,33716,33060,32232,38520,34378,31664,29830,50040,47904,24284,43816,37571
32996,33157,33220,30844,39986,34912,37308,33716,33060,32232,38520,34378,31664,29830,50040,47904,24284,43816,37571
33052,33264,33200,32018,35438,34912,37308,33716,33060,32232,38520,34378,31664,29830,50040,47904,24284,43816,37571
32996,33386,33186,34716,36815,34912,37308,33716,33060,32232,38520,34378,31664,29830,50040,47904,24284,43816,37571
32952,32982,32895,36866,34164,34912,37308,33716,33060,32232,38520,34378,31664,29830,50040,47904,24284,43816,37571
32992,32750,33075,34727,31078,34912,37308,33716,33060,32232,38520,34378,31664,29830,50040,47904,24284,43816,37571
32836,32696,32852,32324,35053,34568,37712,34152,33096,32220,38720,34100,31716,29316,53232,56768,27504,43505,38660
32828,32739,33115,32038,34756,34568,37712,34152,33096,32220,38720,34100,31716,29316,53232,56768,27504,43505,38660
32838,32758,32818,32737,31511,34568,37712,34152,33096,32220,38720,34100,31716,29316,53232,56768,27504,43505,38660
32873,32969,33037,30731,32010,34568,37712,34152,33096,32220,38720,34100,31716,29316,53232,56768,27504,43505,38660
32884,32886,32838,30876,31727,34568,37712,34152,33096,32220,38720,34100,31716,29316,53232,56768,27504,43505,38660
32763,32775,32966,30983,31932,34568,37712,34152,33096,32220,38720,34100,31716,29316,53232,56768,27504,43505,38660
32753,32528,32922,32798,34852,34568,37712,34152,33096,32220,38720,34100,31716,29316,53232,56768,27504,43505,38660
32722,32193,33183,36380,37421,34568,37712,34152,33096,32220,38720,34100,31716,29316,53232,56768,27504,43505,38660
32688,32460,33112,35794,26530,34568,37712,34152,33096,32220,38720,34100,31716,29316,53232,56768,27504,43505,38660
32704,32656,32915,34465,29008,34568,37712,34152,33096,32220,38720,34100,31716,29316,53232,56768,27504,43505,38660
32734,32963,32789,33890,27592,34276,37888,35200,33248,32765,37868,33600,31896,29576,47216,49369,25376,46188,40832
32768,32936,32632,32684,30592,34276,37888,35200,33248,32765,37868,33600,31896,29576,47216,49369,25376,46188,40832
32872,32871,33052,32228,39210,34276,37888,35200,33248,32765,37868,33600,31896,29576,47216,49369,25376,46188,40832
32812,32914,32948,32128,33785,34276,37888,35200,33248,32765,37868,33600,31896,29576,47216,49369,25376,46188,40832
32847,33090,32982,32112,30580,34276,37888,35200,33248,32765,37868,33600,31896,29576,47216,49369,25376,46188,40832
32924,33147,32802,32453,35036,34276,37888,35200,33248,32765,37868,33600,31896,29576,47216,49369,25376,46188,40832
33017,33241,32646,32889,33494,34276,37888,35200,33248,32765,37868,33600,31896,29576,47216,49369,25376,46188,40832
33093,33112,32577,32687,32814,34276,37888,35200,33248,32765,37868,33600,31896,29576,47216,49369,25376,46188,40832
33094,32557,32396,32384,31782,34276,37888,35200,33248,32765,37868,33600,31896,29576,47216,49369,25376,46188,40832
33088,32549,32676,31653,36371,34276,37888,35200,33248,32765,37868,33600,31896,29576,47216,49369,25376,46188,40832
32952,32873,32498,30650,33869,33312,37504,35486,33322,32549,37152,33714,31906,29370,45148,43527,27361,45352,42132
32824,32794,32676,31870,32955,33312,37504,35486,33322,32549,37152,33714,31906,29370,45148,43527,27361,45352,42132
32642,32768,32481,32838,34360,33312,37504,35486,33322,32549,37152,33714,31906,29370,45148,43527,27361,45352,42132
32518,32944,32722,30554,31992,33312,37504,35486,33322,32549,37152,33714,31906,29370,45148,43527,27361,45352,42132
32471,33188,32664,29763,33316,33312,37504,35486,33322,32549,37152,33714,31906,29370,45148,43527,27361,45352,42132
32452,33070,32490,32494,36052,33312,37504,35486,33322,32549,37152,33714,31906,29370,45148,43527,27361,45352,42132
32506,33184,32587,32993,35870,33312,37504,35486,33322,32549,37152,33714,31906,29370,45148,43527,27361,45352,42132
32572,32929,32652,34212,29754,33312,37504,35486,33322,32549,37152,33714,31906,29370,45148,43527,27361,45352,42132
32514,32972,32566,35760,30490,33312,37504,35486,33322,32549,37152,33714,31906,29370,45148,43527,27361,45352,42132
32565,32784,32816,35188,29092,33312,37504,35486,33322,32549,37152,33714,31906,29370,45148,43527,27361,45352,42132
32604,32901,33058,31792,34789,32592,37845,35920,33320,32292,37170,33453,32112,29939,39585,38092,26456,41744,45641
32595,32932,32968,32516,34364,32592,37845,35920,33320,32292,37170,33453,32112,29939,39585,38092,26456,41744,45641
32472,32658,33206,32981,29935,32592,37845,35920,33320,32292,37170,33453,32112,29939,39585,38092,26456,41744,45641
32416,31989,32945,32884,32792,32592,37845,35920,33320,32292,37170,33453,32112,29939,39585,38092,26456,41744,45641
32336,32116,32407,34632,33962,32592,37845,35920,33320,32292,37170,33453,32112,29939,39585,38092,26456,41744,45641
32420,32802,32537,33340,34277,32592,37845,35920,33320,32292,37170,33453,32112,29939,39585,38092,26456,41744,45641
32410,32886,32658,33058,32812,32592,37845,35920,33320,32292,37170,33453,32112,29939,39585,38092,26456,41744,45641
32510,32280,32632,33127,33354,32592,37845,35920,33320,32292,37170,33453,32112,29939,39585,38092,26456,41744,45641
32716,31612,32941,32944,26878,32592,37845,35920,33320,32292,37170,33453,32112,29939,39585,38092,26456,41744,45641
32944,32114,32668,32740,27115,32592,37845,35920,33320,32292,37170,33453,32112,29939,39585,38092,26456,41744,45641
33060,32778,32613,32324,29658,32642,38264,35442,33277,32384,37444,32544,32088,30488,36340,36552,27440,46732,42431
33182,33008,32460,32145,29190,32642,38264,35442,33277,32384,37444,32544,32088,30488,36340,36552,27440,46732,42431
33164,32980,32486,31977,31425,32642,38264,35442,33277,32384,37444,32544,32088,30488,36340,36552,27440,46732,42431
33258,32649,32832,31332,35410,32642,38264,35442,33277,32384,37444,32544,32088,30488,36340,36552,27440,46732,42431
33346,32855,32706,30386,47439,32642,38264,35442,33277,32384,37444,32544,32088,30488,36340,36552,27440,46732,42431
33322,32830,32855,32874,42823,32642,38264,35442,33277,32384,37444,32544,32088,30488,36340,36552,27440,46732,42431
33464,32846,32956,34771,19948,32642,38264,35442,33277,32384,37444,32544,32088,30488,36340,36552,27440,46732,42431
33507,32937,32795,32548,26827,32642,38264,35442,33277,32384,37444,32544,32088,30488,36340,36552,27440,46732,42431
33568,32957,32926,33134,29544,32642,38264,35442,33277,32384,37444,32544,32088,30488,36340,36552,27440,46732,42431
33693,32920,32767,32514,29583,32642,38264,35442,33277,32384,37444,32544,32088,30488,36340,36552,27440,46732,42431
33664,33074,32880,34108,42655,32492,38169,34588,33240,31776,37912,32362,32252,32178,34464,37968,27616,46872,39874
33276,33168,32834,33015,48676,32492,38169,34588,33240,31776,37912,32362,32252,32178,34464,37968,27616,46872,39874
33162,33020,32786,32043,38550,32492,38169,34588,33240,31776,37912,32362,32252,32178,34464,37968,27616,46872,39874
32928,32921,32886,32802,23524,32492,38169,34588,33240,31776,37912,32362,32252,32178,34464,37968,27616,46872,39874
32603,32943,32408,32509,28349,32492,38169,34588,33240,31776,37912,32362,32252,32178,34464,37968,27616,46872,39874
32263,32999,32575,32349,26379,32492,38169,34588,33240,31776,37912,32362,32252,32178,34464,37968,27616,46872,39874
32172,33040,32695,32938,27579,32492,38169,34588,33240,31776,37912,32362,32252,32178,34464,37968,27616,46872,39874
32330,32930,32936,33916,31196,32492,38169,34588,33240,31776,37912,32362,32252,32178,34464,37968,27616,46872,39874
32876,32789,33015,34189,31856,32492,38169,34588,33240,31776,37912,32362,32252,32178,34464,37968,27616,46872,39874
33401,32864,32936,33490,34281,32492,38169,34588,33240,31776,37912,32362,32252,32178,34464,37968,27616,46872,39874
33287,32878,32628,33705,31871,32000,38152,34432,33168,31384,37984,32592,32128,32724,34682,38607,30780,41470,36448
32188,33020,32829,33274,29950,32000,38152,34432,33168,31384,37984,32592,32128,32724,34682,38607,30780,41470,36448
31458,33134,32814,31816,34672,32000,38152,34432,33168,31384,37984,32592,32128,32724,34682,38607,30780,41470,36448
31252,33070,33078,31938,38390,32000,38152,34432,33168,31384,37984,32592,32128,32724,34682,38607,30780,41470,36448
31192,32974,33053,32273,35687,32000,38152,34432,33168,31384,37984,32592,32128,32724,34682,38607,30780,41470,36448
31559,32933,32828,32888,29507,32000,38152,34432,33168,31384,37984,32592,32128,32724,34682,38607,30780,41470,36448
32000,32750,32481,32979,31607,32000,38152,34432,33168,31384,37984,32592,32128,32724,34682,38607,30780,41470,36448
32368,31933,32287,32835,30873,32000,38152,34432,33168,31384,37984,32592,32128,32724,34682,38607,30780,41470,36448
32518,31558,32765,32605,33363,32000,38152,34432,33168,31384,37984,32592,32128,32724,34682,38607,30780,41470,36448
32712,32220,32676,31394,35624,32000,38152,34432,33168,31384,37984,32592,32128,32724,34682,38607,30780,41470,36448
32992,32800,32946,32169,32784,32460,38032,33856,33309,31724,37728,32976,32240,33204,32699,33452,28529,41188,27850
33046,32768,32979,33091,31935,32460,38032,33856,33309,31724,37728,32976,32240,33204,32699,33452,28529,41188,27850
32784,32631,32876,32188,34922,32460,38032,33856,33309,31724,37728,32976,32240,33204,32699,33452,28529,41188,27850
32452,32920,32836,31653,36120,32460,38032,33856,33309,31724,37728,32976,32240,33204,32699,33452,28529,41188,27850
32118,33287,32770,32254,34457,32460,38032,33856,33309,31724,37728,32976,32240,33204,32699,33452,28529,41188,27850
31738,33554,32853,31668,31901,32460,38032,33856,33309,31724,37728,32976,32240,33204,32699,33452,28529,41188,27850
31835,33259,32613,31914,31599,32460,38032,33856,33309,31724,37728,32976,32240,33204,32699,33452,28529,41188,27850
32248,33070,32837,34298,32857,32460,38032,33856,33309,31724,37728,32976,32240,33204,32699,33452,28529,41188,27850
32521,32933,32676,35715,32395,32460,38032,33856,33309,31724,37728,32976,32240,33204,32699,33452,28529,41188,27850
32788,32711,32929,34332,33134,32460,38032,33856,33309,31724,37728,32976,32240,33204,32699,33452,28529,41188,27850
32916,32609,33028,33799,31617,33122,37282,33604,33160,32292,37432,33256,32244,33964,31909,28124,29736,38149,25273
32900,32548,33099,34369,31660,33122,37282,33604,33160,32292,37432,33256,32244,33964,31909,28124,29736,38149,25273
32921,32932,33195,32998,34632,33122,37282,33604,33160,32292,37432,33256,32244,33964,31909,28124,29736,38149,25273
32852,32505,32900,32817,34597,33122,37282,33604,33160,32292,37432,33256,32244,33964,31909,28124,29736,38149,25273
32744,31709,32955,31516,31590,33122,37282,33604,33160,32292,37432,33256,32244,33964,31909,28124,29736,38149,25273
32615,31473,32636,31840,32359,33122,37282,33604,33160,32292,37432,33256,32244,33964,31909,28124,29736,38149,25273
32562,32036,32856,33103,31157,33122,37282,33604,33160,32292,37432,33256,32244,33964,31909,28124,29736,38149,25273
32580,32175,32796,33271,31495,33122,37282,33604,33160,32292,37432,33256,32244,33964,31909,28124,29736,38149,25273
32596,32459,33028,33236,33839,33122,37282,33604,33160,32292,37432,33256,32244,33964,31909,28124,29736,38149,25273
32650,33001,32856,32898,32638,33122,37282,33604,33160,32292,37432,33256,32244,33964,31909,28124,29736,38149,25273
32724,33673,33008,32460,34694,33808,36768,33496,33290,32866,37100,33638,32116,34750,32772,27308,29372,38868,25668
32750,33208,32809,32327,34311,33808,36768,33496,33290,32866,37100,33638,32116,34750,32772,27308,29372,38868,25668
32758,33597,33133,32163,34379,33808,36768,33496,33290,32866,37100,33638,32116,34750,32772,27308,29372,38868,25668
32911,33980,32929,31881,35763,33808,36768,33496,33290,32866,37100,33638,32116,34750,32772,27308,29372,38868,25668
32936,33873,32957,31880,32600,33808,36768,33496,33290,32866,37100,33638,32116,34750,32772,27308,29372,38868,25668
33005,33296,32711,32310,31559,33808,36768,33496,33290,32866,37100,33638,32116,34750,32772,27308,29372,38868,25668
32978,33208,32922,32047,32810,33808,36768,33496,33290,32866,37100,33638,32116,34750,32772,27308,29372,38868,25668
33017,33559,32705,30068,33453,33808,36768,33496,33290,32866,37100,33638,32116,34750,32772,27308,29372,38868,25668
32964,33744,32775,29782,31462,33808,36768,33496,33290,32866,37100,33638,32116,34750,32772,27308,29372,38868,25668
33004,32822,32641,32901,33124,33808,36768,33496,33290,32866,37100,33638,32116,34750,32772,27308,29372,38868,25668
33100,32199,32795,32923,31690,34392,36257,33621,33168,33353,37092,33858,32221,35292,35229,27428,29072,37556,25637
33176,31666,32774,34467,32617,34392,36257,33621,33168,33353,37092,33858,32221,35292,35229,27428,29072,37556,25637
33490,31662,32767,33636,35049,34392,36257,33621,33168,33353,37092,33858,32221,35292,35229,27428,29072,37556,25637
33752,32373,32925,32834,31008,34392,36257,33621,33168,33353,37092,33858,32221,35292,35229,27428,29072,37556,25637
33946,33263,32835,36516,31234,34392,36257,33621,33168,33353,37092,33858,32221,35292,35229,27428,29072,37556,25637
33728,33344,33098,33987,33081,34392,36257,33621,33168,33353,37092,33858,32221,35292,35229,27428,29072,37556,25637
33524,32717,32852,32235,31786,34392,36257,33621,33168,33353,37092,33858,32221,35292,35229,27428,29072,37556,25637
33462,32844,32592,31581,32520,34392,36257,33621,33168,33353,37092,33858,32221,35292,35229,27428,29072,37556,25637
33495,33065,33005,33063,32826,34392,36257,33621,33168,33353,37092,33858,32221,35292,35229,27428,29072,37556,25637
33512,32204,33172,33597,31098,34392,36257,33621,33168,33353,37092,33858,32221,35292,35229,27428,29072,37556,25637
33573,30632,33159,32732,34103,34938,36168,33864,33152,33530,37296,34028,32120,34276,38112,32005,31578,39344,31344
33590,31868,33271,34404,33998,34938,36168,33864,33152,33530,37296,34028,32120,34276,38112,32005,31578,39344,31344
33506,32826,33088,35650,32869,34938,36168,33864,33152,33530,37296,34028,32120,34276,38112,32005,31578,39344,31344
33376,32802,32835,35172,33112,34938,36168,33864,33152,33530,37296,34028,32120,34276,38112,32005,31578,39344,31344
33264,32965,32795,32840,32654,34938,36168,33864,33152,33530,37296,34028,32120,34276,38112,32005,31578,39344,31344
33308,32485,32548,31798,31819,34938,36168,33864,33152,33530,37296,34028,32120,34276,38112,32005,31578,39344,31344
33288,32809,32985,31760,33765,34938,36168,33864,33152,33530,37296,34028,32120,34276,38112,32005,31578,39344,31344
33287,34484,32804,30274,33769,34938,36168,33864,33152,33530,37296,34028,32120,34276,38112,32005,31578,39344,31344
33200,33791,32921,30815,36827,34938,36168,33864,33152,33530,37296,34028,32120,34276,38112,32005,31578,39344,31344
33217,31682,32614,34041,29807,34938,36168,33864,33152,33530,37296,34028,32120,34276,38112,32005,31578,39344,31344
33162,32263,32710,35220,37676,34970,36314,34664,33176,33346,37256,33980,32124,33036,37972,34415,28244,41236,33988
33251,32928,32410,31506,26919,34970,36314,34664,33176,33346,37256,33980,32124,33036,37972,34415,28244,41236,33988
33333,33199,32726,29291,44946,34970,36314,34664,33176,33346,37256,33980,32124,33036,37972,34415,28244,41236,33988
33252,33712,32577,30151,24605,34970,36314,34664,33176,33346,37256,33980,32124,33036,37972,34415,28244,41236,33988
33289,32602,32722,32858,31751,34970,36314,34664,33176,33346,37256,33980,32124,33036,37972,34415,28244,41236,33988
33378,33046,32756,33357,39535,34970,36314,34664,33176,33346,37256,33980,32124,33036,37972,34415,28244,41236,33988
33395,33612,32559,31744,25673,34970,36314,34664,33176,33346,37256,33980,32124,33036,37972,34415,28244,41236,33988
33526,33318,32843,30831,31352,34970,36314,34664,33176,33346,37256,33980,32124,33036,37972,34415,28244,41236,33988
33572,32410,32570,32659,35965,34970,36314,34664,33176,33346,37256,33980,32124,33036,37972,34415,28244,41236,33988
33553,32877,32698,34234,31087,34970,36314,34664,33176,33346,37256,33980,32124,33036,37972,34415,28244,41236,33988
33476,32979,32681,34135,32775,34556,36528,35080,33156,32832,37292,34226,32184,32204,37160,36331,31696,39690,34369
33333,32228,32588,33715,35142,34556,36528,35080,33156,32832,37292,34226,32184,32204,37160,36331,31696,39690,34369
32974,30893,32746,32966,32022,34556,36528,35080,33156,32832,37292,34226,32184,32204,37160,36331,31696,39690,34369
32668,30914,32705,32368,31699,34556,36528,35080,33156,32832,37292,34226,32184,32204,37160,36331,31696,39690,34369
32414,31892,32477,32103,33661,34556,36528,35080,33156,32832,37292,34226,32184,32204,37160,36331,31696,39690,34369
32262,32869,32734,32162,31116,34556,36528,35080,33156,32832,37292,34226,32184,32204,37160,36331,31696,39690,34369
32028,33836,32650,32097,33135,34556,36528,35080,33156,32832,37292,34226,32184,32204,37160,36331,31696,39690,34369
31960,34655,32612,32296,33079,34556,36528,35080,33156,32832,37292,34226,32184,32204,37160,36331,31696,39690,34369
31943,34321,32730,32565,31045,34556,36528,35080,33156,32832,37292,34226,32184,32204,37160,36331,31696,39690,34369
31988,33798,32599,33220,29840,34556,36528,35080,33156,32832,37292,34226,32184,32204,37160,36331,31696,39690,34369
32060,33636,32836,33324,37464,34208,36812,35140,33176,32512,37432,34256,32229,31814,34883,35249,29544,37069,30157
32164,32565,32815,32927,34322,34208,36812,35140,33176,32512,37432,34256,32229,31814,34883,35249,29544,37069,30157
32420,31564,32644,33513,29751,34208,36812,35140,33176,32512,37432,34256,32229,31814,34883,35249,29544,37069,30157
32652,32136,32812,33558,32733,34208,36812,35140,33176,32512,37432,34256,32229,31814,34883,35249,29544,37069,30157
32820,32768,32639,33929,34098,34208,36812,35140,33176,32512,37432,34256,32229,31814,34883,35249,29544,37069,30157
33015,32916,32448,32983,31144,34208,36812,35140,33176,32512,37432,34256,32229,31814,34883,35249,29544,37069,30157
33031,33304,32611,32406,34362,34208,36812,35140,33176,32512,37432,34256,32229,31814,34883,35249,29544,37069,30157
33098,32972,32646,33916,34470,34208,36812,35140,33176,32512,37432,34256,32229,31814,34883,35249,29544,37069,30157
33088,32920,32989,33089,27852,34208,36812,35140,33176,32512,37432,34256,32229,31814,34883,35249,29544,37069,30157
32966,32784,32810,33126,32292,34208,36812,35140,33176,32512,37432,34256,32229,31814,34883,35249,29544,37069,30157
32741,32608,32793,33782,34126,34220,37084,35292,33048,32461,37576,34240,32144,31449,33474,34729,28784,36332,30685
32444,32408,32768,33627,34666,34220,37084,35292,33048,32461,37576,34240,32144,31449,33474,34729,28784,36332,30685
32096,32242,32526,33735,32008,34220,37084,35292,33048,32461,37576,34240,32144,31449,33474,34729,28784,36332,30685
31859,32247,32874,32728,34962,34220,37084,35292,33048,32461,37576,34240,32144,31449,33474,34729,28784,36332,30685
31521,32226,32552,31458,37318,34220,37084,35292,33048,32461,37576,34240,32144,31449,33474,34729,28784,36332,30685
31348,32110,32909,32978,34224,34220,37084,35292,33048,32461,37576,34240,32144,31449,33474,34729,28784,36332,30685
31337,31913,32965,32799,31832,34220,37084,35292,33048,32461,37576,34240,32144,31449,33474,34729,28784,36332,30685
31267,31680,33016,32001,34533,34220,37084,35292,33048,32461,37576,34240,32144,31449,33474,34729,28784,36332,30685
31180,31220,33316,34372,23644,34220,37084,35292,33048,32461,37576,34240,32144,31449,33474,34729,28784,36332,30685
31192,31840,33054,34478,33373,34220,37084,35292,33048,32461,37576,34240,32144,31449,33474,34729,28784,36332,30685
31068,34722,33232,35024,35553,34088,37052,35740,33184,32554,37560,34260,32272,30464,33344,35656,28550,35676,29556
31009,37245,33117,35148,33067,34088,37052,35740,33184,32554,37560,34260,32272,30464,33344,35656,28550,35676,29556
30968,37436,32768,33864,32016,34088,37052,35740,33184,32554,37560,34260,32272,30464,33344,35656,28550,35676,29556
31024,35987,32448,33024,36180,34088,37052,35740,33184,32554,37560,34260,32272,30464,33344,35656,28550,35676,29556
31036,32352,32464,32444,35434,34088,37052,35740,33184,32554,37560,34260,32272,30464,33344,35656,28550,35676,29556
31336,32694,32784,31726,30162,34088,37052,35740,33184,32554,37560,34260,32272,30464,33344,35656,28550,35676,29556
31856,32984,32798,30886,32183,34088,37052,35740,33184,32554,37560,34260,32272,30464,33344,35656,28550,35676,29556
32150,32150,32637,31350,29479,34088,37052,35740,33184,32554,37560,34260,32272,30464,33344,35656,28550,35676,29556
32356,31481,32843,31664,31143,34088,37052,35740,33184,32554,37560,34260,32272,30464,33344,35656,28550,35676,29556
32452,30432,32673,31946,32871,34088,37052,35740,33184,32554,37560,34260,32272,30464,33344,35656,28550,35676,29556
32268,31747,32765,32228,34658,34156,37120,35624,33168,32676,37528,34192,32178,30275,32514,34994,28876,35252,28740
32088,32132,32914,32938,33944,34156,37120,35624,33168,32676,37528,34192,32178,30275,32514,34994,28876,35252,28740
31910,32213,32595,33698,34491,34156,37120,35624,33168,32676,37528,34192,32178,30275,32514,34994,28876,35252,28740
31776,32160,32732,33701,35187,34156,37120,35624,33168,32676,37528,34192,32178,30275,32514,34994,28876,35252,28740
31712,32136,32550,33700,32859,34156,37120,35624,33168,32676,37528,34192,32178,30275,32514,34994,28876,35252,28740
31611,32162,32856,32608,31948,34156,37120,35624,33168,32676,37528,34192,32178,30275,32514,34994,28876,35252,28740
31554,32360,32687,31705,31603,34156,37120,35624,33168,32676,37528,34192,32178,30275,32514,34994,28876,35252,28740
31866,32613,32736,32371,31590,34156,37120,35624,33168,32676,37528,34192,32178,30275,32514,34994,28876,35252,28740
32384,32901,32985,32628,34320,34156,37120,35624,33168,32676,37528,34192,32178,30275,32514,34994,28876,35252,28740
32956,33287,32770,33112,33799,34156,37120,35624,33168,32676,37528,34192,32178,30275,32514,34994,28876,35252,28740
33320,33957,33055,33236,33750,34024,36952,35378,33179,32776,37376,34188,32265,30497,31169,33190,29461,35412,31436
33564,34116,32918,33001,32612,34024,36952,35378,33179,32776,37376,34188,32265,30497,31169,33190,29461,35412,31436
33634,33396,33029,32710,34486,34024,36952,35378,33179,32776,37376,34188,32265,30497,31169,33190,29461,35412,31436
33568,32710,33158,31772,33889,34024,36952,35378,33179,32776,37376,34188,32265,30497,31169,33190,29461,35412,31436
33330,32562,32935,32315,29636,34024,36952,35378,33179,32776,37376,34188,32265,30497,31169,33190,29461,35412,31436
33198,32174,33115,32569,33504,34024,36952,35378,33179,32776,37376,34188,32265,30497,31169,33190,29461,35412,31436
32900,31709,32790,32456,29602,34024,36952,35378,33179,32776,37376,34188,32265,30497,31169,33190,29461,35412,31436
32643,32727,32880,32512,32948,34024,36952,35378,33179,32776,37376,34188,32265,30497,31169,33190,29461,35412,31436
32564,32764,32590,32482,31562,34024,36952,35378,33179,32776,37376,34188,32265,30497,31169,33190,29461,35412,31436
32601,32682,32934,32622,30585,34024,36952,35378,33179,32776,37376,34188,32265,30497,31169,33190,29461,35412,31436
32535,32472,32656,33212,33593,33838,36696,35028,33226,32770,37208,34233,32314,31132,30800,31708,29469,35408,32772
32514,32824,32960,32935,32007,33838,36696,35028,33226,32770,37208,34233,32314,31132,30800,31708,29469,35408,32772
32492,32901,32806,32717,31778,33838,36696,35028,33226,32770,37208,34233,32314,31132,30800,31708,29469,35408,32772
32503,32884,32932,33640,33761,33838,36696,35028,33226,32770,37208,34233,32314,31132,30800,31708,29469,35408,32772
32436,33244,32884,33565,31492,33838,36696,35028,33226,32770,37208,34233,32314,31132,30800,31708,29469,35408,32772
32386,33380,32784,33040,33876,33838,36696,35028,33226,32770,37208,34233,32314,31132,30800,31708,29469,35408,32772
32420,33422,32800,32922,34106,33838,36696,35028,33226,32770,37208,34233,32314,31132,30800,31708,29469,35408,32772
32270,33212,32824,32704,33974,33838,36696,35028,33226,32770,37208,34233,32314,31132,30800,31708,29469,35408,32772
32320,32511,32834,32763,31087,33838,36696,35028,33226,32770,37208,34233,32314,31132,30800,31708,29469,35408,32772
32508,31149,32800,33000,32742,33838,36696,35028,33226,32770,37208,34233,32314,31132,30800,31708,29469,35408,32772
32702,30770,32975,33010,32744,33902,36580,34664,33104,32734,37026,34273,32236,31216,29880,32984,29269,35316,30350
32772,31819,32653,32632,32052,33902,36580,34664,33104,32734,37026,34273,32236,31216,29880,32984,29269,35316,30350
32872,33129,32842,32425,33799,33902,36580,34664,33104,32734,37026,34273,32236,31216,29880,32984,29269,35316,30350
33008,33195,32756,32345,30907,33902,36580,34664,33104,32734,37026,34273,32236,31216,29880,32984,29269,35316,30350
33144,32687,32705,32586,32977,33902,36580,34664,33104,32734,37026,34273,32236,31216,29880,32984,29269,35316,30350
33284,32068,32762,32714,33953,33902,36580,34664,33104,32734,37026,34273,32236,31216,29880,32984,29269,35316,30350
33372,32487,32491,32799,32176,33902,36580,34664,33104,32734,37026,34273,32236,31216,29880,32984,29269,35316,30350
33524,33119,32764,32808,31908,33902,36580,34664,33104,32734,37026,34273,32236,31216,29880,32984,29269,35316,30350
33522,33169,32530,32751,34781,33902,36580,34664,33104,32734,37026,34273,32236,31216,29880,32984,29269,35316,30350
33616,33044,32774,32847,34773,33902,36580,34664,33104,32734,37026,34273,32236,31216,29880,32984,29269,35316,30350
33557,33384,32780,32864,31948,33814,36272,34664,33237,32672,36866,34248,32272,31444,32128,35237,29302,35037,32836
33436,33607,32644,32926,34050,33814,36272,34664,33237,32672,36866,34248,32272,31444,32128,35237,29302,35037,32836
33404,33592,32903,32417,31873,33814,36272,34664,33237,32672,36866,34248,32272,31444,32128,35237,29302,35037,32836
33384,33506,32723,32260,31848,33814,36272,34664,33237,32672,36866,34248,32272,31444,32128,35237,29302,35037,32836
33403,33488,33051,32620,34227,33814,36272,34664,33237,32672,36866,34248,32272,31444,32128,35237,29302,35037,32836
33321,33371,32988,32348,30767,33814,36272,34664,33237,32672,36866,34248,32272,31444,32128,35237,29302,35037,32836
33242,32737,32861,32167,31866,33814,36272,34664,33237,32672,36866,34248,32272,31444,32128,35237,29302,35037,32836
33112,31930,33124,32254,33507,33814,36272,34664,33237,32672,36866,34248,32272,31444,32128,35237,29302,35037,32836
33078,32182,32923,33619,33041,33814,36272,34664,33237,32672,36866,34248,32272,31444,32128,35237,29302,35037,32836
33081,31810,32692,33849,32605,33814,36272,34664,33237,32672,36866,34248,32272,31444,32128,35237,29302,35037,32836
33078,32014,32828,32658,34450,33889,36368,34772,33168,32664,36786,34218,32290,31936,31900,34608,29404,38232,33536
32989,32688,32613,31426,30859,33889,36368,34772,33168,32664,36786,34218,32290,31936,31900,34608,29404,38232,33536
32898,32637,32830,32332,32076,33889,36368,34772,33168,32664,36786,34218,32290,31936,31900,34608,29404,38232,33536
32846,32738,32578,32502,34619,33889,36368,34772,33168,32664,36786,34218,32290,31936,31900,34608,29404,38232,33536
32880,32818,32564,32953,31421,33889,36368,34772,33168,32664,36786,34218,32290,31936,31900,34608,29404,38232,33536
32813,32985,32497,34570,33234,33889,36368,34772,33168,32664,36786,34218,32290,31936,31900,34608,29404,38232,33536
32752,33042,32617,33720,32628,33889,36368,34772,33168,32664,36786,34218,32290,31936,31900,34608,29404,38232,33536
32748,32934,32809,32375,31940,33889,36368,34772,33168,32664,36786,34218,32290,31936,31900,34608,29404,38232,33536
32661,33085,32691,33431,33814,33889,36368,34772,33168,32664,36786,34218,32290,31936,31900,34608,29404,38232,33536
32641,32989,32916,33206,35122,33889,36368,34772,33168,32664,36786,34218,32290,31936,31900,34608,29404,38232,33536
32517,33042,32859,32949,33403,33916,36232,34896,33200,32560,36736,34080,32280,31264,31072,34615,29177,38704,32812
32584,33133,32788,33949,30846,33916,36232,34896,33200,32560,36736,34080,32280,31264,31072,34615,29177,38704,32812
32572,33280,32888,33537,32392,33916,36232,34896,33200,32560,36736,34080,32280,31264,31072,34615,29177,38704,32812
32590,33279,32594,33171,31999,33916,36232,34896,33200,32560,36736,34080,32280,31264,31072,34615,29177,38704,32812
32669,33219,32858,32682,32877,33916,36232,34896,33200,32560,36736,34080,32280,31264,31072,34615,29177,38704,32812
32854,32919,32672,32148,34400,33916,36232,34896,33200,32560,36736,34080,32280,31264,31072,34615,29177,38704,32812
32897,32562,32850,32153,31750,33916,36232,34896,33200,32560,36736,34080,32280,31264,31072,34615,29177,38704,32812
32885,32226,32664,31947,33723,33916,36232,34896,33200,32560,36736,34080,32280,31264,31072,34615,29177,38704,32812
32886,31690,32941,32001,34658,33916,36232,34896,33200,32560,36736,34080,32280,31264,31072,34615,29177,38704,32812
32923,32280,32718,33097,34508,33916,36232,34896,33200,32560,36736,34080,32280,31264,31072,34615,29177,38704,32812
32892,33001,32933,33481,31173,33964,36272,34904,33161,32579,36800,34136,32252,31260,31626,34130,28816,36096,30109
32888,33199,32680,32040,32145,33964,36272,34904,33161,32579,36800,34136,32252,31260,31626,34130,28816,36096,30109
32787,33680,32876,32718,30855,33964,36272,34904,33161,32579,36800,34136,32252,31260,31626,34130,28816,36096,30109
32736,35258,32664,33920,31162,33964,36272,34904,33161,32579,36800,34136,32252,31260,31626,34130,28816,36096,30109
32757,34101,32928,31480,34350,33964,36272,34904,33161,32579,36800,34136,32252,31260,31626,34130,28816,36096,30109
32902,32600,32738,29040,30832,33964,36272,34904,33161,32579,36800,34136,32252,31260,31626,34130,28816,36096,30109
32945,32235,32957,31621,33459,33964,36272,34904,33161,32579,36800,34136,32252,31260,31626,34130,28816,36096,30109
33090,32566,32682,34327,35712,33964,36272,34904,33161,32579,36800,34136,32252,31260,31626,34130,28816,36096,30109
33232,33378,32730,33842,32463,33964,36272,34904,33161,32579,36800,34136,32252,31260,31626,34130,28816,36096,30109
33248,32413,32600,33061,32592,33964,36272,34904,33161,32579,36800,34136,32252,31260,31626,34130,28816,36096,30109
33094,32531,32758,31828,33858,33976,36412,35096,33106,32662,36880,34352,32184,31100,31097,34475,28961,35456,29570
32900,32610,32841,31897,30258,33976,36412,35096,33106,32662,36880,34352,32184,31100,31097,34475,28961,35456,29570
32890,32823,32729,32734,32847,33976,36412,35096,33106,32662,36880,34352,32184,31100,31097,34475,28961,35456,29570
32928,32804,33068,32852,57946,33976,36412,35096,33106,32662,36880,34352,32184,31100,31097,34475,28961,35456,29570
33004,31147,32836,33004,6785,33976,36412,35096,33106,32662,36880,34352,32184,31100,31097,34475,28961,35456,29570
33044,29742,32987,32715,2776,33976,36412,35096,33106,32662,36880,34352,32184,31100,31097,34475,28961,35456,29570
32958,32140,32888,32502,41108,33976,36412,35096,33106,32662,36880,34352,32184,31100,31097,34475,28961,35456,29570
33096,32830,32815,32920,62141,33976,36412,35096,33106,32662,36880,34352,32184,31100,31097,34475,28961,35456,29570
33196,34068,32845,33334,3625,33976,36412,35096,33106,32662,36880,34352,32184,31100,31097,34475,28961,35456,29570
33126,34462,32647,33720,61959,33976,36412,35096,33106,32662,36880,34352,32184,31100,31097,34475,28961,35456,29570
33151,33616,32775,33736,58483,34152,36516,35322,33144,32873,36992,34588,32236,31482,29508,31610,29125,34848,28492
33141,33117,32360,32713,13,34152,36516,35322,33144,32873,36992,34588,32236,31482,29508,31610,29125,34848,28492
32905,32684,32502,31717,17024,34152,36516,35322,33144,32873,36992,34588,32236,31482,29508,31610,29125,34848,28492
32799,33097,32684,31800,47192,34152,36516,35322,33144,32873,36992,34588,32236,31482,29508,31610,29125,34848,28492
32636,32569,32984,32858,33566,34152,36516,35322,33144,32873,36992,34588,32236,31482,29508,31610,29125,34848,28492
32594,32281,32808,33252,13135,34152,36516,35322,33144,32873,36992,34588,32236,31482,29508,31610,29125,34848,28492
32656,32780,32910,33501,57168,34152,36516,35322,33144,32873,36992,34588,32236,31482,29508,31610,29125,34848,28492
32798,33678,32977,33978,44536,34152,36516,35322,33144,32873,36992,34588,32236,31482,29508,31610,29125,34848,28492
32740,33952,32774,33519,20144,34152,36516,35322,33144,32873,36992,34588,32236,31482,29508,31610,29125,34848,28492
32712,34125,32921,33202,20342,34152,36516,35322,33144,32873,36992,34588,32236,31482,29508,31610,29125,34848,28492
32596,33934,32864,32921,26868,34280,36352,35244,33036,33092,37016,34682,32244,31718,29337,30197,29824,34368,29551
32714,35768,32950,33419,33664,34280,36352,35244,33036,33092,37016,34682,32244,31718,29337,30197,29824,34368,29551
32740,33464,32910,33177,35232,34280,36352,35244,33036,33092,37016,34682,32244,31718,29337,30197,29824,34368,29551
32760,28654,32616,32712,48519,34280,36352,35244,33036,33092,37016,34682,32244,31718,29337,30197,29824,34368,29551
32770,29000,32897,32746,43115,34280,36352,35244,33036,33092,37016,34682,32244,31718,29337,30197,29824,34368,29551
32864,30432,32794,31477,24938,34280,36352,35244,33036,33092,37016,34682,32244,31718,29337,30197,29824,34368,29551
32984,30909,32808,33172,23852,34280,36352,35244,33036,33092,37016,34682,32244,31718,29337,30197,29824,34368,29551
32996,31692,32866,32436,30599,34280,36352,35244,33036,33092,37016,34682,32244,31718,29337,30197,29824,34368,29551
32960,32590,32445,32416,27778,34280,36352,35244,33036,33092,37016,34682,32244,31718,29337,30197,29824,34368,29551
32956,32784,32585,32896,27333,34280,36352,35244,33036,33092,37016,34682,32244,31718,29337,30197,29824,34368,29551
32960,32786,32720,32727,36509,34572,36336,35274,33030,33128,37000,34522,32162,31996,28939,29819,30860,34692,29122
32936,33015,32678,32696,35422,34572,36336,35274,33030,33128,37000,34522,32162,31996,28939,29819,30860,34692,29122
33014,33180,32917,32699,33140,34572,36336,35274,33030,33128,37000,34522,32162,31996,28939,29819,30860,34692,29122
32800,33233,32690,32920,33964,34572,36336,35274,33030,33128,37000,34522,32162,31996,28939,29819,30860,34692,29122
32847,33356,32805,32882,36502,34572,36336,35274,33030,33128,37000,34522,32162,31996,28939,29819,30860,34692,29122
32800,33970,32787,32496,33236,34572,36336,35274,33030,33128,37000,34522,32162,31996,28939,29819,30860,34692,29122
32726,34071,32814,32620,32903,34572,36336,35274,33030,33128,37000,34522,32162,31996,28939,29819,30860,34692,29122
32748,34012,32933,32151,35101,34572,36336,35274,33030,33128,37000,34522,32162,31996,28939,29819,30860,34692,29122
32706,33686,32837,33045,33108,34572,36336,35274,33030,33128,37000,34522,32162,31996,28939,29819,30860,34692,29122
32752,33401,32998,32707,30992,34572,36336,35274,33030,33128,37000,34522,32162,31996,28939,29819,30860,34692,29122
32752,33132,32905,32309,32100,34540,36312,35044,32992,33150,36954,34452,32080,31101,28948,30120,30536,34596,28901
32692,33100,33164,32294,33795,34540,36312,35044,32992,33150,36954,34452,32080,31101,28948,30120,30536,34596,28901
32680,34309,33186,32564,34056,34540,36312,35044,32992,33150,36954,34452,32080,31101,28948,30120,30536,34596,28901
32676,34067,32920,32585,31488,34540,36312,35044,32992,33150,36954,34452,32080,31101,28948,30120,30536,34596,28901
32778,32893,32996,32932,34726,34540,36312,35044,32992,33150,36954,34452,32080,31101,28948,30120,30536,34596,28901
32944,33007,32741,32512,32245,34540,36312,35044,32992,33150,36954,34452,32080,31101,28948,30120,30536,34596,28901
32966,34461,32742,32308,31696,34540,36312,35044,32992,33150,36954,34452,32080,31101,28948,30120,30536,34596,28901
32763,33782,33020,34992,31936,34540,36312,35044,32992,33150,36954,34452,32080,31101,28948,30120,30536,34596,28901
32740,29742,33390,34508,28842,34540,36312,35044,32992,33150,36954,34452,32080,31101,28948,30120,30536,34596,28901
32668,29287,32429,33404,32826,34540,36312,35044,32992,33150,36954,34452,32080,31101,28948,30120,30536,34596,28901
32702,30169,32292,31649,30869,34532,36348,34644,33012,32978,36836,34252,32220,30614,29088,30645,29836,34509,29518
32768,30516,32106,30983,33378,34532,36348,34644,33012,32978,36836,34252,32220,30614,29088,30645,29836,34509,29518
32716,30018,32588,32608,32625,34532,36348,34644,33012,32978,36836,34252,32220,30614,29088,30645,29836,34509,29518
32637,32028,32548,32691,35524,34532,36348,34644,33012,32978,36836,34252,32220,30614,29088,30645,29836,34509,29518
32556,33473,32884,33245,30519,34532,36348,34644,33012,32978,36836,34252,32220,30614,29088,30645,29836,34509,29518
32650,34300,32923,33248,34249,34532,36348,34644,33012,32978,36836,34252,32220,30614,29088,30645,29836,34509,29518
32729,33106,32800,33111,34837,34532,36348,34644,33012,32978,36836,34252,32220,30614,29088,30645,29836,34509,29518
32724,32745,32797,32803,32421,34532,36348,34644,33012,32978,36836,34252,32220,30614,29088,30645,29836,34509,29518
32687,32967,32540,32646,30595,34532,36348,34644,33012,32978,36836,34252,32220,30614,29088,30645,29836,34509,29518
32594,33386,32883,32760,32686,34532,36348,34644,33012,32978,36836,34252,32220,30614,29088,30645,29836,34509,29518
32541,33908,32984,32611,31389,34244,36364,34456,32954,32748,36745,34092,32084,30168,29188,33084,32000,39616,28100
32532,34078,32666,32588,33272,34244,36364,34456,32954,32748,36745,34092,32084,30168,29188,33084,32000,39616,28100
32612,33856,32645,32389,33152,34244,36364,34456,32954,32748,36745,34092,32084,30168,29188,33084,32000,39616,28100
32578,33351,32596,32157,33178,34244,36364,34456,32954,32748,36745,34092,32084,30168,29188,33084,32000,39616,28100
32596,33001,32326,32052,33404,34244,36364,34456,32954,32748,36745,34092,32084,30168,29188,33084,32000,39616,28100
32714,32977,33411,32210,34984,34244,36364,34456,32954,32748,36745,34092,32084,30168,29188,33084,32000,39616,28100
32683,33194,33177,32003,33714,34244,36364,34456,32954,32748,36745,34092,32084,30168,29188,33084,32000,39616,28100
32672,33124,32834,31740,30471,34244,36364,34456,32954,32748,36745,34092,32084,30168,29188,33084,32000,39616,28100
32691,32966,32701,31337,33754,34244,36364,34456,32954,32748,36745,34092,32084,30168,29188,33084,32000,39616,28100
32650,33138,32819,32063,33324,34244,36364,34456,32954,32748,36745,34092,32084,30168,29188,33084,32000,39616,28100
32677,33045,32916,31881,33949,34136,36361,34285,33128,32594,36692,34162,32062,29545,28159,33975,30604,35201,29825
32712,32890,33016,34368,32811,34136,36361,34285,33128,32594,36692,34162,32062,29545,28159,33975,30604,35201,29825
32816,32391,32700,33862,35770,34136,36361,34285,33128,32594,36692,34162,32062,29545,28159,33975,30604,35201,29825
32908,32154,32548,34065,33398,34136,36361,34285,33128,32594,36692,34162,32062,29545,28159,33975,30604,35201,29825
32732,32292,33744,38164,33446,34136,36361,34285,33128,32594,36692,34162,32062,29545,28159,33975,30604,35201,29825
32610,31909,33427,36871,33264,34136,36361,34285,33128,32594,36692,34162,32062,29545,28159,33975,30604,35201,29825
32460,32032,33138,33308,32211,34136,36361,34285,33128,32594,36692,34162,32062,29545,28159,33975,30604,35201,29825
32448,32532,32424,31857,29056,34136,36361,34285,33128,32594,36692,34162,32062,29545,28159,33975,30604,35201,29825
32478,32238,32286,31239,29191,34136,36361,34285,33128,32594,36692,34162,32062,29545,28159,33975,30604,35201,29825
32484,31979,32022,30387,31641,34136,36361,34285,33128,32594,36692,34162,32062,29545,28159,33975,30604,35201,29825
32565,32381,31842,30650,31283,34068,36356,34260,33129,32440,36700,34264,32032,29496,28520,35280,33849,39085,26863
32545,32584,32815,32476,32624,34068,36356,34260,33129,32440,36700,34264,32032,29496,28520,35280,33849,39085,26863
32388,33208,32947,33485,31470,34068,36356,34260,33129,32440,36700,34264,32032,29496,28520,35280,33849,39085,26863
32290,33979,33496,34432,34969,34068,36356,34260,33129,32440,36700,34264,32032,29496,28520,35280,33849,39085,26863
32354,33682,33817,34543,34706,34068,36356,34260,33129,32440,36700,34264,32032,29496,28520,35280,33849,39085,26863
32391,32713,32900,33126,32525,34068,36356,34260,33129,32440,36700,34264,32032,29496,28520,35280,33849,39085,26863
32456,33437,33337,31918,32620,34068,36356,34260,33129,32440,36700,34264,32032,29496,28520,35280,33849,39085,26863
32530,33774,32404,31994,31662,34068,36356,34260,33129,32440,36700,34264,32032,29496,28520,35280,33849,39085,26863
32629,32052,31745,32044,30685,34068,36356,34260,33129,32440,36700,34264,32032,29496,28520,35280,33849,39085,26863
32556,30648,31816,31906,33405,34068,36356,34260,33129,32440,36700,34264,32032,29496,28520,35280,33849,39085,26863
32556,32727,33115,32408,30994,34008,36384,34492,33048,32520,36788,34592,32036,29029,29100,37641,30482,37830,28140
32722,34122,34091,30704,31808,34008,36384,34492,33048,32520,36788,34592,32036,29029,29100,37641,30482,37830,28140
32814,33615,33083,29106,34917,34008,36384,34492,33048,32520,36788,34592,32036,29029,29100,37641,30482,37830,28140
32740,32718,31716,32600,35060,34008,36384,34492,33048,32520,36788,34592,32036,29029,29100,37641,30482,37830,28140
32844,33728,31774,36236,33572,34008,36384,34492,33048,32520,36788,34592,32036,29029,29100,37641,30482,37830,28140
32850,33939,32391,34640,32672,34008,36384,34492,33048,32520,36788,34592,32036,29029,29100,37641,30482,37830,28140
32806,33440,32210,34472,34329,34008,36384,34492,33048,32520,36788,34592,32036,29029,29100,37641,30482,37830,28140
32741,32359,32841,33845,31006,34008,36384,34492,33048,32520,36788,34592,32036,29029,29100,37641,30482,37830,28140
32740,31570,33252,32575,34004,34008,36384,34492,33048,32520,36788,34592,32036,29029,29100,37641,30482,37830,28140
32622,33168,32731,29796,33509,34008,36384,34492,33048,32520,36788,34592,32036,29029,29100,37641,30482,37830,28140
32448,31776,35259,30397,31821,33968,36356,34744,33064,32648,36914,34768,31997,29204,29408,37354,30316,35325,27994
32336,32200,33248,31874,33460,33968,36356,34744,33064,32648,36914,34768,31997,29204,29408,37354,30316,35325,27994
32482,32901,32248,33684,35002,33968,36356,34744,33064,32648,36914,34768,31997,29204,29408,37354,30316,35325,27994
32698,32651,31837,32527,34182,33968,36356,34744,33064,32648,36914,34768,31997,29204,29408,37354,30316,35325,27994
32796,32089,32034,31433,33152,33968,36356,34744,33064,32648,36914,34768,31997,29204,29408,37354,30316,35325,27994
33080,32402,32320,33669,33216,33968,36356,34744,33064,32648,36914,34768,31997,29204,29408,37354,30316,35325,27994
33298,33048,33006,35093,31918,33968,36356,34744,33064,32648,36914,34768,31997,29204,29408,37354,30316,35325,27994
33252,33451,34272,34933,33662,33968,36356,34744,33064,32648,36914,34768,31997,29204,29408,37354,30316,35325,27994
33064,33537,33040,33142,31603,33968,36356,34744,33064,32648,36914,34768,31997,29204,29408,37354,30316,35325,27994
33032,33456,31367,32466,33396,33968,36356,34744,33064,32648,36914,34768,31997,29204,29408,37354,30316,35325,27994
33086,33373,32263,31704,32280,34018,36425,35064,33156,32844,37114,35016,31946,29294,29484,36772,30745,35465,28024
33234,33159,31920,33138,34136,34018,36425,35064,33156,32844,37114,35016,31946,29294,29484,36772,30745,35465,28024
33202,32927,31069,32326,34158,34018,36425,35064,33156,32844,37114,35016,31946,29294,29484,36772,30745,35465,28024
33302,32866,32556,29029,32370,34018,36425,35064,33156,32844,37114,35016,31946,29294,29484,36772,30745,35465,28024
33266,32915,35288,28818,32804,34018,36425,35064,33156,32844,37114,35016,31946,29294,29484,36772,30745,35465,28024
33084,32605,36124,33889,30592,34018,36425,35064,33156,32844,37114,35016,31946,29294,29484,36772,30745,35465,28024
32941,32181,33952,37540,32128,34018,36425,35064,33156,32844,37114,35016,31946,29294,29484,36772,30745,35465,28024
32900,32288,31050,31125,34077,34018,36425,35064,33156,32844,37114,35016,31946,29294,29484,36772,30745,35465,28024
33054,32448,30857,33734,31362,34018,36425,35064,33156,32844,37114,35016,31946,29294,29484,36772,30745,35465,28024
33058,32515,31986,36277,32760,34018,36425,35064,33156,32844,37114,35016,31946,29294,29484,36772,30745,35465,28024
33068,32087,33310,34927,35345,34212,36666,35372,33176,33196,37324,35048,31808,29871,30441,34973,33940,39252,27356
33128,31970,34508,33806,33820,34212,36666,35372,33176,33196,37324,35048,31808,29871,30441,34973,33940,39252,27356
33199,32272,33934,33866,31576,34212,36666,35372,33176,33196,37324,35048,31808,29871,30441,34973,33940,39252,27356
33260,32994,33622,32983,32921,34212,36666,35372,33176,33196,37324,35048,31808,29871,30441,34973,33940,39252,27356
33225,33047,33683,33639,32552,34212,36666,35372,33176,33196,37324,35048,31808,29871,30441,34973,33940,39252,27356
33312,32744,32711,33419,30678,34212,36666,35372,33176,33196,37324,35048,31808,29871,30441,34973,33940,39252,27356
33224,32613,32100,31110,34655,34212,36666,35372,33176,33196,37324,35048,31808,29871,30441,34973,33940,39252,27356
33166,32869,31969,32545,30748,34212,36666,35372,33176,33196,37324,35048,31808,29871,30441,34973,33940,39252,27356
33108,33327,32027,32203,32598,34212,36666,35372,33176,33196,37324,35048,31808,29871,30441,34973,33940,39252,27356
32969,32898,31946,30747,35119,34212,36666,35372,33176,33196,37324,35048,31808,29871,30441,34973,33940,39252,27356
32978,32914,32712,28354,32986,34363,36832,35460,33208,33412,37336,35084,31820,30472,30884,35944,31484,38820,28804
32980,33913,33600,31397,32820,34363,36832,35460,33208,33412,37336,35084,31820,30472,30884,35944,31484,38820,28804
32950,34072,32733,32518,32890,34363,36832,35460,33208,33412,37336,35084,31820,30472,30884,35944,31484,38820,28804
32962,34460,32056,34640,31828,34363,36832,35460,33208,33412,37336,35084,31820,30472,30884,35944,31484,38820,28804
32964,33828,32558,36128,31864,34363,36832,35460,33208,33412,37336,35084,31820,30472,30884,35944,31484,38820,28804
32978,32570,33421,35388,32440,34363,36832,35460,33208,33412,37336,35084,31820,30472,30884,35944,31484,38820,28804
33040,31844,32771,33017,31677,34363,36832,35460,33208,33412,37336,35084,31820,30472,30884,35944,31484,38820,28804
33028,31622,32380,33320,32455,34363,36832,35460,33208,33412,37336,35084,31820,30472,30884,35944,31484,38820,28804
32989,31772,31758,36553,35019,34363,36832,35460,33208,33412,37336,35084,31820,30472,30884,35944,31484,38820,28804
32861,32244,33533,38324,33038,34363,36832,35460,33208,33412,37336,35084,31820,30472,30884,35944,31484,38820,28804
32845,32677,32932,34571,32738,34388,36936,35556,33120,33484,37272,35157,31816,31136,29468,34409,33256,40056,27381
32852,32759,33007,31900,33954,34388,36936,35556,33120,33484,37272,35157,31816,31136,29468,34409,33256,40056,27381
32813,32745,32405,31200,31613,34388,36936,35556,33120,33484,37272,35157,31816,31136,29468,34409,33256,40056,27381
32688,32667,33735,30852,34194,34388,36936,35556,33120,33484,37272,35157,31816,31136,29468,34409,33256,40056,27381
32667,32953,33557,30208,30959,34388,36936,35556,33120,33484,37272,35157,31816,31136,29468,34409,33256,40056,27381
32636,33081,33607,29031,33914,34388,36936,35556,33120,33484,37272,35157,31816,31136,29468,34409,33256,40056,27381
32563,33215,33005,27957,30921,34388,36936,35556,33120,33484,37272,35157,31816,31136,29468,34409,33256,40056,27381
32510,33303,32995,27015,33302,34388,36936,35556,33120,33484,37272,35157,31816,31136,29468,34409,33256,40056,27381
32546,33224,33752,26972,34949,34388,36936,35556,33120,33484,37272,35157,31816,31136,29468,34409,33256,40056,27381
32552,33443,32729,29349,33156,34388,36936,35556,33120,33484,37272,35157,31816,31136,29468,34409,33256,40056,27381
32646,33189,32071,33207,33487,34344,36856,35458,33189,33430,37284,34994,31732,31528,28268,32376,33924,37228,29661
32575,32967,31478,35832,31004,34344,36856,35458,33189,33430,37284,34994,31732,31528,28268,32376,33924,37228,29661
32504,32530,31956,37036,32192,34344,36856,35458,33189,33430,37284,34994,31732,31528,28268,32376,33924,37228,29661
32482,32322,32892,40199,32386,34344,36856,35458,33189,33430,37284,34994,31732,31528,28268,32376,33924,37228,29661
32532,31809,33472,40111,32231,34344,36856,35458,33189,33430,37284,34994,31732,31528,28268,32376,33924,37228,29661
32437,31618,32545,37457,31276,34344,36856,35458,33189,33430,37284,34994,31732,31528,28268,32376,33924,37228,29661
32488,32336,32519,32937,33652,34344,36856,35458,33189,33430,37284,34994,31732,31528,28268,32376,33924,37228,29661
32622,32468,33428,35496,33700,34344,36856,35458,33189,33430,37284,34994,31732,31528,28268,32376,33924,37228,29661
32853,32792,32869,31727,32445,34344,36856,35458,33189,33430,37284,34994,31732,31528,28268,32376,33924,37228,29661
32854,33212,32197,33012,35136,34344,36856,35458,33189,33430,37284,34994,31732,31528,28268,32376,33924,37228,29661
32826,33488,31596,33162,30348,34484,37142,35108,33188,33192,37472,34704,31632,31893,28156,31340,32969,35533,27788
32706,33468,31859,31727,32226,34484,37142,35108,33188,33192,37472,34704,31632,31893,28156,31340,32969,35533,27788
32794,33260,32556,30145,33108,34484,37142,35108,33188,33192,37472,34704,31632,31893,28156,31340,32969,35533,27788
32716,33041,34052,28922,32119,34484,37142,35108,33188,33192,37472,34704,31632,31893,28156,31340,32969,35533,27788
32629,32037,34043,32537,31002,34484,37142,35108,33188,33192,37472,34704,31632,31893,28156,31340,32969,35533,27788
32717,31428,33493,31736,32862,34484,37142,35108,33188,33192,37472,34704,31632,31893,28156,31340,32969,35533,27788
32784,32930,33303,30700,34292,34484,37142,35108,33188,33192,37472,34704,31632,31893,28156,31340,32969,35533,27788
32806,33488,33268,29897,33086,34484,37142,35108,33188,33192,37472,34704,31632,31893,28156,31340,32969,35533,27788
32866,33508,32538,32816,34496,34484,37142,35108,33188,33192,37472,34704,31632,31893,28156,31340,32969,35533,27788
32973,33620,32183,35467,31430,34484,37142,35108,33188,33192,37472,34704,31632,31893,28156,31340,32969,35533,27788
32886,33856,31949,33184,31959,34570,37618,34884,33228,32724,37756,34764,31616,31503,26724,32296,33604,35908,28584
32797,33753,32694,35248,33735,34570,37618,34884,33228,32724,37756,34764,31616,31503,26724,32296,33604,35908,28584
32854,33245,32810,32160,31958,34570,37618,34884,33228,32724,37756,34764,31616,31503,26724,32296,33604,35908,28584
32761,33234,32918,29544,32352,34570,37618,34884,33228,32724,37756,34764,31616,31503,26724,32296,33604,35908,28584
32856,33069,32560,31570,32894,34570,37618,34884,33228,32724,37756,34764,31616,31503,26724,32296,33604,35908,28584
32946,32252,32200,32196,34252,34570,37618,34884,33228,32724,37756,34764,31616,31503,26724,32296,33604,35908,28584
32808,31564,32770,28304,34260,34570,37618,34884,33228,32724,37756,34764,31616,31503,26724,32296,33604,35908,28584
32636,30512,33334,23392,32426,34570,37618,34884,33228,32724,37756,34764,31616,31503,26724,32296,33604,35908,28584
32510,31176,33348,23262,33028,34570,37618,34884,33228,32724,37756,34764,31616,31503,26724,32296,33604,35908,28584
32443,31767,32598,30500,30685,34570,37618,34884,33228,32724,37756,34764,31616,31503,26724,32296,33604,35908,28584
32452,32367,32622,32352,32592,34592,38208,34676,33108,32660,38194,34540,31516,30528,25412,32757,32782,35229,25184
32489,32981,31896,37885,33336,34592,38208,34676,33108,32660,38194,34540,31516,30528,25412,32757,32782,35229,25184
32440,32279,31743,43755,31976,34592,38208,34676,33108,32660,38194,34540,31516,30528,25412,32757,32782,35229,25184
32452,31970,32717,43872,32726,34592,38208,34676,33108,32660,38194,34540,31516,30528,25412,32757,32782,35229,25184
32440,32486,33268,39460,33304,34592,38208,34676,33108,32660,38194,34540,31516,30528,25412,32757,32782,35229,25184
32468,33084,35641,34054,33287,34592,38208,34676,33108,32660,38194,34540,31516,30528,25412,32757,32782,35229,25184
32516,33829,30654,30336,33409,34592,38208,34676,33108,32660,38194,34540,31516,30528,25412,32757,32782,35229,25184
32412,33880,28848,31748,32893,34592,38208,34676,33108,32660,38194,34540,31516,30528,25412,32757,32782,35229,25184
32406,33905,30444,29852,31189,34592,38208,34676,33108,32660,38194,34540,31516,30528,25412,32757,32782,35229,25184
32319,33616,31114,29122,32711,34592,38208,34676,33108,32660,38194,34540,31516,30528,25412,32757,32782,35229,25184
32498,33202,31282,31867,33241,34744,38776,34313,33152,32884,38444,34084,31398,29456,24185,33272,32562,35645,24324
32511,32526,35483,34564,30786,34744,38776,34313,33152,32884,38444,34084,31398,29456,24185,33272,32562,35645,24324
32512,32810,40794,33530,32677,34744,38776,34313,33152,32884,38444,34084,31398,29456,24185,33272,32562,35645,24324
32430,33055,35586,29840,33033,34744,38776,34313,33152,32884,38444,34084,31398,29456,24185,33272,32562,35645,24324
32362,33158,32542,30585,32599,34744,38776,34313,33152,32884,38444,34084,31398,29456,24185,33272,32562,35645,24324
32248,33062,33482,38595,34347,34744,38776,34313,33152,32884,38444,34084,31398,29456,24185,33272,32562,35645,24324
32196,32823,33202,42039,34382,34744,38776,34313,33152,32884,38444,34084,31398,29456,24185,33272,32562,35645,24324
32057,32545,33786,39515,32263,34744,38776,34313,33152,32884,38444,34084,31398,29456,24185,33272,32562,35645,24324
32229,32415,32671,35442,31756,34744,38776,34313,33152,32884,38444,34084,31398,29456,24185,33272,32562,35645,24324
32462,32658,32418,34528,34090,34744,38776,34313,33152,32884,38444,34084,31398,29456,24185,33272,32562,35645,24324
32770,32514,32269,33402,30888,34816,38952,34168,33226,33120,38548,34104,31288,28822,23704,32651,33240,36318,24970
33010,32164,32469,33682,32485,34816,38952,34168,33226,33120,38548,34104,31288,28822,23704,32651,33240,36318,24970
33170,32448,32392,32996,31719,34816,38952,34168,33226,33120,38548,34104,31288,28822,23704,32651,33240,36318,24970
33218,32985,32693,30984,32800,34816,38952,34168,33226,33120,38548,34104,31288,28822,23704,32651,33240,36318,24970
33152,33071,32444,29982,33618,34816,38952,34168,33226,33120,38548,34104,31288,28822,23704,32651,33240,36318,24970
33199,32923,32616,30664,34411,34816,38952,34168,33226,33120,38548,34104,31288,28822,23704,32651,33240,36318,24970
33116,33161,32636,30781,31592,34816,38952,34168,33226,33120,38548,34104,31288,28822,23704,32651,33240,36318,24970
32914,33662,32573,31059,32568,34816,38952,34168,33226,33120,38548,34104,31288,28822,23704,32651,33240,36318,24970
32532,33588,32080,31247,33908,34816,38952,34168,33226,33120,38548,34104,31288,28822,23704,32651,33240,36318,24970
32624,32170,31704,30653,34527,34816,38952,34168,33226,33120,38548,34104,31288,28822,23704,32651,33240,36318,24970
32850,31645,31751,29331,44295,35000,39104,33516,33120,33400,38652,34186,31216,32749,21631,30808,33089,36996,23404
33113,32455,32384,28510,24529,35000,39104,33516,33120,33400,38652,34186,31216,32749,21631,30808,33089,36996,23404
33414,32906,32673,29104,7936,35000,39104,33516,33120,33400,38652,34186,31216,32749,21631,30808,33089,36996,23404
33398,33105,32892,32225,27992,35000,39104,33516,33120,33400,38652,34186,31216,32749,21631,30808,33089,36996,23404
33385,33571,32775,34004,45607,35000,39104,33516,33120,33400,38652,34186,31216,32749,21631,30808,33089,36996,23404
33553,34300,32806,33715,46100,35000,39104,33516,33120,33400,38652,34186,31216,32749,21631,30808,33089,36996,23404
33964,34543,33071,32950,35780,35000,39104,33516,33120,33400,38652,34186,31216,32749,21631,30808,33089,36996,23404
33994,33644,33090,32708,33932,35000,39104,33516,33120,33400,38652,34186,31216,32749,21631,30808,33089,36996,23404
33804,33287,33030,33239,32759,35000,39104,33516,33120,33400,38652,34186,31216,32749,21631,30808,33089,36996,23404
33269,33025,32475,34436,27377,35000,39104,33516,33120,33400,38652,34186,31216,32749,21631,30808,33089,36996,23404
32955,32366,32159,32623,34208,35368,38932,33074,33256,34000,38770,34209,30998,32756,21128,33568,33626,39300,24561
33148,32077,32144,29828,34896,35368,38932,33074,33256,34000,38770,34209,30998,32756,21128,33568,33626,39300,24561
32949,31266,32086,28964,36503,35368,38932,33074,33256,34000,38770,34209,30998,32756,21128,33568,33626,39300,24561
32944,31017,32574,31602,36762,35368,38932,33074,33256,34000,38770,34209,30998,32756,21128,33568,33626,39300,24561
32761,31512,32376,31521,30776,35368,38932,33074,33256,34000,38770,34209,30998,32756,21128,33568,33626,39300,24561
32564,31751,32488,33158,31270,35368,38932,33074,33256,34000,38770,34209,30998,32756,21128,33568,33626,39300,24561
32526,31779,32792,34600,28407,35368,38932,33074,33256,34000,38770,34209,30998,32756,21128,33568,33626,39300,24561
32800,32597,33248,34498,30008,35368,38932,33074,33256,34000,38770,34209,30998,32756,21128,33568,33626,39300,24561
32861,33182,34036,34044,30964,35368,38932,33074,33256,34000,38770,34209,30998,32756,21128,33568,33626,39300,24561
32812,32410,34267,33832,32578,35368,38932,33074,33256,34000,38770,34209,30998,32756,21128,33568,33626,39300,24561
32386,32443,33710,33682,31609,35804,38736,32292,33312,34693,38814,34144,30796,32757,20472,36284,32544,38416,25184
32114,31674,32710,33904,33449,35804,38736,32292,33312,34693,38814,34144,30796,32757,20472,36284,32544,38416,25184
32464,31952,32575,33555,32960,35804,38736,32292,33312,34693,38814,34144,30796,32757,20472,36284,32544,38416,25184
32890,32448,32358,33035,33899,35804,38736,32292,33312,34693,38814,34144,30796,32757,20472,36284,32544,38416,25184
33188,32443,32364,32741,34873,35804,38736,32292,33312,34693,38814,34144,30796,32757,20472,36284,32544,38416,25184
32972,32918,31593,32956,31828,35804,38736,32292,33312,34693,38814,34144,30796,32757,20472,36284,32544,38416,25184
32651,33518,31536,32972,34896,35804,38736,32292,33312,34693,38814,34144,30796,32757,20472,36284,32544,38416,25184
32632,33522,33159,32662,36162,35804,38736,32292,33312,34693,38814,34144,30796,32757,20472,36284,32544,38416,25184
32649,33513,33874,32793,28598,35804,38736,32292,33312,34693,38814,34144,30796,32757,20472,36284,32544,38416,25184
32590,33276,33997,32649,31803,35804,38736,32292,33312,34693,38814,34144,30796,32757,20472,36284,32544,38416,25184
32549,33653,32786,31853,33215,36050,38824,31104,33180,35448,38760,34128,30620,32753,19154,39665,32680,39783,28513
32676,33596,32805,32164,37904,36050,38824,31104,33180,35448,38760,34128,30620,32753,19154,39665,32680,39783,28513
32762,33634,33008,32089,33984,36050,38824,31104,33180,35448,38760,34128,30620,32753,19154,39665,32680,39783,28513
32638,33454,33669,32201,24173,36050,38824,31104,33180,35448,38760,34128,30620,32753,19154,39665,32680,39783,28513
32868,33167,33719,33481,32405,36050,38824,31104,33180,35448,38760,34128,30620,32753,19154,39665,32680,39783,28513
33086,33338,33447,32661,29974,36050,38824,31104,33180,35448,38760,34128,30620,32753,19154,39665,32680,39783,28513
32896,32930,32804,33298,35660,36050,38824,31104,33180,35448,38760,34128,30620,32753,19154,39665,32680,39783,28513
32528,32626,32694,33735,34968,36050,38824,31104,33180,35448,38760,34128,30620,32753,19154,39665,32680,39783,28513
32453,32818,32553,33422,40956,36050,38824,31104,33180,35448,38760,34128,30620,32753,19154,39665,32680,39783,28513
32633,32805,33833,32755,25457,36050,38824,31104,33180,35448,38760,34128,30620,32753,19154,39665,32680,39783,28513
32881,32742,33646,32480,28590,35592,38976,29690,33362,35884,38596,34276,30408,32753,14980,44216,32312,41325,28866
32718,32944,32443,32647,38567,35592,38976,29690,33362,35884,38596,34276,30408,32753,14980,44216,32312,41325,28866
32586,33007,31911,33088,33509,35592,38976,29690,33362,35884,38596,34276,30408,32753,14980,44216,32312,41325,28866
32632,33010,31896,33095,28118,35592,38976,29690,33362,35884,38596,34276,30408,32753,14980,44216,32312,41325,28866
32604,32787,31639,32895,32610,35592,38976,29690,33362,35884,38596,34276,30408,32753,14980,44216,32312,41325,28866
32568,32752,31535,32732,35397,35592,38976,29690,33362,35884,38596,34276,30408,32753,14980,44216,32312,41325,28866
32510,32770,31431,32610,32612,35592,38976,29690,33362,35884,38596,34276,30408,32753,14980,44216,32312,41325,28866
32196,32859,31677,32544,32547,35592,38976,29690,33362,35884,38596,34276,30408,32753,14980,44216,32312,41325,28866
31950,32970,31974,32654,33789,35592,38976,29690,33362,35884,38596,34276,30408,32753,14980,44216,32312,41325,28866
31940,32896,32679,32705,34982,35592,38976,29690,33362,35884,38596,34276,30408,32753,14980,44216,32312,41325,28866
32073,32822,32549,32638,31932,34908,38244,29170,33394,35632,39217,33244,30120,32760,12204,54992,36300,49808,41052
32256,32928,32971,32488,32171,34908,38244,29170,33394,35632,39217,33244,30120,32760,12204,54992,36300,49808,41052
32299,32861,33676,32452,31160,34908,38244,29170,33394,35632,39217,33244,30120,32760,12204,54992,36300,49808,41052
31992,32802,34095,32431,31330,34908,38244,29170,33394,35632,39217,33244,30120,32760,12204,54992,36300,49808,41052
31684,32970,32780,32545,34525,34908,38244,29170,33394,35632,39217,33244,30120,32760,12204,54992,36300,49808,41052
31824,32748,32872,32571,33799,34908,38244,29170,33394,35632,39217,33244,30120,32760,12204,54992,36300,49808,41052
32301,32740,33158,32449,32702,34908,38244,29170,33394,35632,39217,33244,30120,32760,12204,54992,36300,49808,41052
32312,32662,33188,32852,34199,34908,38244,29170,33394,35632,39217,33244,30120,32760,12204,54992,36300,49808,41052
32345,32473,32756,32791,34837,34908,38244,29170,33394,35632,39217,33244,30120,32760,12204,54992,36300,49808,41052
32504,32703,33025,32625,30482,34908,38244,29170,33394,35632,39217,33244,30120,32760,12204,54992,36300,49808,41052
32618,32846,32900,32645,32741,34296,37824,30588,33244,35625,40236,32960,29860,32760,19218,65488,36946,51368,43732
32608,32833,33218,32837,30885,34296,37824,30588,33244,35625,40236,32960,29860,32760,19218,65488,36946,51368,43732
32571,32854,32967,32873,31172,34296,37824,30588,33244,35625,40236,32960,29860,32760,19218,65488,36946,51368,43732
32507,32954,32580,32929,34889,34296,37824,30588,33244,35625,40236,32960,29860,32760,19218,65488,36946,51368,43732
32688,32890,32820,32958,34311,34296,37824,30588,33244,35625,40236,32960,29860,32760,19218,65488,36946,51368,43732
32495,32868,33327,33029,33071,34296,37824,30588,33244,35625,40236,32960,29860,32760,19218,65488,36946,51368,43732
31941,32871,33620,32968,33368,34296,37824,30588,33244,35625,40236,32960,29860,32760,19218,65488,36946,51368,43732
32106,33146,33400,32774,33922,34296,37824,30588,33244,35625,40236,32960,29860,32760,19218,65488,36946,51368,43732
32072,33166,33164,32796,33531,34296,37824,30588,33244,35625,40236,32960,29860,32760,19218,65488,36946,51368,43732
31966,33109,33252,32579,32780,34296,37824,30588,33244,35625,40236,32960,29860,32760,19218,65488,36946,51368,43732
31919,33116,32864,32260,34394,34027,39256,32000,33240,34976,40904,32162,29632,27012,20828,65480,34448,48244,48754
32083,32662,32880,32392,31691,34027,39256,32000,33240,34976,40904,32162,29632,27012,20828,65480,34448,48244,48754
32117,31956,32762,32904,31524,34027,39256,32000,33240,34976,40904,32162,29632,27012,20828,65480,34448,48244,48754
32062,32410,32540,33319,34113,34027,39256,32000,33240,34976,40904,32162,29632,27012,20828,65480,34448,48244,48754
32069,32323,32590,33076,32468,34027,39256,32000,33240,34976,40904,32162,29632,27012,20828,65480,34448,48244,48754
31904,32616,31988,32780,32189,34027,39256,32000,33240,34976,40904,32162,29632,27012,20828,65480,34448,48244,48754
31868,33024,31659,32729,31420,34027,39256,32000,33240,34976,40904,32162,29632,27012,20828,65480,34448,48244,48754
32077,32985,31614,32767,31053,34027,39256,32000,33240,34976,40904,32162,29632,27012,20828,65480,34448,48244,48754
32082,32985,31396,32688,34120,34027,39256,32000,33240,34976,40904,32162,29632,27012,20828,65480,34448,48244,48754
32168,32835,31632,32727,32690,34027,39256,32000,33240,34976,40904,32162,29632,27012,20828,65480,34448,48244,48754
32420,33356,31862,32794,28674,34260,40204,33517,33522,33544,40810,32610,29272,28520,16108,65488,37289,52132,48732
32640,33281,32096,32902,32950,34260,40204,33517,33522,33544,40810,32610,29272,28520,16108,65488,37289,52132,48732
33144,33553,33134,32740,32348,34260,40204,33517,33522,33544,40810,32610,29272,28520,16108,65488,37289,52132,48732
33412,33806,33315,32759,33360,34260,40204,33517,33522,33544,40810,32610,29272,28520,16108,65488,37289,52132,48732
33226,33588,33537,32914,34678,34260,40204,33517,33522,33544,40810,32610,29272,28520,16108,65488,37289,52132,48732
33229,32441,33511,33044,31651,34260,40204,33517,33522,33544,40810,32610,29272,28520,16108,65488,37289,52132,48732
33406,30808,33690,32981,31050,34260,40204,33517,33522,33544,40810,32610,29272,28520,16108,65488,37289,52132,48732
33754,31222,33797,32682,32612,34260,40204,33517,33522,33544,40810,32610,29272,28520,16108,65488,37289,52132,48732
33776,31785,33379,32674,32387,34260,40204,33517,33522,33544,40810,32610,29272,28520,16108,65488,37289,52132,48732
33670,32815,33534,32762,32857,34260,40204,33517,33522,33544,40810,32610,29272,28520,16108,65488,37289,52132,48732
33698,32717,33381,32736,32490,33805,39584,35048,33522,31812,40448,33912,28938,28376,10430,52304,38184,54588,50168
33522,32692,33006,32566,32784,33805,39584,35048,33522,31812,40448,33912,28938,28376,10430,52304,38184,54588,50168
33076,32754,32933,32652,33872,33805,39584,35048,33522,31812,40448,33912,28938,28376,10430,52304,38184,54588,50168
32861,32324,32424,32769,35470,33805,39584,35048,33522,31812,40448,33912,28938,28376,10430,52304,38184,54588,50168
32722,31783,32378,33132,31699,33805,39584,35048,33522,31812,40448,33912,28938,28376,10430,52304,38184,54588,50168
32647,31887,32156,33234,32790,33805,39584,35048,33522,31812,40448,33912,28938,28376,10430,52304,38184,54588,50168
32498,32864,32252,33101,33792,33805,39584,35048,33522,31812,40448,33912,28938,28376,10430,52304,38184,54588,50168
32386,33374,32093,32839,31904,33805,39584,35048,33522,31812,40448,33912,28938,28376,10430,52304,38184,54588,50168
32476,32795,32618,32796,32980,33805,39584,35048,33522,31812,40448,33912,28938,28376,10430,52304,38184,54588,50168
32604,32896,32714,32908,31911,33805,39584,35048,33522,31812,40448,33912,28938,28376,10430,52304,38184,54588,50168
32566,32900,32578,32798,34026,33694,39000,35872,33888,30336,40200,35616,28552,27288,9224,42643,37580,50264,44392
32932,32662,32850,32884,33757,33694,39000,35872,33888,30336,40200,35616,28552,27288,9224,42643,37580,50264,44392
33205,32539,33065,32888,35817,33694,39000,35872,33888,30336,40200,35616,28552,27288,9224,42643,37580,50264,44392
33037,32786,32942,32708,33785,33694,39000,35872,33888,30336,40200,35616,28552,27288,9224,42643,37580,50264,44392
33220,33036,32990,32773,31568,33694,39000,35872,33888,30336,40200,35616,28552,27288,9224,42643,37580,50264,44392
33606,32416,33110,32924,33583,33694,39000,35872,33888,30336,40200,35616,28552,27288,9224,42643,37580,50264,44392
33868,31872,32805,33014,24962,33694,39000,35872,33888,30336,40200,35616,28552,27288,9224,42643,37580,50264,44392
33964,32253,32840,32903,39913,33694,39000,35872,33888,30336,40200,35616,28552,27288,9224,42643,37580,50264,44392
33706,32696,32927,32839,31092,33694,39000,35872,33888,30336,40200,35616,28552,27288,9224,42643,37580,50264,44392
33404,32833,32644,32842,30782,33694,39000,35872,33888,30336,40200,35616,28552,27288,9224,42643,37580,50264,44392
33195,33017,32870,32740,36422,33450,39725,36192,34056,29800,39924,36816,28192,24390,9154,36500,40392,47788,37260
33223,32970,32711,32792,36581,33450,39725,36192,34056,29800,39924,36816,28192,24390,9154,36500,40392,47788,37260
33268,32937,32914,32869,32489,33450,39725,36192,34056,29800,39924,36816,28192,24390,9154,36500,40392,47788,37260
33252,32903,32856,32828,31380,33450,39725,36192,34056,29800,39924,36816,28192,24390,9154,36500,40392,47788,37260
33292,32846,32774,32833,32524,33450,39725,36192,34056,29800,39924,36816,28192,24390,9154,36500,40392,47788,37260
33328,32865,32997,32890,29166,33450,39725,36192,34056,29800,39924,36816,28192,24390,9154,36500,40392,47788,37260
33409,32860,32802,32923,32704,33450,39725,36192,34056,29800,39924,36816,28192,24390,9154,36500,40392,47788,37260
33381,32794,33129,32833,30023,33450,39725,36192,34056,29800,39924,36816,28192,24390,9154,36500,40392,47788,37260
33244,32740,32946,32775,33176,33450,39725,36192,34056,29800,39924,36816,28192,24390,9154,36500,40392,47788,37260
33273,32765,32967,32794,35487,33450,39725,36192,34056,29800,39924,36816,28192,24390,9154,36500,40392,47788,37260
33142,32882,33044,32872,34356,33664,39762,37560,34296,30084,39192,37465,27768,22284,8885,25104,37605,41117,27374
32972,32858,32763,32901,36916,33664,39762,37560,34296,30084,39192,37465,27768,22284,8885,25104,37605,41117,27374
32754,32905,32966,32970,35904,33664,39762,37560,34296,30084,39192,37465,27768,22284,8885,25104,37605,41117,27374
32804,33060,32724,32815,31451,33664,39762,37560,34296,30084,39192,37465,27768,22284,8885,25104,37605,41117,27374
32817,33141,32724,32802,28456,33664,39762,37560,34296,30084,39192,37465,27768,22284,8885,25104,37605,41117,27374
32637,33164,32890,32859,27215,33664,39762,37560,34296,30084,39192,37465,27768,22284,8885,25104,37605,41117,27374
32660,32992,32763,32879,38463,33664,39762,37560,34296,30084,39192,37465,27768,22284,8885,25104,37605,41117,27374
32624,32800,33018,32946,19164,33664,39762,37560,34296,30084,39192,37465,27768,22284,8885,25104,37605,41117,27374
32626,32904,32710,32911,37991,33664,39762,37560,34296,30084,39192,37465,27768,22284,8885,25104,37605,41117,27374
32796,32950,32892,32848,34477,33664,39762,37560,34296,30084,39192,37465,27768,22284,8885,25104,37605,41117,27374
32622,33012,32820,32742,34889,33456,39520,38364,34402,30849,38368,37448,27222,21550,9957,19559,37708,35484,21261
32433,33083,33188,32714,32487,33456,39520,38364,34402,30849,38368,37448,27222,21550,9957,19559,37708,35484,21261
32585,32965,33012,32677,29694,33456,39520,38364,34402,30849,38368,37448,27222,21550,9957,19559,37708,35484,21261
32685,33155,33096,32669,37546,33456,39520,38364,34402,30849,38368,37448,27222,21550,9957,19559,37708,35484,21261
32608,33093,32739,32656,31367,33456,39520,38364,34402,30849,38368,37448,27222,21550,9957,19559,37708,35484,21261
32618,32796,32818,32591,36088,33456,39520,38364,34402,30849,38368,37448,27222,21550,9957,19559,37708,35484,21261
32565,33047,32796,32540,32379,33456,39520,38364,34402,30849,38368,37448,27222,21550,9957,19559,37708,35484,21261
32649,33232,32714,32554,28639,33456,39520,38364,34402,30849,38368,37448,27222,21550,9957,19559,37708,35484,21261
32563,33479,32692,32543,37965,33456,39520,38364,34402,30849,38368,37448,27222,21550,9957,19559,37708,35484,21261
32449,33018,32644,32535,28672,33456,39520,38364,34402,30849,38368,37448,27222,21550,9957,19559,37708,35484,21261
32578,32007,32940,32645,37060,33488,38946,39544,34482,31372,37285,36988,26756,21615,10978,14088,38588,33781,21369
32540,32215,32868,32786,30144,33488,38946,39544,34482,31372,37285,36988,26756,21615,10978,14088,38588,33781,21369
32453,32540,33188,32741,32410,33488,38946,39544,34482,31372,37285,36988,26756,21615,10978,14088,38588,33781,21369
32474,32371,32903,32673,34216,33488,38946,39544,34482,31372,37285,36988,26756,21615,10978,14088,38588,33781,21369
32583,32092,33116,32613,30592,33488,38946,39544,34482,31372,37285,36988,26756,21615,10978,14088,38588,33781,21369
32466,31816,32924,32616,36003,33488,38946,39544,34482,31372,37285,36988,26756,21615,10978,14088,38588,33781,21369
32504,32255,33096,32598,30151,33488,38946,39544,34482,31372,37285,36988,26756,21615,10978,14088,38588,33781,21369
32424,33522,33021,32678,32696,33488,38946,39544,34482,31372,37285,36988,26756,21615,10978,14088,38588,33781,21369
32472,34796,32749,32742,29901,33488,38946,39544,34482,31372,37285,36988,26756,21615,10978,14088,38588,33781,21369
32390,34862,32786,32768,30414,33488,38946,39544,34482,31372,37285,36988,26756,21615,10978,14088,38588,33781,21369
32266,35206,32696,32720,30352,33840,38500,40186,34584,31600,36005,36954,26331,21836,9652,5262,38350,27496,21802
32252,36261,32873,32760,31248,33840,38500,40186,34584,31600,36005,36954,26331,21836,9652,5262,38350,27496,21802
32402,34461,32809,33021,35138,33840,38500,40186,34584,31600,36005,36954,26331,21836,9652,5262,38350,27496,21802
32556,31944,32675,33263,35500,33840,38500,40186,34584,31600,36005,36954,26331,21836,9652,5262,38350,27496,21802
32593,30554,32834,33015,34690,33840,38500,40186,34584,31600,36005,36954,26331,21836,9652,5262,38350,27496,21802
32633,31428,32669,32916,37180,33840,38500,40186,34584,31600,36005,36954,26331,21836,9652,5262,38350,27496,21802
32647,32115,32846,32756,34545,33840,38500,40186,34584,31600,36005,36954,26331,21836,9652,5262,38350,27496,21802
32668,31646,32605,32692,34100,33840,38500,40186,34584,31600,36005,36954,26331,21836,9652,5262,38350,27496,21802
32690,31824,32775,32576,33572,33840,38500,40186,34584,31600,36005,36954,26331,21836,9652,5262,38350,27496,21802
32832,32138,32474,32523,31688,33840,38500,40186,34584,31600,36005,36954,26331,21836,9652,5262,38350,27496,21802
32952,31795,32649,32564,35399,34784,37944,40184,34636,31390,34828,37896,25800,22952,10273,101,38464,22454,20536
33049,32219,32485,32665,35028,34784,37944,40184,34636,31390,34828,37896,25800,22952,10273,101,38464,22454,20536
33129,32704,32755,32730,35065,34784,37944,40184,34636,31390,34828,37896,25800,22952,10273,101,38464,22454,20536
33165,33081,32520,32770,32642,34784,37944,40184,34636,31390,34828,37896,25800,22952,10273,101,38464,22454,20536
33287,32239,32835,32911,28980,34784,37944,40184,34636,31390,34828,37896,25800,22952,10273,101,38464,22454,20536
33290,32258,32341,32831,27928,34784,37944,40184,34636,31390,34828,37896,25800,22952,10273,101,38464,22454,20536
33257,33882,32661,32877,25599,34784,37944,40184,34636,31390,34828,37896,25800,22952,10273,101,38464,22454,20536
33360,34786,32502,32855,22284,34784,37944,40184,34636,31390,34828,37896,25800,22952,10273,101,38464,22454,20536
33340,33252,32916,32889,28972,34784,37944,40184,34636,31390,34828,37896,25800,22952,10273,101,38464,22454,20536
33292,31676,32720,32970,42640,34784,37944,40184,34636,31390,34828,37896,25800,22952,10273,101,38464,22454,20536
33241,31304,32989,32959,18305,35362,37436,39804,34586,31938,33808,39044,25405,22753,9583,102,40028,16956,14813
33186,32661,32594,32818,60632,35362,37436,39804,34586,31938,33808,39044,25405,22753,9583,102,40028,16956,14813
33090,33079,32720,32908,9886,35362,37436,39804,34586,31938,33808,39044,25405,22753,9583,102,40028,16956,14813
33058,33216,32352,33054,56204,35362,37436,39804,34586,31938,33808,39044,25405,22753,9583,102,40028,16956,14813
32991,31135,32474,32954,45769,35362,37436,39804,34586,31938,33808,39044,25405,22753,9583,102,40028,16956,14813
32836,31666,32793,32852,33176,35362,37436,39804,34586,31938,33808,39044,25405,22753,9583,102,40028,16956,14813
32780,32733,32636,32924,31193,35362,37436,39804,34586,31938,33808,39044,25405,22753,9583,102,40028,16956,14813
32712,32204,33001,32981,35472,35362,37436,39804,34586,31938,33808,39044,25405,22753,9583,102,40028,16956,14813
32740,32402,32912,32942,43966,35362,37436,39804,34586,31938,33808,39044,25405,22753,9583,102,40028,16956,14813
32720,33858,33225,32937,31716,35362,37436,39804,34586,31938,33808,39044,25405,22753,9583,102,40028,16956,14813
32728,32484,33166,32839,27504,36096,37408,39056,34570,32628,32896,40428,25170,22479,7932,101,42420,14622,9911
32868,30901,32969,32834,32357,36096,37408,39056,34570,32628,32896,40428,25170,22479,7932,101,42420,14622,9911
32804,31634,33044,32730,44708,36096,37408,39056,34570,32628,32896,40428,25170,22479,7932,101,42420,14622,9911
32733,33172,32865,32825,33223,36096,37408,39056,34570,32628,32896,40428,25170,22479,7932,101,42420,14622,9911
32620,33429,32973,32844,26548,36096,37408,39056,34570,32628,32896,40428,25170,22479,7932,101,42420,14622,9911
32593,34101,33628,32828,22936,36096,37408,39056,34570,32628,32896,40428,25170,22479,7932,101,42420,14622,9911
32561,35448,32704,32974,6886,36096,37408,39056,34570,32628,32896,40428,25170,22479,7932,101,42420,14622,9911
32762,36930,32345,32981,14018,36096,37408,39056,34570,32628,32896,40428,25170,22479,7932,101,42420,14622,9911
32684,37324,32402,33007,28581,36096,37408,39056,34570,32628,32896,40428,25170,22479,7932,101,42420,14622,9911
32722,35451,32541,33083,34743,36096,37408,39056,34570,32628,32896,40428,25170,22479,7932,101,42420,14622,9911
32679,35044,32297,33017,61956,36356,37484,37952,34600,33134,32432,41212,24878,22233,5698,106,42485,13372,8643
32809,32338,32966,32774,58593,36356,37484,37952,34600,33134,32432,41212,24878,22233,5698,106,42485,13372,8643
32716,30249,33535,32515,31852,36356,37484,37952,34600,33134,32432,41212,24878,22233,5698,106,42485,13372,8643
32820,31654,33158,32349,20615,36356,37484,37952,34600,33134,32432,41212,24878,22233,5698,106,42485,13372,8643
32844,33405,31557,32364,31692,36356,37484,37952,34600,33134,32432,41212,24878,22233,5698,106,42485,13372,8643
32812,33732,31181,32448,19834,36356,37484,37952,34600,33134,32432,41212,24878,22233,5698,106,42485,13372,8643
32668,33056,32097,32518,29574,36356,37484,37952,34600,33134,32432,41212,24878,22233,5698,106,42485,13372,8643
32748,30727,32969,32599,46656,36356,37484,37952,34600,33134,32432,41212,24878,22233,5698,106,42485,13372,8643
32712,29579,33685,32691,48023,36356,37484,37952,34600,33134,32432,41212,24878,22233,5698,106,42485,13372,8643
32784,30556,32439,32684,35269,36356,37484,37952,34600,33134,32432,41212,24878,22233,5698,106,42485,13372,8643
32796,29842,32384,32773,30810,36396,37532,36776,34732,34020,33088,39096,24748,21657,5438,2313,35968,13528,17284
32866,30262,32658,32754,29176,36396,37532,36776,34732,34020,33088,39096,24748,21657,5438,2313,35968,13528,17284
33033,32392,34785,32692,30982,36396,37532,36776,34732,34020,33088,39096,24748,21657,5438,2313,35968,13528,17284
32962,33225,33358,32540,27920,36396,37532,36776,34732,34020,33088,39096,24748,21657,5438,2313,35968,13528,17284
33072,32986,32791,32571,29416,36396,37532,36776,34732,34020,33088,39096,24748,21657,5438,2313,35968,13528,17284
33300,32916,34292,32755,29807,36396,37532,36776,34732,34020,33088,39096,24748,21657,5438,2313,35968,13528,17284
33320,33247,34023,32885,34510,36396,37532,36776,34732,34020,33088,39096,24748,21657,5438,2313,35968,13528,17284
33185,33552,31933,32804,35232,36396,37532,36776,34732,34020,33088,39096,24748,21657,5438,2313,35968,13528,17284
33270,32909,30813,32782,34648,36396,37532,36776,34732,34020,33088,39096,24748,21657,5438,2313,35968,13528,17284
33008,33658,31975,32851,33148,36396,37532,36776,34732,34020,33088,39096,24748,21657,5438,2313,35968,13528,17284
32941,33451,32460,32816,33918,36600,37456,36548,34912,33592,34032,38888,24504,21850,8030,7944,38692,14648,23080
32896,32801,32761,32913,35106,36600,37456,36548,34912,33592,34032,38888,24504,21850,8030,7944,38692,14648,23080
32946,33966,32330,32902,32728,36600,37456,36548,34912,33592,34032,38888,24504,21850,8030,7944,38692,14648,23080
32922,34970,32723,32935,34045,36600,37456,36548,34912,33592,34032,38888,24504,21850,8030,7944,38692,14648,23080
32936,32066,32461,33016,34426,36600,37456,36548,34912,33592,34032,38888,24504,21850,8030,7944,38692,14648,23080
32972,31162,31940,32871,35423,36600,37456,36548,34912,33592,34032,38888,24504,21850,8030,7944,38692,14648,23080
33015,32767,32473,32676,28900,36600,37456,36548,34912,33592,34032,38888,24504,21850,8030,7944,38692,14648,23080
32994,33281,32612,32509,29722,36600,37456,36548,34912,33592,34032,38888,24504,21850,8030,7944,38692,14648,23080
33054,32668,33043,32639,27386,36600,37456,36548,34912,33592,34032,38888,24504,21850,8030,7944,38692,14648,23080
33206,31776,32967,32784,29338,36600,37456,36548,34912,33592,34032,38888,24504,21850,8030,7944,38692,14648,23080
33186,32071,33332,32982,28322,36668,37104,36978,35048,32712,34478,36710,24376,23548,13417,9847,34304,12450,31880
33210,32820,34518,33021,32325,36668,37104,36978,35048,32712,34478,36710,24376,23548,13417,9847,34304,12450,31880
33173,34454,33050,32818,31431,36668,37104,36978,35048,32712,34478,36710,24376,23548,13417,9847,34304,12450,31880
33136,33201,31596,32588,33022,36668,37104,36978,35048,32712,34478,36710,24376,23548,13417,9847,34304,12450,31880
33072,31175,33466,32528,35462,36668,37104,36978,35048,32712,34478,36710,24376,23548,13417,9847,34304,12450,31880
33114,34105,33696,32584,36114,36668,37104,36978,35048,32712,34478,36710,24376,23548,13417,9847,34304,12450,31880
33211,33417,32978,32706,31581,36668,37104,36978,35048,32712,34478,36710,24376,23548,13417,9847,34304,12450,31880
33254,33294,32612,32780,31749,36668,37104,36978,35048,32712,34478,36710,24376,23548,13417,9847,34304,12450,31880
33184,34085,31636,32848,30097,36668,37104,36978,35048,32712,34478,36710,24376,23548,13417,9847,34304,12450,31880
33058,33912,31749,32775,35425,36668,37104,36978,35048,32712,34478,36710,24376,23548,13417,9847,34304,12450,31880
33084,31900,33320,32821,37796,36641,37064,37372,35204,32362,33916,36800,24208,22295,16417,15603,33891,8377,31140
33148,29977,33102,32952,38694,36641,37064,37372,35204,32362,33916,36800,24208,22295,16417,15603,33891,8377,31140
33200,29147,32388,33043,31872,36641,37064,37372,35204,32362,33916,36800,24208,22295,16417,15603,33891,8377,31140
33244,32416,31664,33190,23468,36641,37064,37372,35204,32362,33916,36800,24208,22295,16417,15603,33891,8377,31140
33190,35571,32832,32975,26165,36641,37064,37372,35204,32362,33916,36800,24208,22295,16417,15603,33891,8377,31140
33318,34370,32108,32834,31559,36641,37064,37372,35204,32362,33916,36800,24208,22295,16417,15603,33891,8377,31140
33220,32369,33679,32754,33510,36641,37064,37372,35204,32362,33916,36800,24208,22295,16417,15603,33891,8377,31140
33334,32599,35380,32698,33860,36641,37064,37372,35204,32362,33916,36800,24208,22295,16417,15603,33891,8377,31140
33476,32226,34348,32950,34594,36641,37064,37372,35204,32362,33916,36800,24208,22295,16417,15603,33891,8377,31140
33340,32123,34877,33101,35642,36641,37064,37372,35204,32362,33916,36800,24208,22295,16417,15603,33891,8377,31140
33233,31158,33988,33015,36960,36042,36756,37476,35282,32080,33512,37221,24082,22269,18407,14996,35077,3346,27274
33094,31009,31088,32950,36697,36042,36756,37476,35282,32080,33512,37221,24082,22269,18407,14996,35077,3346,27274
32919,33126,31905,32822,36079,36042,36756,37476,35282,32080,33512,37221,24082,22269,18407,14996,35077,3346,27274
32860,34027,32179,32808,32197,36042,36756,37476,35282,32080,33512,37221,24082,22269,18407,14996,35077,3346,27274
32776,34087,32441,32775,31652,36042,36756,37476,35282,32080,33512,37221,24082,22269,18407,14996,35077,3346,27274
32805,34418,32708,32786,31860,36042,36756,37476,35282,32080,33512,37221,24082,22269,18407,14996,35077,3346,27274
32824,34720,32978,32775,31431,36042,36756,37476,35282,32080,33512,37221,24082,22269,18407,14996,35077,3346,27274
32872,33564,32939,33010,32818,36042,36756,37476,35282,32080,33512,37221,24082,22269,18407,14996,35077,3346,27274
32909,31364,32528,33081,32858,36042,36756,37476,35282,32080,33512,37221,24082,22269,18407,14996,35077,3346,27274
32966,30552,32831,33030,30606,36042,36756,37476,35282,32080,33512,37221,24082,22269,18407,14996,35077,3346,27274
32936,34014,32658,33039,33281,35885,36444,37384,35368,32328,32920,37376,24076,22356,19436,14800,32234,63,19809
32974,33966,32214,32928,32971,35885,36444,37384,35368,32328,32920,37376,24076,22356,19436,14800,32234,63,19809
32845,33594,31556,32907,32370,35885,36444,37384,35368,32328,32920,37376,24076,22356,19436,14800,32234,63,19809
32732,31221,31777,32737,33397,35885,36444,37384,35368,32328,32920,37376,24076,22356,19436,14800,32234,63,19809
32614,31628,32488,32610,29117,35885,36444,37384,35368,32328,32920,37376,24076,22356,19436,14800,32234,63,19809
32587,33351,32760,32785,31070,35885,36444,37384,35368,32328,32920,37376,24076,22356,19436,14800,32234,63,19809
32452,30894,33526,32996,27922,35885,36444,37384,35368,32328,32920,37376,24076,22356,19436,14800,32234,63,19809
32446,31609,33281,33067,32198,35885,36444,37384,35368,32328,32920,37376,24076,22356,19436,14800,32234,63,19809
32378,32496,33372,32998,34995,35885,36444,37384,35368,32328,32920,37376,24076,22356,19436,14800,32234,63,19809
32336,30814,33726,33031,38812,35885,36444,37384,35368,32328,32920,37376,24076,22356,19436,14800,32234,63,19809
32190,31788,33081,33011,39431,36012,36033,37124,35308,32772,32344,37272,24068,23004,18790,11973,31748,65,18596
32258,33045,32626,33096,36724,36012,36033,37124,35308,32772,32344,37272,24068,23004,18790,11973,31748,65,18596
32320,31640,33181,33122,31441,36012,36033,37124,35308,32772,32344,37272,24068,23004,18790,11973,31748,65,18596
32234,32217,33044,33036,32361,36012,36033,37124,35308,32772,32344,37272,24068,23004,18790,11973,31748,65,18596
32248,33381,32902,32769,29458,36012,36033,37124,35308,32772,32344,37272,24068,23004,18790,11973,31748,65,18596
32247,33739,32404,32648,32100,36012,36033,37124,35308,32772,32344,37272,24068,23004,18790,11973,31748,65,18596
32125,33355,31657,32540,30465,36012,36033,37124,35308,32772,32344,37272,24068,23004,18790,11973,31748,65,18596
32053,33142,31526,32736,32098,36012,36033,37124,35308,32772,32344,37272,24068,23004,18790,11973,31748,65,18596
31938,33756,31876,32909,33402,36012,36033,37124,35308,32772,32344,37272,24068,23004,18790,11973,31748,65,18596
31996,33452,33306,33090,34744,36012,36033,37124,35308,32772,32344,37272,24068,23004,18790,11973,31748,65,18596
31992,34128,33940,33131,30497,36206,35644,37132,35504,33282,32120,37488,24016,23652,18649,9602,29837,64,19424
32064,33275,33552,33017,33988,36206,35644,37132,35504,33282,32120,37488,24016,23652,18649,9602,29837,64,19424
32057,35574,31668,32746,35929,36206,35644,37132,35504,33282,32120,37488,24016,23652,18649,9602,29837,64,19424
31996,36076,31808,32758,33275,36206,35644,37132,35504,33282,32120,37488,24016,23652,18649,9602,29837,64,19424
31904,35517,32820,32665,33270,36206,35644,37132,35504,33282,32120,37488,24016,23652,18649,9602,29837,64,19424
31976,32988,32110,32741,32808,36206,35644,37132,35504,33282,32120,37488,24016,23652,18649,9602,29837,64,19424
32046,34154,36140,32796,33172,36206,35644,37132,35504,33282,32120,37488,24016,23652,18649,9602,29837,64,19424
32029,34269,34489,32930,32689,36206,35644,37132,35504,33282,32120,37488,24016,23652,18649,9602,29837,64,19424
31942,34580,32804,33086,28994,36206,35644,37132,35504,33282,32120,37488,24016,23652,18649,9602,29837,64,19424
31916,34670,32166,32936,32536,36206,35644,37132,35504,33282,32120,37488,24016,23652,18649,9602,29837,64,19424
31805,33140,31460,33010,35303,36436,35194,36624,35436,33536,32284,37404,24165,24292,18640,8934,30010,63,18832
31716,32822,32632,32906,29505,36436,35194,36624,35436,33536,32284,37404,24165,24292,18640,8934,30010,63,18832
31794,33303,33241,32701,31993,36436,35194,36624,35436,33536,32284,37404,24165,24292,18640,8934,30010,63,18832
32008,33852,34940,32684,33420,36436,35194,36624,35436,33536,32284,37404,24165,24292,18640,8934,30010,63,18832
32338,28260,33108,32974,30756,36436,35194,36624,35436,33536,32284,37404,24165,24292,18640,8934,30010,63,18832
32485,23821,31656,33346,34229,36436,35194,36624,35436,33536,32284,37404,24165,24292,18640,8934,30010,63,18832
32428,28584,32687,33228,38448,36436,35194,36624,35436,33536,32284,37404,24165,24292,18640,8934,30010,63,18832
32520,30876,33703,32773,30163,36436,35194,36624,35436,33536,32284,37404,24165,24292,18640,8934,30010,63,18832
32364,31918,31880,32658,28684,36436,35194,36624,35436,33536,32284,37404,24165,24292,18640,8934,30010,63,18832
32360,31122,31842,32851,34017,36436,35194,36624,35436,33536,32284,37404,24165,24292,18640,8934,30010,63,18832
32352,32322,32303,32948,38116,36512,35152,36148,35395,33700,32676,36932,24271,25172,21397,10801,29220,62,21946
32516,34325,31920,32796,28756,36512,35152,36148,35395,33700,32676,36932,24271,25172,21397,10801,29220,62,21946
32621,32904,32198,32644,32874,36512,35152,36148,35395,33700,32676,36932,24271,25172,21397,10801,29220,62,21946
32788,30864,32711,32621,35708,36512,35152,36148,35395,33700,32676,36932,24271,25172,21397,10801,29220,62,21946
32989,32145,32911,32804,37212,36512,35152,36148,35395,33700,32676,36932,24271,25172,21397,10801,29220,62,21946
32976,33260,33477,32824,32300,36512,35152,36148,35395,33700,32676,36932,24271,25172,21397,10801,29220,62,21946
33060,34127,32450,32873,37286,36512,35152,36148,35395,33700,32676,36932,24271,25172,21397,10801,29220,62,21946
33093,33906,33364,32832,35979,36512,35152,36148,35395,33700,32676,36932,24271,25172,21397,10801,29220,62,21946
33048,34145,33582,32797,30979,36512,35152,36148,35395,33700,32676,36932,24271,25172,21397,10801,29220,62,21946
32866,36782,32646,32884,29466,36512,35152,36148,35395,33700,32676,36932,24271,25172,21397,10801,29220,62,21946
32843,36832,32563,32868,32669,36537,34792,36224,35440,33824,33024,36832,24426,25488,23817,14721,28336,62,27508
32853,33036,33260,32772,35753,36537,34792,36224,35440,33824,33024,36832,24426,25488,23817,14721,28336,62,27508
32872,30692,33593,32950,35586,36537,34792,36224,35440,33824,33024,36832,24426,25488,23817,14721,28336,62,27508
32952,32558,33022,32984,37348,36537,34792,36224,35440,33824,33024,36832,24426,25488,23817,14721,28336,62,27508
33134,34441,32360,32865,36740,36537,34792,36224,35440,33824,33024,36832,24426,25488,23817,14721,28336,62,27508
33120,34342,32203,32692,23495,36537,34792,36224,35440,33824,33024,36832,24426,25488,23817,14721,28336,62,27508
33203,34161,32491,32761,27170,36537,34792,36224,35440,33824,33024,36832,24426,25488,23817,14721,28336,62,27508
33128,32882,31427,32816,30962,36537,34792,36224,35440,33824,33024,36832,24426,25488,23817,14721,28336,62,27508
33020,32933,31614,32890,29968,36537,34792,36224,35440,33824,33024,36832,24426,25488,23817,14721,28336,62,27508
33040,33814,32960,33036,28097,36537,34792,36224,35440,33824,33024,36832,24426,25488,23817,14721,28336,62,27508
32946,30198,33444,33216,36252,36226,34760,36768,35456,33520,32914,37248,24564,26312,26880,16464,27969,62,29872
32872,28299,33542,33156,40329,36226,34760,36768,35456,33520,32914,37248,24564,26312,26880,16464,27969,62,29872
32756,31895,32708,32925,35036,36226,34760,36768,35456,33520,32914,37248,24564,26312,26880,16464,27969,62,29872
32748,32946,33599,32763,38822,36226,34760,36768,35456,33520,32914,37248,24564,26312,26880,16464,27969,62,29872
32728,33185,33855,32504,43328,36226,34760,36768,35456,33520,32914,37248,24564,26312,26880,16464,27969,62,29872
32728,33247,33390,32566,37053,36226,34760,36768,35456,33520,32914,37248,24564,26312,26880,16464,27969,62,29872
32698,31956,33893,32713,27404,36226,34760,36768,35456,33520,32914,37248,24564,26312,26880,16464,27969,62,29872
32572,31875,33959,32724,26977,36226,34760,36768,35456,33520,32914,37248,24564,26312,26880,16464,27969,62,29872
32494,33304,31185,32834,32948,36226,34760,36768,35456,33520,32914,37248,24564,26312,26880,16464,27969,62,29872
32601,32376,31396,33084,31466,36226,34760,36768,35456,33520,32914,37248,24564,26312,26880,16464,27969,62,29872
32676,32193,31999,33116,28349,36096,34456,37236,35360,33048,32690,37460,24752,27304,28204,14526,27312,62,30095
32526,31847,32400,33008,33977,36096,34456,37236,35360,33048,32690,37460,24752,27304,28204,14526,27312,62,30095
32632,33214,33831,32868,33726,36096,34456,37236,35360,33048,32690,37460,24752,27304,28204,14526,27312,62,30095
32716,34712,34457,32861,24356,36096,34456,37236,35360,33048,32690,37460,24752,27304,28204,14526,27312,62,30095
32701,35323,32806,32955,38284,36096,34456,37236,35360,33048,32690,37460,24752,27304,28204,14526,27312,62,30095
32656,36148,32325,32888,31145,36096,34456,37236,35360,33048,32690,37460,24752,27304,28204,14526,27312,62,30095
32532,31926,32048,32856,13605,36096,34456,37236,35360,33048,32690,37460,24752,27304,28204,14526,27312,62,30095
32684,28435,32165,32748,30874,36096,34456,37236,35360,33048,32690,37460,24752,27304,28204,14526,27312,62,30095
32872,29638,30146,32687,40476,36096,34456,37236,35360,33048,32690,37460,24752,27304,28204,14526,27312,62,30095
32882,30531,29290,32602,42005,36096,34456,37236,35360,33048,32690,37460,24752,27304,28204,14526,27312,62,30095
33061,30845,31995,32717,45457,35472,33961,37600,35452,32791,32088,37280,24960,28722,28372,11742,27394,62,27788
33211,32104,32029,32912,49648,35472,33961,37600,35452,32791,32088,37280,24960,28722,28372,11742,27394,62,27788
33270,33970,33194,33042,42533,35472,33961,37600,35452,32791,32088,37280,24960,28722,28372,11742,27394,62,27788
33166,34330,34168,33037,27025,35472,33961,37600,35452,32791,32088,37280,24960,28722,28372,11742,27394,62,27788
33245,33858,35549,32860,2541,35472,33961,37600,35452,32791,32088,37280,24960,28722,28372,11742,27394,62,27788
33409,32738,35593,32754,35285,35472,33961,37600,35452,32791,32088,37280,24960,28722,28372,11742,27394,62,27788
33467,31532,36376,32634,17690,35472,33961,37600,35452,32791,32088,37280,24960,28722,28372,11742,27394,62,27788
33396,31386,34037,32596,23826,35472,33961,37600,35452,32791,32088,37280,24960,28722,28372,11742,27394,62,27788
33350,32775,31870,32747,39418,35472,33961,37600,35452,32791,32088,37280,24960,28722,28372,11742,27394,62,27788
33348,33812,31682,32750,34676,35472,33961,37600,35452,32791,32088,37280,24960,28722,28372,11742,27394,62,27788
33268,34333,32294,32850,42328,35272,33548,37432,35200,32940,31864,37472,25178,30722,28044,9339,28268,61,28158
33272,35476,34018,32912,58540,35272,33548,37432,35200,32940,31864,37472,25178,30722,28044,9339,28268,61,28158
33204,36199,32799,32908,50360,35272,33548,37432,35200,32940,31864,37472,25178,30722,28044,9339,28268,61,28158
33090,35912,33143,32704,25293,35272,33548,37432,35200,32940,31864,37472,25178,30722,28044,9339,28268,61,28158
33173,34249,33655,32612,27088,35272,33548,37432,35200,32940,31864,37472,25178,30722,28044,9339,28268,61,28158
33090,32300,33355,32494,31956,35272,33548,37432,35200,32940,31864,37472,25178,30722,28044,9339,28268,61,28158
33260,32534,31636,32376,48842,35272,33548,37432,35200,32940,31864,37472,25178,30722,28044,9339,28268,61,28158
33287,32950,30912,32301,27848,35272,33548,37432,35200,32940,31864,37472,25178,30722,28044,9339,28268,61,28158
33304,33189,30685,32392,26149,35272,33548,37432,35200,32940,31864,37472,25178,30722,28044,9339,28268,61,28158
33188,32736,31938,32462,39800,35272,33548,37432,35200,32940,31864,37472,25178,30722,28044,9339,28268,61,28158
33102,29807,33066,32670,31788,35408,33373,37104,35160,33272,32459,38248,25626,32836,28544,7037,28677,60,24908
32858,30221,32801,33096,33017,35408,33373,37104,35160,33272,32459,38248,25626,32836,28544,7037,28677,60,24908
32666,32888,32924,33227,39590,35408,33373,37104,35160,33272,32459,38248,25626,32836,28544,7037,28677,60,24908
32477,29542,32674,33358,13104,35408,33373,37104,35160,33272,32459,38248,25626,32836,28544,7037,28677,60,24908
32324,31657,32761,33180,36989,35408,33373,37104,35160,33272,32459,38248,25626,32836,28544,7037,28677,60,24908
32238,34658,32740,32624,8132,35408,33373,37104,35160,33272,32459,38248,25626,32836,28544,7037,28677,60,24908
32056,34570,32528,32327,31913,35408,33373,37104,35160,33272,32459,38248,25626,32836,28544,7037,28677,60,24908
31842,32044,32890,32408,57246,35408,33373,37104,35160,33272,32459,38248,25626,32836,28544,7037,28677,60,24908
31564,32478,33066,32428,32932,35408,33373,37104,35160,33272,32459,38248,25626,32836,28544,7037,28677,60,24908
31541,33214,34170,32540,19848,35408,33373,37104,35160,33272,32459,38248,25626,32836,28544,7037,28677,60,24908
31608,33149,34005,32599,37408,35760,33240,36516,35070,33284,32914,38432,26000,34160,30626,7436,28551,62,23394
31800,33100,32210,32804,30874,35760,33240,36516,35070,33284,32914,38432,26000,34160,30626,7436,28551,62,23394
32012,33094,30496,32914,33856,35760,33240,36516,35070,33284,32914,38432,26000,34160,30626,7436,28551,62,23394
32060,34192,30900,33008,54937,35760,33240,36516,35070,33284,32914,38432,26000,34160,30626,7436,28551,62,23394
32136,31586,31952,33075,31864,35760,33240,36516,35070,33284,32914,38432,26000,34160,30626,7436,28551,62,23394
32260,32768,31834,32888,24702,35760,33240,36516,35070,33284,32914,38432,26000,34160,30626,7436,28551,62,23394
32358,33360,31323,32614,37468,35760,33240,36516,35070,33284,32914,38432,26000,34160,30626,7436,28551,62,23394
32356,32552,31913,32548,60097,35760,33240,36516,35070,33284,32914,38432,26000,34160,30626,7436,28551,62,23394
32483,31856,32965,32608,13,35760,33240,36516,35070,33284,32914,38432,26000,34160,30626,7436,28551,62,23394
32640,32481,33754,32660,16461,35760,33240,36516,35070,33284,32914,38432,26000,34160,30626,7436,28551,62,23394
32623,32656,35685,32753,60728,36098,33364,36280,34906,33118,33505,38200,26328,35776,33384,9764,25952,61,25804
32728,32732,35308,32800,60170,36098,33364,36280,34906,33118,33505,38200,26328,35776,33384,9764,25952,61,25804
32848,32770,35258,33030,59224,36098,33364,36280,34906,33118,33505,38200,26328,35776,33384,9764,25952,61,25804
32937,32940,33735,33056,35891,36098,33364,36280,34906,33118,33505,38200,26328,35776,33384,9764,25952,61,25804
33024,33252,31536,33089,16062,36098,33364,36280,34906,33118,33505,38200,26328,35776,33384,9764,25952,61,25804
32989,33292,31288,32907,60620,36098,33364,36280,34906,33118,33505,38200,26328,35776,33384,9764,25952,61,25804
33006,33048,29668,32750,22840,36098,33364,36280,34906,33118,33505,38200,26328,35776,33384,9764,25952,61,25804
32853,32940,30978,32784,46084,36098,33364,36280,34906,33118,33505,38200,26328,35776,33384,9764,25952,61,25804
32775,32813,34254,32722,22418,36098,33364,36280,34906,33118,33505,38200,26328,35776,33384,9764,25952,61,25804
32858,32817,34482,32699,36545,36098,33364,36280,34906,33118,33505,38200,26328,35776,33384,9764,25952,61,25804
33044,32876,34163,32658,41439,36284,33684,36152,34552,32941,34472,37814,26820,35516,36669,9905,25785,62,28546
32920,32810,33838,32452,14187,36284,33684,36152,34552,32941,34472,37814,26820,35516,36669,9905,25785,62,28546
32674,32781,32480,32438,35607,36284,33684,36152,34552,32941,34472,37814,26820,35516,36669,9905,25785,62,28546
32570,32704,33562,32500,37120,36284,33684,36152,34552,32941,34472,37814,26820,35516,36669,9905,25785,62,28546
32472,32712,32840,32425,31215,36284,33684,36152,34552,32941,34472,37814,26820,35516,36669,9905,25785,62,28546
32367,32581,32366,32510,24290,36284,33684,36152,34552,32941,34472,37814,26820,35516,36669,9905,25785,62,28546
32408,32699,32036,32588,37657,36284,33684,36152,34552,32941,34472,37814,26820,35516,36669,9905,25785,62,28546
32510,32882,31183,32573,41560,36284,33684,36152,34552,32941,34472,37814,26820,35516,36669,9905,25785,62,28546
32825,33005,31328,32630,37182,36284,33684,36152,34552,32941,34472,37814,26820,35516,36669,9905,25785,62,28546
33022,32997,32800,32484,33904,36284,33684,36152,34552,32941,34472,37814,26820,35516,36669,9905,25785,62,28546
33390,33624,35438,32548,31192,36155,34448,35920,34524,32928,35508,38680,27224,35872,39496,11078,24812,60,22662
33675,34427,36026,32671,37096,36155,34448,35920,34524,32928,35508,38680,27224,35872,39496,11078,24812,60,22662
33476,32724,33228,32794,36248,36155,34448,35920,34524,32928,35508,38680,27224,35872,39496,11078,24812,60,22662
33372,32175,31815,32865,37831,36155,34448,35920,34524,32928,35508,38680,27224,35872,39496,11078,24812,60,22662
33430,33033,31626,32818,35994,36155,34448,35920,34524,32928,35508,38680,27224,35872,39496,11078,24812,60,22662
33498,33068,32238,32494,36976,36155,34448,35920,34524,32928,35508,38680,27224,35872,39496,11078,24812,60,22662
33383,32510,32515,32493,36406,36155,34448,35920,34524,32928,35508,38680,27224,35872,39496,11078,24812,60,22662
33354,31336,32208,32539,34951,36155,34448,35920,34524,32928,35508,38680,27224,35872,39496,11078,24812,60,22662
33342,31656,32496,32640,28957,36155,34448,35920,34524,32928,35508,38680,27224,35872,39496,11078,24812,60,22662
33218,32380,32335,32590,32484,36155,34448,35920,34524,32928,35508,38680,27224,35872,39496,11078,24812,60,22662
32910,32879,32423,32624,34247,36212,35744,35260,34232,32944,36640,39138,27632,35248,39148,10156,26580,62,20197
32690,32995,32762,32597,29074,36212,35744,35260,34232,32944,36640,39138,27632,35248,39148,10156,26580,62,20197
32596,32422,32713,32533,30370,36212,35744,35260,34232,32944,36640,39138,27632,35248,39148,10156,26580,62,20197
32444,32015,32418,32464,34097,36212,35744,35260,34232,32944,36640,39138,27632,35248,39148,10156,26580,62,20197
32108,32052,32738,32431,34837,36212,35744,35260,34232,32944,36640,39138,27632,35248,39148,10156,26580,62,20197
31680,31832,32563,32408,37575,36212,35744,35260,34232,32944,36640,39138,27632,35248,39148,10156,26580,62,20197
31756,32685,32260,32492,33778,36212,35744,35260,34232,32944,36640,39138,27632,35248,39148,10156,26580,62,20197
32154,33821,32551,32525,31224,36212,35744,35260,34232,32944,36640,39138,27632,35248,39148,10156,26580,62,20197
32580,33824,31074,32556,30254,36212,35744,35260,34232,32944,36640,39138,27632,35248,39148,10156,26580,62,20197
33134,34342,31907,32630,27916,36212,35744,35260,34232,32944,36640,39138,27632,35248,39148,10156,26580,62,20197
33172,34484,31658,32657,29892,36060,36680,34682,34156,32896,37056,39844,28097,34308,39492,10077,26550,63,20454
33001,33239,33087,32844,28266,36060,36680,34682,34156,32896,37056,39844,28097,34308,39492,10077,26550,63,20454
32989,32097,36222,32876,32302,36060,36680,34682,34156,32896,37056,39844,28097,34308,39492,10077,26550,63,20454
33076,32208,34511,32733,29066,36060,36680,34682,34156,32896,37056,39844,28097,34308,39492,10077,26550,63,20454
32752,32847,34356,32651,31212,36060,36680,34682,34156,32896,37056,39844,28097,34308,39492,10077,26550,63,20454
32626,32591,33516,32735,28972,36060,36680,34682,34156,32896,37056,39844,28097,34308,39492,10077,26550,63,20454
32530,32311,34335,32782,29216,36060,36680,34682,34156,32896,37056,39844,28097,34308,39492,10077,26550,63,20454
32391,32458,33312,32756,32386,36060,36680,34682,34156,32896,37056,39844,28097,34308,39492,10077,26550,63,20454
32165,32632,32602,32752,33332,36060,36680,34682,34156,32896,37056,39844,28097,34308,39492,10077,26550,63,20454
32288,33023,33005,32809,31195,36060,36680,34682,34156,32896,37056,39844,28097,34308,39492,10077,26550,63,20454
32384,33570,34232,32794,33785,35768,36816,34532,34096,33033,37424,39344,28574,33471,37063,6334,26624,64,24312
32468,33444,35226,32845,32656,35768,36816,34532,34096,33033,37424,39344,28574,33471,37063,6334,26624,64,24312
32436,32549,33124,32871,31429,35768,36816,34532,34096,33033,37424,39344,28574,33471,37063,6334,26624,64,24312
32537,32504,31763,33003,35175,35768,36816,34532,34096,33033,37424,39344,28574,33471,37063,6334,26624,64,24312
32440,32713,29940,32980,34940,35768,36816,34532,34096,33033,37424,39344,28574,33471,37063,6334,26624,64,24312
32530,32746,29886,32974,37943,35768,36816,34532,34096,33033,37424,39344,28574,33471,37063,6334,26624,64,24312
32736,32622,30366,32959,37679,35768,36816,34532,34096,33033,37424,39344,28574,33471,37063,6334,26624,64,24312
33140,32562,32403,32836,37271,35768,36816,34532,34096,33033,37424,39344,28574,33471,37063,6334,26624,64,24312
33576,32550,33868,32998,38150,35768,36816,34532,34096,33033,37424,39344,28574,33471,37063,6334,26624,64,24312
34032,32618,36632,32985,32731,35768,36816,34532,34096,33033,37424,39344,28574,33471,37063,6334,26624,64,24312
34474,32590,35891,32908,35554,35580,36886,33684,34004,32906,37332,38320,28946,32613,38908,5124,23885,2632,26903
34336,32612,32733,32827,29071,35580,36886,33684,34004,32906,37332,38320,28946,32613,38908,5124,23885,2632,26903
33730,32756,31613,32857,29352,35580,36886,33684,34004,32906,37332,38320,28946,32613,38908,5124,23885,2632,26903
33444,32824,32054,32983,29053,35580,36886,33684,34004,32906,37332,38320,28946,32613,38908,5124,23885,2632,26903
33004,32840,30120,32926,30802,35580,36886,33684,34004,32906,37332,38320,28946,32613,38908,5124,23885,2632,26903
32912,32820,33776,32870,31486,35580,36886,33684,34004,32906,37332,38320,28946,32613,38908,5124,23885,2632,26903
32925,32887,33761,32810,29920,35580,36886,33684,34004,32906,37332,38320,28946,32613,38908,5124,23885,2632,26903
32909,32920,33727,32852,31568,35580,36886,33684,34004,32906,37332,38320,28946,32613,38908,5124,23885,2632,26903
32743,32420,32456,32985,34202,35580,36886,33684,34004,32906,37332,38320,28946,32613,38908,5124,23885,2632,26903
32557,32501,31321,32974,29498,35580,36886,33684,34004,32906,37332,38320,28946,32613,38908,5124,23885,2632,26903
32200,32705,31805,32888,31612,35476,36916,33188,34040,32572,37089,37872,29356,32120,39436,10630,23028,7656,31564
32088,32733,32218,32956,29842,35476,36916,33188,34040,32572,37089,37872,29356,32120,39436,10630,23028,7656,31564
31840,32543,32318,32903,32292,35476,36916,33188,34040,32572,37089,37872,29356,32120,39436,10630,23028,7656,31564
31488,32781,32168,32811,33024,35476,36916,33188,34040,32572,37089,37872,29356,32120,39436,10630,23028,7656,31564
31302,32984,31919,32741,33072,35476,36916,33188,34040,32572,37089,37872,29356,32120,39436,10630,23028,7656,31564
32016,33093,32258,32802,32885,35476,36916,33188,34040,32572,37089,37872,29356,32120,39436,10630,23028,7656,31564
32552,33237,32026,32766,33144,35476,36916,33188,34040,32572,37089,37872,29356,32120,39436,10630,23028,7656,31564
32646,33305,32064,32809,35810,35476,36916,33188,34040,32572,37089,37872,29356,32120,39436,10630,23028,7656,31564
32752,33212,32361,32820,33886,35476,36916,33188,34040,32572,37089,37872,29356,32120,39436,10630,23028,7656,31564
32720,33255,32332,32805,33995,35476,36916,33188,34040,32572,37089,37872,29356,32120,39436,10630,23028,7656,31564
32620,33254,32672,32909,32816,35522,37196,32832,34078,32256,37048,37854,29656,31812,37968,16752,20517,12012,30224
32509,33431,32508,32952,35276,35522,37196,32832,34078,32256,37048,37854,29656,31812,37968,16752,20517,12012,30224
32344,33562,32472,32906,30962,35522,37196,32832,34078,32256,37048,37854,29656,31812,37968,16752,20517,12012,30224
32664,33629,33123,32890,31643,35522,37196,32832,34078,32256,37048,37854,29656,31812,37968,16752,20517,12012,30224
32666,33564,32963,32785,31796,35522,37196,32832,34078,32256,37048,37854,29656,31812,37968,16752,20517,12012,30224
32492,33560,33401,32738,30660,35522,37196,32832,34078,32256,37048,37854,29656,31812,37968,16752,20517,12012,30224
32308,33296,32614,32679,32469,35522,37196,32832,34078,32256,37048,37854,29656,31812,37968,16752,20517,12012,30224
32082,32795,32021,32754,29577,35522,37196,32832,34078,32256,37048,37854,29656,31812,37968,16752,20517,12012,30224
31840,32177,31844,32763,32868,35522,37196,32832,34078,32256,37048,37854,29656,31812,37968,16752,20517,12012,30224
32293,32106,31448,32864,35335,35522,37196,32832,34078,32256,37048,37854,29656,31812,37968,16752,20517,12012,30224
33404,32524,31678,32832,34801,35562,37112,32194,34212,32152,37084,37696,29968,31620,38172,24728,18700,15709,32640
33454,32538,31825,32834,34711,35562,37112,32194,34212,32152,37084,37696,29968,31620,38172,24728,18700,15709,32640
33554,32447,32681,32841,38891,35562,37112,32194,34212,32152,37084,37696,29968,31620,38172,24728,18700,15709,32640
33700,32436,33015,32868,38062,35562,37112,32194,34212,32152,37084,37696,29968,31620,38172,24728,18700,15709,32640
33374,32518,33685,32738,34694,35562,37112,32194,34212,32152,37084,37696,29968,31620,38172,24728,18700,15709,32640
32601,32547,35543,32680,30727,35562,37112,32194,34212,32152,37084,37696,29968,31620,38172,24728,18700,15709,32640
31927,32402,35584,32546,26962,35562,37112,32194,34212,32152,37084,37696,29968,31620,38172,24728,18700,15709,32640
31740,32432,36261,32868,30191,35562,37112,32194,34212,32152,37084,37696,29968,31620,38172,24728,18700,15709,32640
31652,32363,35296,32909,27599,35562,37112,32194,34212,32152,37084,37696,29968,31620,38172,24728,18700,15709,32640
31588,32228,34328,32775,30608,35562,37112,32194,34212,32152,37084,37696,29968,31620,38172,24728,18700,15709,32640
31308,32263,34505,32744,31598,35462,37064,31764,34202,32058,36882,37104,30316,30639,38036,34904,16129,21130,42700
31738,32352,33767,32860,32467,35462,37064,31764,34202,32058,36882,37104,30316,30639,38036,34904,16129,21130,42700
32403,32546,32287,32824,33784,35462,37064,31764,34202,32058,36882,37104,30316,30639,38036,34904,16129,21130,42700
33044,32604,31629,32663,33924,35462,37064,31764,34202,32058,36882,37104,30316,30639,38036,34904,16129,21130,42700
33193,32653,32745,32328,31134,35462,37064,31764,34202,32058,36882,37104,30316,30639,38036,34904,16129,21130,42700
33579,32819,33098,31959,32136,35462,37064,31764,34202,32058,36882,37104,30316,30639,38036,34904,16129,21130,42700
33572,33062,32340,32142,29870,35462,37064,31764,34202,32058,36882,37104,30316,30639,38036,34904,16129,21130,42700
33464,32763,31829,32664,31968,35462,37064,31764,34202,32058,36882,37104,30316,30639,38036,34904,16129,21130,42700
33596,32921,31591,32659,32722,35462,37064,31764,34202,32058,36882,37104,30316,30639,38036,34904,16129,21130,42700
33737,32773,32506,32732,33737,35462,37064,31764,34202,32058,36882,37104,30316,30639,38036,34904,16129,21130,42700
33626,32104,33826,33273,33656,35328,37856,32018,34072,32122,36552,37800,30512,28477,41240,43723,16246,26816,36101
33456,31965,33828,33069,34256,35328,37856,32018,34072,32122,36552,37800,30512,28477,41240,43723,16246,26816,36101
33213,32160,33102,32700,37844,35328,37856,32018,34072,32122,36552,37800,30512,28477,41240,43723,16246,26816,36101
33048,32270,32775,32694,37585,35328,37856,32018,34072,32122,36552,37800,30512,28477,41240,43723,16246,26816,36101
32888,32466,32739,32866,35418,35328,37856,32018,34072,32122,36552,37800,30512,28477,41240,43723,16246,26816,36101
32458,32668,32928,32889,28008,35328,37856,32018,34072,32122,36552,37800,30512,28477,41240,43723,16246,26816,36101
32442,32863,33044,32851,33068,35328,37856,32018,34072,32122,36552,37800,30512,28477,41240,43723,16246,26816,36101
32434,32998,32964,32788,34619,35328,37856,32018,34072,32122,36552,37800,30512,28477,41240,43723,16246,26816,36101
32965,32980,33180,32791,33890,35328,37856,32018,34072,32122,36552,37800,30512,28477,41240,43723,16246,26816,36101
33050,33111,32477,32758,32297,35328,37856,32018,34072,32122,36552,37800,30512,28477,41240,43723,16246,26816,36101
32964,33031,31771,32788,34722,34568,37692,32544,33948,32318,35916,38764,30720,27024,35792,45698,17452,33512,34208
32388,33092,30434,32784,34677,34568,37692,32544,33948,32318,35916,38764,30720,27024,35792,45698,17452,33512,34208
32344,33084,30002,32754,31060,34568,37692,32544,33948,32318,35916,38764,30720,27024,35792,45698,17452,33512,34208
32432,33060,30821,32783,32408,34568,37692,32544,33948,32318,35916,38764,30720,27024,35792,45698,17452,33512,34208
32712,33080,32850,32878,33365,34568,37692,32544,33948,32318,35916,38764,30720,27024,35792,45698,17452,33512,34208
33008,33211,33958,33072,31588,34568,37692,32544,33948,32318,35916,38764,30720,27024,35792,45698,17452,33512,34208
33783,33460,33779,33416,32308,34568,37692,32544,33948,32318,35916,38764,30720,27024,35792,45698,17452,33512,34208
34178,33472,31666,33592,32464,34568,37692,32544,33948,32318,35916,38764,30720,27024,35792,45698,17452,33512,34208
34324,33224,32029,32992,32492,34568,37692,32544,33948,32318,35916,38764,30720,27024,35792,45698,17452,33512,34208
34285,32911,32809,32698,31757,34568,37692,32544,33948,32318,35916,38764,30720,27024,35792,45698,17452,33512,34208
34420,32681,35408,32292,34678,33720,37376,33137,33924,32330,34724,39008,30836,24988,33980,41249,17867,42761,37610
34169,32427,37638,32628,31219,33720,37376,33137,33924,32330,34724,39008,30836,24988,33980,41249,17867,42761,37610
33896,32178,35438,32114,31933,33720,37376,33137,33924,32330,34724,39008,30836,24988,33980,41249,17867,42761,37610
33436,32179,33508,31992,33042,33720,37376,33137,33924,32330,34724,39008,30836,24988,33980,41249,17867,42761,37610
32709,32190,31969,32357,32460,33720,37376,33137,33924,32330,34724,39008,30836,24988,33980,41249,17867,42761,37610
31954,32240,32694,32762,31516,33720,37376,33137,33924,32330,34724,39008,30836,24988,33980,41249,17867,42761,37610
31657,32441,32871,33394,34764,33720,37376,33137,33924,32330,34724,39008,30836,24988,33980,41249,17867,42761,37610
31532,32772,33880,33344,32462,33720,37376,33137,33924,32330,34724,39008,30836,24988,33980,41249,17867,42761,37610
31852,32979,33976,32998,31338,33720,37376,33137,33924,32330,34724,39008,30836,24988,33980,41249,17867,42761,37610
32285,32967,32591,32791,32270,33720,37376,33137,33924,32330,34724,39008,30836,24988,33980,41249,17867,42761,37610
32428,32951,31358,32897,32701,32720,36788,33241,34068,32514,34592,39180,30909,23232,32073,42100,19189,45596,34210
32527,32822,30700,32936,34928,32720,36788,33241,34068,32514,34592,39180,30909,23232,32073,42100,19189,45596,34210
32656,32930,30725,32261,33096,32720,36788,33241,34068,32514,34592,39180,30909,23232,32073,42100,19189,45596,34210
33064,32838,32233,32374,32542,32720,36788,33241,34068,32514,34592,39180,30909,23232,32073,42100,19189,45596,34210
33140,32727,32394,32776,32140,32720,36788,33241,34068,32514,34592,39180,30909,23232,32073,42100,19189,45596,34210
32621,32720,31863,33236,29319,32720,36788,33241,34068,32514,34592,39180,30909,23232,32073,42100,19189,45596,34210
32058,33069,31685,33789,31960,32720,36788,33241,34068,32514,34592,39180,30909,23232,32073,42100,19189,45596,34210
32175,33079,32843,33912,32550,32720,36788,33241,34068,32514,34592,39180,30909,23232,32073,42100,19189,45596,34210
32313,33124,32765,33501,32452,32720,36788,33241,34068,32514,34592,39180,30909,23232,32073,42100,19189,45596,34210
32160,32646,34053,32979,35258,32720,36788,33241,34068,32514,34592,39180,30909,23232,32073,42100,19189,45596,34210
32176,32756,32578,31579,33915,32208,35572,33912,34024,34881,35288,36580,31016,24596,35540,45784,19500,49628,41130
32228,32935,31339,30821,32404,32208,35572,33912,34024,34881,35288,36580,31016,24596,35540,45784,19500,49628,41130
31906,32497,32334,31939,33846,32208,35572,33912,34024,34881,35288,36580,31016,24596,35540,45784,19500,49628,41130
31462,32317,31300,33396,33460,32208,35572,33912,34024,34881,35288,36580,31016,24596,35540,45784,19500,49628,41130
31603,32594,30909,33708,36440,32208,35572,33912,34024,34881,35288,36580,31016,24596,35540,45784,19500,49628,41130
32130,32796,34034,33483,34835,32208,35572,33912,34024,34881,35288,36580,31016,24596,35540,45784,19500,49628,41130
32548,32623,34837,33358,31862,32208,35572,33912,34024,34881,35288,36580,31016,24596,35540,45784,19500,49628,41130
33082,32694,32864,32944,33251,32208,35572,33912,34024,34881,35288,36580,31016,24596,35540,45784,19500,49628,41130
33336,32573,32234,32324,36039,32208,35572,33912,34024,34881,35288,36580,31016,24596,35540,45784,19500,49628,41130
33436,32635,31932,32472,34942,32208,35572,33912,34024,34881,35288,36580,31016,24596,35540,45784,19500,49628,41130
33362,32731,32411,31814,30016,32218,34194,35848,34114,37088,36516,33568,31068,29748,46100,48282,23220,45232,44904
33200,32748,32706,31234,33637,32218,34194,35848,34114,37088,36516,33568,31068,29748,46100,48282,23220,45232,44904
33380,32848,33123,32788,32928,32218,34194,35848,34114,37088,36516,33568,31068,29748,46100,48282,23220,45232,44904
33322,32835,31737,33623,31991,32218,34194,35848,34114,37088,36516,33568,31068,29748,46100,48282,23220,45232,44904
33252,32944,31626,33253,34284,32218,34194,35848,34114,37088,36516,33568,31068,29748,46100,48282,23220,45232,44904
33140,33183,32135,33004,33040,32218,34194,35848,34114,37088,36516,33568,31068,29748,46100,48282,23220,45232,44904
33018,33129,32645,32829,29145,32218,34194,35848,34114,37088,36516,33568,31068,29748,46100,48282,23220,45232,44904
33088,32984,34864,32845,31809,32218,34194,35848,34114,37088,36516,33568,31068,29748,46100,48282,23220,45232,44904
32898,32855,33132,32893,32861,32218,34194,35848,34114,37088,36516,33568,31068,29748,46100,48282,23220,45232,44904
32565,32982,32057,32631,31832,32218,34194,35848,34114,37088,36516,33568,31068,29748,46100,48282,23220,45232,44904
32289,33007,32324,32229,34329,33868,34152,36897,34016,35768,37898,32740,31020,37968,56509,45787,23144,39768,48496
32370,33172,33174,32413,34968,33868,34152,36897,34016,35768,37898,32740,31020,37968,56509,45787,23144,39768,48496
32426,33206,33468,32727,33152,33868,34152,36897,34016,35768,37898,32740,31020,37968,56509,45787,23144,39768,48496
32195,33189,32710,32630,32970,33868,34152,36897,34016,35768,37898,32740,31020,37968,56509,45787,23144,39768,48496
32308,33232,32649,32651,32750,33868,34152,36897,34016,35768,37898,32740,31020,37968,56509,45787,23144,39768,48496
32382,33160,32679,33069,31250,33868,34152,36897,34016,35768,37898,32740,31020,37968,56509,45787,23144,39768,48496
32522,33018,32518,33092,33703,33868,34152,36897,34016,35768,37898,32740,31020,37968,56509,45787,23144,39768,48496
32540,32992,32973,32857,31490,33868,34152,36897,34016,35768,37898,32740,31020,37968,56509,45787,23144,39768,48496
32641,33044,32893,32743,34966,33868,34152,36897,34016,35768,37898,32740,31020,37968,56509,45787,23144,39768,48496
32701,33101,33159,32834,32621,33868,34152,36897,34016,35768,37898,32740,31020,37968,56509,45787,23144,39768,48496
32697,33148,33122,32875,31186,35792,36636,37248,33860,31801,38234,33490,31236,40408,56444,44974,23901,38600,40621
32684,33134,32873,32774,30699,35792,36636,37248,33860,31801,38234,33490,31236,40408,56444,44974,23901,38600,40621
32711,32916,33129,32658,35010,35792,36636,37248,33860,31801,38234,33490,31236,40408,56444,44974,23901,38600,40621
32726,32824,33074,32699,26588,35792,36636,37248,33860,31801,38234,33490,31236,40408,56444,44974,23901,38600,40621
32701,32763,32885,32681,32254,35792,36636,37248,33860,31801,38234,33490,31236,40408,56444,44974,23901,38600,40621
32768,32724,33151,32662,33648,35792,36636,37248,33860,31801,38234,33490,31236,40408,56444,44974,23901,38600,40621
32866,32957,33003,32549,32933,35792,36636,37248,33860,31801,38234,33490,31236,40408,56444,44974,23901,38600,40621
32950,32818,33138,32869,31075,35792,36636,37248,33860,31801,38234,33490,31236,40408,56444,44974,23901,38600,40621
32797,32920,33146,32833,31252,35792,36636,37248,33860,31801,38234,33490,31236,40408,56444,44974,23901,38600,40621
32718,32906,32953,32791,31942,35792,36636,37248,33860,31801,38234,33490,31236,40408,56444,44974,23901,38600,40621
32682,32846,33207,32799,30510,36352,38282,36764,33692,31480,38024,34156,31281,34716,42692,48506,23560,39232,24733
32704,32819,32972,32898,31140,36352,38282,36764,33692,31480,38024,34156,31281,34716,42692,48506,23560,39232,24733
32587,32750,33149,33154,33415,36352,38282,36764,33692,31480,38024,34156,31281,34716,42692,48506,23560,39232,24733
32487,32634,32999,33270,35368,36352,38282,36764,33692,31480,38024,34156,31281,34716,42692,48506,23560,39232,24733
32467,32697,32979,33253,34014,36352,38282,36764,33692,31480,38024,34156,31281,34716,42692,48506,23560,39232,24733
32428,32825,33029,33248,36636,36352,38282,36764,33692,31480,38024,34156,31281,34716,42692,48506,23560,39232,24733
32526,32806,32836,33268,37072,36352,38282,36764,33692,31480,38024,34156,31281,34716,42692,48506,23560,39232,24733
32856,32766,33031,32644,31370,36352,38282,36764,33692,31480,38024,34156,31281,34716,42692,48506,23560,39232,24733
33015,32641,32922,31903,35814,36352,38282,36764,33692,31480,38024,34156,31281,34716,42692,48506,23560,39232,24733
33136,32263,32953,32706,33451,36352,38282,36764,33692,31480,38024,34156,31281,34716,42692,48506,23560,39232,24733
33385,31996,32946,33082,34807,35548,38568,35777,33653,32485,37674,34684,31374,31088,28260,40762,23755,32732,16337
33364,32089,32746,32292,32453,35548,38568,35777,33653,32485,37674,34684,31374,31088,28260,40762,23755,32732,16337
33316,32201,32975,32390,36371,35548,38568,35777,33653,32485,37674,34684,31374,31088,28260,40762,23755,32732,16337
33078,32226,32977,33020,32509,35548,38568,35777,33653,32485,37674,34684,31374,31088,28260,40762,23755,32732,16337
32932,32324,32878,33364,32730,35548,38568,35777,33653,32485,37674,34684,31374,31088,28260,40762,23755,32732,16337
32928,32546,33081,33049,31488,35548,38568,35777,33653,32485,37674,34684,31374,31088,28260,40762,23755,32732,16337
33168,32549,32805,33107,30908,35548,38568,35777,33653,32485,37674,34684,31374,31088,28260,40762,23755,32732,16337
33269,32524,32979,33079,33309,35548,38568,35777,33653,32485,37674,34684,31374,31088,28260,40762,23755,32732,16337
33250,32590,32907,33007,29932,35548,38568,35777,33653,32485,37674,34684,31374,31088,28260,40762,23755,32732,16337
33058,32607,32870,33005,31421,35548,38568,35777,33653,32485,37674,34684,31374,31088,28260,40762,23755,32732,16337
33075,32820,32992,33010,31707,34313,37856,34044,33732,33692,37548,35856,31368,32140,22564,13600,24204,34820,16402
32998,32830,32736,33031,30890,34313,37856,34044,33732,33692,37548,35856,31368,32140,22564,13600,24204,34820,16402
32988,32847,33009,33068,32965,34313,37856,34044,33732,33692,37548,35856,31368,32140,22564,13600,24204,34820,16402
32848,32844,32780,33003,34513,34313,37856,34044,33732,33692,37548,35856,31368,32140,22564,13600,24204,34820,16402
32866,32945,32801,32825,36666,34313,37856,34044,33732,33692,37548,35856,31368,32140,22564,13600,24204,34820,16402
32832,33010,32765,32749,32356,34313,37856,34044,33732,33692,37548,35856,31368,32140,22564,13600,24204,34820,16402
32812,33063,32658,32448,36690,34313,37856,34044,33732,33692,37548,35856,31368,32140,22564,13600,24204,34820,16402
32848,32986,32416,32400,32282,34313,37856,34044,33732,33692,37548,35856,31368,32140,22564,13600,24204,34820,16402
32892,32923,32427,32664,35610,34313,37856,34044,33732,33692,37548,35856,31368,32140,22564,13600,24204,34820,16402
33024,33102,32337,32740,32844,34313,37856,34044,33732,33692,37548,35856,31368,32140,22564,13600,24204,34820,16402
33112,33070,32254,32848,33750,34050,37074,32524,33716,33873,37668,35804,31448,32416,28491,14569,25876,37176,29921
33277,33144,32541,32956,34747,34050,37074,32524,33716,33873,37668,35804,31448,32416,28491,14569,25876,37176,29921
33313,33035,32588,32825,32432,34050,37074,32524,33716,33873,37668,35804,31448,32416,28491,14569,25876,37176,29921
33270,32974,32544,32799,36878,34050,37074,32524,33716,33873,37668,35804,31448,32416,28491,14569,25876,37176,29921
33226,33097,32327,32819,27254,34050,37074,32524,33716,33873,37668,35804,31448,32416,28491,14569,25876,37176,29921
33257,33128,32707,32669,32410,34050,37074,32524,33716,33873,37668,35804,31448,32416,28491,14569,25876,37176,29921
33120,32933,32715,32900,28704,34050,37074,32524,33716,33873,37668,35804,31448,32416,28491,14569,25876,37176,29921
32984,32886,32992,32920,33015,34050,37074,32524,33716,33873,37668,35804,31448,32416,28491,14569,25876,37176,29921
32822,33051,32784,32991,34132,34050,37074,32524,33716,33873,37668,35804,31448,32416,28491,14569,25876,37176,29921
32646,33153,32948,32957,32573,34050,37074,32524,33716,33873,37668,35804,31448,32416,28491,14569,25876,37176,29921
32519,32952,32734,32921,32603,34084,36480,32813,33694,33976,37510,34240,31664,32221,36330,25700,22006,36472,38600
32452,32917,32933,32908,29867,34084,36480,32813,33694,33976,37510,34240,31664,32221,36330,25700,22006,36472,38600
32394,32757,32503,33098,35810,34084,36480,32813,33694,33976,37510,34240,31664,32221,36330,25700,22006,36472,38600
32402,32741,32519,32980,38397,34084,36480,32813,33694,33976,37510,34240,31664,32221,36330,25700,22006,36472,38600
32480,32729,32424,32975,43130,34084,36480,32813,33694,33976,37510,34240,31664,32221,36330,25700,22006,36472,38600
32487,32629,32690,33001,29859,34084,36480,32813,33694,33976,37510,34240,31664,32221,36330,25700,22006,36472,38600
32524,32675,32826,32912,21657,34084,36480,32813,33694,33976,37510,34240,31664,32221,36330,25700,22006,36472,38600
32601,32756,33219,32548,18463,34084,36480,32813,33694,33976,37510,34240,31664,32221,36330,25700,22006,36472,38600
32560,32802,32692,32745,24570,34084,36480,32813,33694,33976,37510,34240,31664,32221,36330,25700,22006,36472,38600
32580,32712,32451,32772,31552,34084,36480,32813,33694,33976,37510,34240,31664,32221,36330,25700,22006,36472,38600
32516,32686,32444,32775,36543,34520,36708,33452,33684,33680,37458,33860,31688,32748,44556,32432,22888,35524,37354
32492,32628,32510,32667,40268,34520,36708,33452,33684,33680,37458,33860,31688,32748,44556,32432,22888,35524,37354
32408,32575,32649,32515,37288,34520,36708,33452,33684,33680,37458,33860,31688,32748,44556,32432,22888,35524,37354
32434,32671,32743,32624,37414,34520,36708,33452,33684,33680,37458,33860,31688,32748,44556,32432,22888,35524,37354
32348,32828,32391,32654,35480,34520,36708,33452,33684,33680,37458,33860,31688,32748,44556,32432,22888,35524,37354
32376,32922,32622,32666,35662,34520,36708,33452,33684,33680,37458,33860,31688,32748,44556,32432,22888,35524,37354
32357,32938,32341,32769,34623,34520,36708,33452,33684,33680,37458,33860,31688,32748,44556,32432,22888,35524,37354
32352,32898,32348,32732,29589,34520,36708,33452,33684,33680,37458,33860,31688,32748,44556,32432,22888,35524,37354
32405,32959,31924,32746,33491,34520,36708,33452,33684,33680,37458,33860,31688,32748,44556,32432,22888,35524,37354
32457,32762,32336,32765,30672,34520,36708,33452,33684,33680,37458,33860,31688,32748,44556,32432,22888,35524,37354
32690,32774,32391,32813,36700,34608,36976,33852,33744,33260,37216,33843,31816,32688,46020,39968,21370,40268,36897
33008,32748,32564,32801,30440,34608,36976,33852,33744,33260,37216,33843,31816,32688,46020,39968,21370,40268,36897
33218,32837,32948,32792,32855,34608,36976,33852,33744,33260,37216,33843,31816,32688,46020,39968,21370,40268,36897
33428,32920,32673,32751,29126,34608,36976,33852,33744,33260,37216,33843,31816,32688,46020,39968,21370,40268,36897
33436,32952,32693,32776,31918,34608,36976,33852,33744,33260,37216,33843,31816,32688,46020,39968,21370,40268,36897
33260,32869,32645,32743,36506,34608,36976,33852,33744,33260,37216,33843,31816,32688,46020,39968,21370,40268,36897
32848,32841,32329,32712,37216,34608,36976,33852,33744,33260,37216,33843,31816,32688,46020,39968,21370,40268,36897
32740,32663,32434,32763,39566,34608,36976,33852,33744,33260,37216,33843,31816,32688,46020,39968,21370,40268,36897
33180,32476,32775,32957,32328,34608,36976,33852,33744,33260,37216,33843,31816,32688,46020,39968,21370,40268,36897
33320,32519,32534,32824,38755,34608,36976,33852,33744,33260,37216,33843,31816,32688,46020,39968,21370,40268,36897
33202,32586,32867,32564,36553,34697,37330,35226,33488,33072,37260,33664,31975,31017,46253,51520,25116,35988,38201
33072,32508,32758,32767,35362,34697,37330,35226,33488,33072,37260,33664,31975,31017,46253,51520,25116,35988,38201
33156,32553,33085,32846,33365,34697,37330,35226,33488,33072,37260,33664,31975,31017,46253,51520,25116,35988,38201
32912,32627,32760,32631,30486,34697,37330,35226,33488,33072,37260,33664,31975,31017,46253,51520,25116,35988,38201
32589,32694,33287,32711,26720,34697,37330,35226,33488,33072,37260,33664,31975,31017,46253,51520,25116,35988,38201
32546,32897,33318,32748,23564,34697,37330,35226,33488,33072,37260,33664,31975,31017,46253,51520,25116,35988,38201
32470,32854,33544,32743,28781,34697,37330,35226,33488,33072,37260,33664,31975,31017,46253,51520,25116,35988,38201
32182,32742,33124,32764,29300,34697,37330,35226,33488,33072,37260,33664,31975,31017,46253,51520,25116,35988,38201
32144,32532,33182,32908,29801,34697,37330,35226,33488,33072,37260,33664,31975,31017,46253,51520,25116,35988,38201
32211,32553,33016,32603,33138,34697,37330,35226,33488,33072,37260,33664,31975,31017,46253,51520,25116,35988,38201
32477,32430,33344,32654,34279,34548,37504,35948,33448,33020,37344,33144,32048,30265,38088,42948,23708,39360,32708
32624,32516,33225,32661,33468,34548,37504,35948,33448,33020,37344,33144,32048,30265,38088,42948,23708,39360,32708
32732,32539,33099,32918,28776,34548,37504,35948,33448,33020,37344,33144,32048,30265,38088,42948,23708,39360,32708
32949,32687,33120,32704,34918,34548,37504,35948,33448,33020,37344,33144,32048,30265,38088,42948,23708,39360,32708
32934,32870,32812,32717,30280,34548,37504,35948,33448,33020,37344,33144,32048,30265,38088,42948,23708,39360,32708
32358,32775,33027,32684,31532,34548,37504,35948,33448,33020,37344,33144,32048,30265,38088,42948,23708,39360,32708
31456,32646,32764,32784,34823,34548,37504,35948,33448,33020,37344,33144,32048,30265,38088,42948,23708,39360,32708
31144,32711,33054,32797,33117,34548,37504,35948,33448,33020,37344,33144,32048,30265,38088,42948,23708,39360,32708
31374,32771,32730,32844,36154,34548,37504,35948,33448,33020,37344,33144,32048,30265,38088,42948,23708,39360,32708
31800,32916,32630,32723,29156,34548,37504,35948,33448,33020,37344,33144,32048,30265,38088,42948,23708,39360,32708
31864,32801,32768,32762,35144,34550,37792,34988,33516,32816,37392,32752,32128,29058,33488,39261,25785,35620,32920
31838,32885,32583,32846,33056,34550,37792,34988,33516,32816,37392,32752,32128,29058,33488,39261,25785,35620,32920
32112,32914,32754,32841,34376,34550,37792,34988,33516,32816,37392,32752,32128,29058,33488,39261,25785,35620,32920
32509,32948,32550,32773,33354,34550,37792,34988,33516,32816,37392,32752,32128,29058,33488,39261,25785,35620,32920
32678,32946,32790,32836,34540,34550,37792,34988,33516,32816,37392,32752,32128,29058,33488,39261,25785,35620,32920
32698,32991,32755,32708,37088,34550,37792,34988,33516,32816,37392,32752,32128,29058,33488,39261,25785,35620,32920
33104,33071,32767,32712,30990,34550,37792,34988,33516,32816,37392,32752,32128,29058,33488,39261,25785,35620,32920
33688,33076,33016,32806,31948,34550,37792,34988,33516,32816,37392,32752,32128,29058,33488,39261,25785,35620,32920
33809,32972,32956,32666,31397,34550,37792,34988,33516,32816,37392,32752,32128,29058,33488,39261,25785,35620,32920
33518,32956,33103,32595,33516,34550,37792,34988,33516,32816,37392,32752,32128,29058,33488,39261,25785,35620,32920
33117,32962,32946,32755,32817,34424,38017,33672,33378,32654,37512,32572,32168,28170,29207,35597,25190,39972,32325
32954,32799,32560,33065,32245,34424,38017,33672,33378,32654,37512,32572,32168,28170,29207,35597,25190,39972,32325
32897,32503,31895,33208,37462,34424,38017,33672,33378,32654,37512,32572,32168,28170,29207,35597,25190,39972,32325
32846,32613,32073,33063,34588,34424,38017,33672,33378,32654,37512,32572,32168,28170,29207,35597,25190,39972,32325
32434,32775,33106,32356,33221,34424,38017,33672,33378,32654,37512,32572,32168,28170,29207,35597,25190,39972,32325
32858,32746,33157,32358,31608,34424,38017,33672,33378,32654,37512,32572,32168,28170,29207,35597,25190,39972,32325
33049,32701,32848,32455,33147,34424,38017,33672,33378,32654,37512,32572,32168,28170,29207,35597,25190,39972,32325
33317,32662,32648,32408,31986,34424,38017,33672,33378,32654,37512,32572,32168,28170,29207,35597,25190,39972,32325
33477,32530,32920,32775,32237,34424,38017,33672,33378,32654,37512,32572,32168,28170,29207,35597,25190,39972,32325
33593,32516,34319,32927,34918,34424,38017,33672,33378,32654,37512,32572,32168,28170,29207,35597,25190,39972,32325
33562,32557,33311,33068,32558,34352,38072,32548,33376,32536,37576,32512,32202,27464,26981,34878,27372,37164,29888
33334,32557,33015,32827,31716,34352,38072,32548,33376,32536,37576,32512,32202,27464,26981,34878,27372,37164,29888
32957,32602,32616,32852,33195,34352,38072,32548,33376,32536,37576,32512,32202,27464,26981,34878,27372,37164,29888
32477,32775,32729,32882,31089,34352,38072,32548,33376,32536,37576,32512,32202,27464,26981,34878,27372,37164,29888
32178,32868,32579,32773,32985,34352,38072,32548,33376,32536,37576,32512,32202,27464,26981,34878,27372,37164,29888
32048,32864,32955,32697,32276,34352,38072,32548,33376,32536,37576,32512,32202,27464,26981,34878,27372,37164,29888
32092,32807,31972,32747,33071,34352,38072,32548,33376,32536,37576,32512,32202,27464,26981,34878,27372,37164,29888
32436,32624,33095,33081,31561,34352,38072,32548,33376,32536,37576,32512,32202,27464,26981,34878,27372,37164,29888
32545,32637,32881,33134,33431,34352,38072,32548,33376,32536,37576,32512,32202,27464,26981,34878,27372,37164,29888
32520,32685,32834,33060,33744,34352,38072,32548,33376,32536,37576,32512,32202,27464,26981,34878,27372,37164,29888
32642,32706,32357,33332,31709,33700,37592,32320,33514,32482,37608,32688,32100,26852,26404,33712,23985,40068,30760
32869,32548,32474,33472,35282,33700,37592,32320,33514,32482,37608,32688,32100,26852,26404,33712,23985,40068,30760
33010,32499,32667,32902,33433,33700,37592,32320,33514,32482,37608,32688,32100,26852,26404,33712,23985,40068,30760
33124,32599,32871,32784,34055,33700,37592,32320,33514,32482,37608,32688,32100,26852,26404,33712,23985,40068,30760
33162,32649,32556,31981,31802,33700,37592,32320,33514,32482,37608,32688,32100,26852,26404,33712,23985,40068,30760
33049,32715,32775,31406,35318,33700,37592,32320,33514,32482,37608,32688,32100,26852,26404,33712,23985,40068,30760
32829,32468,32951,32993,34168,33700,37592,32320,33514,32482,37608,32688,32100,26852,26404,33712,23985,40068,30760
32786,32648,33183,33447,30093,33700,37592,32320,33514,32482,37608,32688,32100,26852,26404,33712,23985,40068,30760
32793,32816,32622,33501,32618,33700,37592,32320,33514,32482,37608,32688,32100,26852,26404,33712,23985,40068,30760
32808,33008,32555,33014,29021,33700,37592,32320,33514,32482,37608,32688,32100,26852,26404,33712,23985,40068,30760
32872,32903,32428,32348,32996,33372,37312,32820,33568,32488,37460,33082,32164,26984,32412,39864,26388,37012,34052
32804,32768,32770,31877,32794,33372,37312,32820,33568,32488,37460,33082,32164,26984,32412,39864,26388,37012,34052
32837,32754,32800,31949,31115,33372,37312,32820,33568,32488,37460,33082,32164,26984,32412,39864,26388,37012,34052
32878,32795,33112,32417,34601,33372,37312,32820,33568,32488,37460,33082,32164,26984,32412,39864,26388,37012,34052
32837,32704,32887,33073,32677,33372,37312,32820,33568,32488,37460,33082,32164,26984,32412,39864,26388,37012,34052
32858,32775,33081,33328,34605,33372,37312,32820,33568,32488,37460,33082,32164,26984,32412,39864,26388,37012,34052
32796,32958,32761,33276,31890,33372,37312,32820,33568,32488,37460,33082,32164,26984,32412,39864,26388,37012,34052
32775,32968,32832,33041,33160,33372,37312,32820,33568,32488,37460,33082,32164,26984,32412,39864,26388,37012,34052
32619,33100,32620,32729,30718,33372,37312,32820,33568,32488,37460,33082,32164,26984,32412,39864,26388,37012,34052
32533,32918,32613,32476,34051,33372,37312,32820,33568,32488,37460,33082,32164,26984,32412,39864,26388,37012,34052
32514,32775,32632,32390,35368,33510,37136,34032,33540,32626,37292,33368,32260,27732,33602,39924,25694,36661,31784
32636,32863,32549,32578,33120,33510,37136,34032,33540,32626,37292,33368,32260,27732,33602,39924,25694,36661,31784
32673,32890,32551,32928,32754,33510,37136,34032,33540,32626,37292,33368,32260,27732,33602,39924,25694,36661,31784
32792,32650,32846,33152,34628,33510,37136,34032,33540,32626,37292,33368,32260,27732,33602,39924,25694,36661,31784
32809,32644,32650,33132,34774,33510,37136,34032,33540,32626,37292,33368,32260,27732,33602,39924,25694,36661,31784
32778,32731,32903,32936,31835,33510,37136,34032,33540,32626,37292,33368,32260,27732,33602,39924,25694,36661,31784
32690,32853,32625,32740,32198,33510,37136,34032,33540,32626,37292,33368,32260,27732,33602,39924,25694,36661,31784
32653,32761,32768,32639,35591,33510,37136,34032,33540,32626,37292,33368,32260,27732,33602,39924,25694,36661,31784
32588,32621,32861,32830,31216,33510,37136,34032,33540,32626,37292,33368,32260,27732,33602,39924,25694,36661,31784
32640,32775,32578,32703,30750,33510,37136,34032,33540,32626,37292,33368,32260,27732,33602,39924,25694,36661,31784
32731,32869,32858,32828,32992,33561,36904,34828,33448,32864,37174,33700,32132,29312,33812,35392,28224,38797,33164
32778,32945,32543,32882,32366,33561,36904,34828,33448,32864,37174,33700,32132,29312,33812,35392,28224,38797,33164
32868,32854,32772,32964,31439,33561,36904,34828,33448,32864,37174,33700,32132,29312,33812,35392,28224,38797,33164
32982,32957,32592,32954,32855,33561,36904,34828,33448,32864,37174,33700,32132,29312,33812,35392,28224,38797,33164
32952,32960,32802,32796,33953,33561,36904,34828,33448,32864,37174,33700,32132,29312,33812,35392,28224,38797,33164
33044,33003,32553,32850,34160,33561,36904,34828,33448,32864,37174,33700,32132,29312,33812,35392,28224,38797,33164
32987,33007,32804,32848,32704,33561,36904,34828,33448,32864,37174,33700,32132,29312,33812,35392,28224,38797,33164
32908,32928,32511,32620,31714,33561,36904,34828,33448,32864,37174,33700,32132,29312,33812,35392,28224,38797,33164
32764,32842,32702,32592,30816,33561,36904,34828,33448,32864,37174,33700,32132,29312,33812,35392,28224,38797,33164
32581,32798,32729,32745,33656,33561,36904,34828,33448,32864,37174,33700,32132,29312,33812,35392,28224,38797,33164
32416,32817,32569,32847,34440,33900,36904,35289,33514,32920,37170,33868,32148,28727,32553,39962,28016,37432,30508
32293,32800,32831,32904,29863,33900,36904,35289,33514,32920,37170,33868,32148,28727,32553,39962,28016,37432,30508
32124,32775,32771,32841,32592,33900,36904,35289,33514,32920,37170,33868,32148,28727,32553,39962,28016,37432,30508
32136,32847,32963,32921,35335,33900,36904,35289,33514,32920,37170,33868,32148,28727,32553,39962,28016,37432,30508
32255,32790,32844,32878,35542,33900,36904,35289,33514,32920,37170,33868,32148,28727,32553,39962,28016,37432,30508
32452,32869,32928,32805,28196,33900,36904,35289,33514,32920,37170,33868,32148,28727,32553,39962,28016,37432,30508
32742,32706,32840,32798,34335,33900,36904,35289,33514,32920,37170,33868,32148,28727,32553,39962,28016,37432,30508
32860,32638,33097,33010,32248,33900,36904,35289,33514,32920,37170,33868,32148,28727,32553,39962,28016,37432,30508
32977,32774,32870,32884,32884,33900,36904,35289,33514,32920,37170,33868,32148,28727,32553,39962,28016,37432,30508
33014,32748,33129,32788,33245,33900,36904,35289,33514,32920,37170,33868,32148,28727,32553,39962,28016,37432,30508
33252,32836,33045,32826,31627,33888,37036,35468,33504,32872,37382,34080,32320,29680,30542,36784,27792,36948,30728
33453,32855,33172,32839,33065,33888,37036,35468,33504,32872,37382,34080,32320,29680,30542,36784,27792,36948,30728
33146,32902,32895,32722,34206,33888,37036,35468,33504,32872,37382,34080,32320,29680,30542,36784,27792,36948,30728
33013,32874,32969,32863,32501,33888,37036,35468,33504,32872,37382,34080,32320,29680,30542,36784,27792,36948,30728
32964,32905,32946,32788,29668,33888,37036,35468,33504,32872,37382,34080,32320,29680,30542,36784,27792,36948,30728
32902,32956,32817,32828,34372,33888,37036,35468,33504,32872,37382,34080,32320,29680,30542,36784,27792,36948,30728
32896,32921,33008,32754,37420,33888,37036,35468,33504,32872,37382,34080,32320,29680,30542,36784,27792,36948,30728
33196,32841,32703,32660,29300,33888,37036,35468,33504,32872,37382,34080,32320,29680,30542,36784,27792,36948,30728
33429,32770,32774,32733,31714,33888,37036,35468,33504,32872,37382,34080,32320,29680,30542,36784,27792,36948,30728
33513,32711,32624,32750,34247,33888,37036,35468,33504,32872,37382,34080,32320,29680,30542,36784,27792,36948,30728
33440,32708,32770,32797,36255,34040,37040,35552,33402,32732,37498,34088,32168,30356,30069,34428,27993,36180,28232
33313,32772,32720,32780,28878,34040,37040,35552,33402,32732,37498,34088,32168,30356,30069,34428,27993,36180,28232
32855,32854,32833,32955,32364,34040,37040,35552,33402,32732,37498,34088,32168,30356,30069,34428,27993,36180,28232
32694,32780,33046,32989,36927,34040,37040,35552,33402,32732,37498,34088,32168,30356,30069,34428,27993,36180,28232
32600,32627,32871,32829,34599,34040,37040,35552,33402,32732,37498,34088,32168,30356,30069,34428,27993,36180,28232
32573,32760,33098,32920,30493,34040,37040,35552,33402,32732,37498,34088,32168,30356,30069,34428,27993,36180,28232
32304,32757,32696,32877,30628,34040,37040,35552,33402,32732,37498,34088,32168,30356,30069,34428,27993,36180,28232
31926,32866,32933,32726,34951,34040,37040,35552,33402,32732,37498,34088,32168,30356,30069,34428,27993,36180,28232
32002,32810,32731,32809,34893,34040,37040,35552,33402,32732,37498,34088,32168,30356,30069,34428,27993,36180,28232
32072,32662,33004,32820,30472,34040,37040,35552,33402,32732,37498,34088,32168,30356,30069,34428,27993,36180,28232
32052,32472,32755,32878,30996,34230,37100,35288,33448,32856,37490,34160,32186,30163,29688,34068,28167,35352,28976
32128,32434,33015,32815,34381,34230,37100,35288,33448,32856,37490,34160,32186,30163,29688,34068,28167,35352,28976
32295,32676,32754,32582,36292,34230,37100,35288,33448,32856,37490,34160,32186,30163,29688,34068,28167,35352,28976
32463,32735,32897,32808,30440,34230,37100,35288,33448,32856,37490,34160,32186,30163,29688,34068,28167,35352,28976
32656,32603,32772,32908,32502,34230,37100,35288,33448,32856,37490,34160,32186,30163,29688,34068,28167,35352,28976
32760,32647,32748,33048,33141,34230,37100,35288,33448,32856,37490,34160,32186,30163,29688,34068,28167,35352,28976
32802,32798,32950,32948,34886,34230,37100,35288,33448,32856,37490,34160,32186,30163,29688,34068,28167,35352,28976
32762,32735,32809,32831,31816,34230,37100,35288,33448,32856,37490,34160,32186,30163,29688,34068,28167,35352,28976
32724,32672,32845,32714,29986,34230,37100,35288,33448,32856,37490,34160,32186,30163,29688,34068,28167,35352,28976
32839,32696,32942,32687,33554,34230,37100,35288,33448,32856,37490,34160,32186,30163,29688,34068,28167,35352,28976
32859,32727,32710,32692,33165,34460,36804,34996,33448,32988,37384,34124,32156,29625,28368,31687,25937,34140,28588
33008,32782,32871,32792,31942,34460,36804,34996,33448,32988,37384,34124,32156,29625,28368,31687,25937,34140,28588
33081,32696,32566,32722,35581,34460,36804,34996,33448,32988,37384,34124,32156,29625,28368,31687,25937,34140,28588
33096,32757,32911,32718,28415,34460,36804,34996,33448,32988,37384,34124,32156,29625,28368,31687,25937,34140,28588
32959,32796,32550,32808,30209,34460,36804,34996,33448,32988,37384,34124,32156,29625,28368,31687,25937,34140,28588
32969,32799,32785,32674,34151,34460,36804,34996,33448,32988,37384,34124,32156,29625,28368,31687,25937,34140,28588
33024,32878,32590,32660,40871,34460,36804,34996,33448,32988,37384,34124,32156,29625,28368,31687,25937,34140,28588
33010,32855,32873,32690,28216,34460,36804,34996,33448,32988,37384,34124,32156,29625,28368,31687,25937,34140,28588
32984,32742,32692,32830,36587,34460,36804,34996,33448,32988,37384,34124,32156,29625,28368,31687,25937,34140,28588
